2.0833323001861572 4.219426500640111e-06 2.926097295130603e-05 [ 0.03155602  0.02366621  0.05288597  0.07051222  0.05288235  0.10763462
  0.14350786  0.10762717  0.04710754  0.06280792  0.04710434  0.02366782] {'loss': [0.10802914947271347, 0.11373161524534225]}  
2.0833323001861572 4.219426500640111e-06 3.0259598133852705e-05 [ 0.03155602  0.02366619  0.05288605  0.07051222  0.05288229  0.10763472
  0.14350786  0.10762706  0.04710759  0.06280792  0.04710428  0.02366786] {'loss': [0.1017019972205162, 0.094325900077819824]}  
2.0833323001861572 4.219426500640111e-06 0.11669795960187912 [ 0.03118692  0.02460613  0.05903744  0.06968743  0.05007888  0.1201542
  0.14182925  0.09342899  0.05258689  0.06207326  0.04089033  0.02642077] {'loss': [0.11864271014928818, 0.096762180328369141]}  
2.7259068489074707 0.27761831879615784 0.5666983723640442 [ 0.02041029  0.05147789  0.06596148  0.0515894   0.14326522  0.1835736
  0.13220633  0.05218576  0.06686851  0.04815747  0.02211757  0.02834048] {'loss': [0.086410798132419586, 0.07653336226940155]}  
3.3711678981781006 0.9026466012001038 0.8583635091781616 [ 0.03249279  0.05473628  0.05061122  0.14221899  0.23957754  0.22152226
  0.10610861  0.07621888  0.07047483  0.03375729  0.02460039  0.02274645] {'loss': [0.068657450377941132, 0.059416830539703369]}  
3.9510371685028076 1.5916391611099243 0.9583629965782166 [ 0.03208427  0.04803322  0.05813193  0.22482571  0.33658552  0.28165163
  0.11495778  0.09584725  0.0802041   0.0327358   0.02306413  0.01929985] {'loss': [0.066129997372627258, 0.075554817914962769]}  
4.284761905670166 2.422071695327759 1.4083596467971802 [ 0.03959743  0.05023183  0.24841998  0.40852528  0.37044247  0.17225422
  0.12353013  0.11201469  0.05208643  0.02145805  0.01945773  0.02407877] {'loss': [0.061297755688428879, 0.05585169792175293]}  
4.225255012512207 3.3119864463806152 1.8583582639694214 [ 0.03171304  0.21149754  0.38482192  0.37769894  0.19725137  0.16929923
  0.16616557  0.0867792   0.02094152  0.02055391  0.01775813  0.03231111] {'loss': [0.038331739604473114, 0.04192085936665535]}  
3.8185811042785645 4.109967231750488 2.1083567142486572 [ 0.08429804  0.24499424  0.32145524  0.23722002  0.19902749  0.26114266
  0.19271202  0.06216614  0.02362391  0.01743343  0.02265607  0.02972688] {'loss': [0.056729350239038467, 0.033901508897542953]}  
3.240241765975952 4.786235809326172 2.4916906356811523 [ 0.14919193  0.23410773  0.20411723  0.24076784  0.37780617  0.32940726
  0.14397035  0.02537335  0.0221229   0.01657861  0.02601466  0.03428586] {'loss': [0.044836480170488358, 0.063933439552783966]}  
2.447941541671753 5.205273151397705 2.758357286453247 [ 0.14326544  0.16478276  0.19047776  0.4378332   0.50359229  0.32199607
  0.07464086  0.02894032  0.0185044   0.02112686  0.02429995  0.0623272 ] {'loss': [0.020858658477663994, 0.021397970616817474]}  
1.5782161951065063 5.431427001953125 2.908358097076416 [ 0.11443342  0.11098198  0.32247536  0.57752231  0.560104    0.28763847
  0.03259168  0.03156418  0.01620962  0.02257187  0.02189108  0.06389707] {'loss': [0.022510601207613945, 0.010931428521871567]}  
0.702583372592926 5.639429092407227 2.908358097076416 [ 0.08619404  0.08359435  0.38202138  0.68416348  0.66352857  0.34075155
  0.03860983  0.03738829  0.01920057  0.02186397  0.02120453  0.04812886] {'loss': [0.028690727427601814, 0.0064014829695224762]}  
-0.17307975888252258 5.8470258712768555 2.916691303253174 [ 0.06725063  0.07129462  0.45972238  0.82331846  0.7984865   0.41005879
  0.04646288  0.04498668  0.02310268  0.02118885  0.02054978  0.03755127] {'loss': [0.017093569040298462, 0.018495228141546249]}  
-1.0638684034347534 5.972750186920166 3.008358955383301 [ 0.05577315  0.14275698  0.61830421  0.96849149  0.84313216  0.36758493
  0.05923706  0.05156954  0.02248307  0.02156733  0.01877569  0.0356067 ] {'loss': [0.034483861178159714, 0.042678013443946838]}  
-1.962817907333374 5.9738922119140625 -3.1164920330047607 [ 0.04629539  0.27062802  0.76739936  0.99417002  0.72416814  0.22739655
  0.07613834  0.05546031  0.01741514  0.02191157  0.01596071  0.03573544] {'loss': [0.036704953759908676, 0.067885704338550568]}  
-2.8625338077545166 5.951310157775879 -3.1164910793304443 [ 0.03848258  0.26463492  0.75040354  0.97215025  0.70812807  0.22235959
  0.09925741  0.07230052  0.02270309  0.02198502  0.0160142   0.02970474] {'loss': [0.028885416686534882, 0.036663942039012909]}  
-3.7300667762756348 5.734785079956055 -2.6998238563537598 [ 0.14779525  0.54667031  0.80315157  0.66075822  0.26188355  0.13252856
  0.10903216  0.04321358  0.02250264  0.01851307  0.02209784  0.03246546] {'loss': [0.041712481528520584, 0.029949439689517021]}  
-4.525069713592529 5.313668251037598 -2.50815749168396 [ 0.19696239  0.47864731  0.56927488  0.37821838  0.15215568  0.18096513
  0.12023064  0.03068674  0.02388255  0.01586723  0.02366097  0.02814096] {'loss': [0.045664850622415543, 0.041166540235280991]}  
-5.10556173324585 4.631022930145264 -2.0581583976745605 [ 0.283322    0.36587602  0.2656346   0.1854243   0.239453    0.17384858
  0.05421527  0.02682289  0.01947405  0.01995925  0.02577495  0.10052645] {'loss': [0.04861392080783844, 0.028917104005813599]}  
-5.448492527008057 3.798556327819824 -1.9498240947723389 [ 0.20187716  0.22904649  0.14412     0.24691761  0.28014839  0.17627421
  0.03916889  0.03026301  0.01904199  0.02107481  0.02391112  0.08978133] {'loss': [0.027899535372853279, 0.02326137013733387]}  
-5.7447357177734375 2.9495577812194824 -1.7998231649398804 [ 0.15284438  0.14756682  0.18026743  0.32093157  0.30985002  0.15810454
  0.03421519  0.03303376  0.01685585  0.0221073   0.02134395  0.08585284] {'loss': [0.0088248252868652344, 0.033437743782997131]}  
-5.932684421539307 2.0696165561676025 -1.674822449684143 [ 0.11497891  0.09783561  0.24566245  0.37479108  0.31890979  0.13390021
  0.04240433  0.03608186  0.01514962  0.02235583  0.01902258  0.07536469] {'loss': [0.022436298429965973, 0.041808817535638809]}  
-5.897996425628662 1.1714401245117188 -1.4998232126235962 [ 0.08711605  0.11701639  0.30160779  0.37105824  0.25591697  0.07132574
  0.05194548  0.03582656  0.01838974  0.02262428  0.02747282  0.0708107 ] {'loss': [0.014606345444917679, 0.016445409506559372]}  
-6.009964466094971 0.2868841290473938 -1.9164890050888062 [ 0.06091806  0.06606772  0.16836436  0.35297613  0.38281444  0.22804125
  0.05756926  0.06243581  0.03719278  0.01995019  0.02163665  0.02905702] {'loss': [0.013877860270440578, 0.02625110000371933]}  
-6.25514554977417 -0.5751473903656006 -1.6498221158981323 [ 0.05486859  0.08358435  0.31410382  0.46460265  0.38458223  0.15406269
  0.08086169  0.0669345   0.0268138   0.02141378  0.01772559  0.03709497] {'loss': [0.018832186236977577, 0.019593570381402969]}  
-6.121789455413818 -1.456543207168579 -1.208155632019043 [ 0.05440506  0.2594621   0.42121806  0.3779171   0.17286003  0.10398619
  0.09329645  0.04267397  0.02139545  0.019196    0.02722575  0.04419905] {'loss': [0.015073505230247974, 0.027043046429753304]}  
-5.802525043487549 -2.2980103492736816 -1.208155632019043 [ 0.04456006  0.21251067  0.34499598  0.3095304   0.14157985  0.13976779
  0.12539979  0.05735808  0.02244477  0.02013745  0.02293171  0.03722799] {'loss': [0.015972169116139412, 0.035822205245494843]}  
-5.447786808013916 -3.232978343963623 -1.208155632019043 [ 0.03645805  0.17387143  0.28226801  0.25325087  0.12712704  0.2063816
  0.18516562  0.08469507  0.02370384  0.02126709  0.01925238  0.03125486] {'loss': [0.025083074346184731, 0.020866923034191132]}  
-5.016800880432129 -4.129384517669678 -0.9914876818656921 [ 0.06993123  0.18587785  0.23261667  0.16340871  0.26860438  0.33614442
  0.23613522  0.06858559  0.02594281  0.01822434  0.02187933  0.02738085] {'loss': [0.042712446302175522, 0.048057541251182556]}  
-4.336814880371094 -4.845096111297607 -0.5748186707496643 [ 0.12043215  0.17222973  0.13821849  0.37842276  0.541181    0.43431089
  0.16468225  0.02898046  0.02325751  0.0170157   0.0243341   0.03462345] {'loss': [0.022358501330018044, 0.028418781235814095]}  
-3.4550259113311768 -5.31512451171875 -0.48315173387527466 [ 0.09685431  0.12330951  0.22786865  0.62520422  0.79597461  0.56941017
  0.17207448  0.03393914  0.02427876  0.01780662  0.02267039  0.03530052] {'loss': [0.035143990069627762, 0.027801647782325745]}  
-2.5672786235809326 -5.7740888595581055 -0.4164849817752838 [ 0.07674675  0.0915525   0.43006207  1.          1.          0.83536803
  0.21496053  0.03992553  0.02661552  0.01760339  0.02099938  0.03142008] {'loss': [0.063560701906681061, 0.086018197238445282]}  
-1.607335090637207 -6.027167797088623 -0.04981791228055954 [ 0.07021844  0.35475356  1.          1.          1.          0.53172903
  0.0491783   0.03940481  0.01489899  0.02032457  0.01628535  0.04918311] {'loss': [0.09366326779127121, 0.077690668404102325]}  
-0.6235895156860352 -5.868203639984131 0.23351608216762543 [ 0.07848097  0.69140585  1.          1.          0.77426862  0.11991219
  0.05887576  0.03286177  0.01911856  0.01970716  0.02599806  0.05060298] {'loss': [0.086405627429485321, 0.076332725584506989]}  
0.35055428743362427 -5.644282817840576 0.15851609408855438 [ 0.04316207  0.45924782  0.99412553  1.          0.67296399  0.13808622
  0.07836671  0.04790075  0.01889817  0.02092952  0.01800396  0.03897287] {'loss': [0.063933014869689941, 0.080903448164463043]}  
1.4288493394851685 -5.783995628356934 -0.39148297905921936 [ 0.03077892  0.03507825  0.48669171  1.          1.          0.79462192
  0.17907481  0.11022186  0.0697217   0.01821262  0.02075664  0.01359037] {'loss': [0.069322742521762848, 0.085293613374233246]}  
2.435670852661133 -6.210031986236572 -0.1914827823638916 [ 0.02866221  0.22846005  1.          1.          1.          0.98896237
  0.15619495  0.14614216  0.07124774  0.01910719  0.01787744  0.01676359] {'loss': [0.11622241139411926, 0.10842482000589371]}  
3.430297374725342 -6.273839473724365 0.10851867496967316 [ 0.02550611  0.86991789  1.          1.          1.          0.43043278
  0.25180206  0.167567    0.04293818  0.019475    0.01296006  0.02103346] {'loss': [0.13024736940860748, 0.13882097601890564]}  
4.435876846313477 -5.8548431396484375 0.6585195064544678 [ 0.5407699   1.          1.          0.93500716  0.39002086  0.45127339
  0.29054413  0.06856207  0.02047347  0.01318147  0.01843412  0.02352243] {'loss': [0.13193203508853912, 0.12147346884012222]}  
5.078527927398682 -4.973841667175293 1.2085180282592773 [ 0.55110348  0.6195803   0.38563237  0.65910978  0.74100681  0.46120941
  0.09951478  0.02311555  0.01438734  0.01713368  0.01926262  0.24867859] {'loss': [0.04362792894244194, 0.041990514844655991]}  
5.507912635803223 -3.963628053665161 1.1168510913848877 [ 0.26027605  0.3206804   0.3576969   0.92437779  1.          0.78675242
  0.22007153  0.02769429  0.01913114  0.01501519  0.01849989  0.10071627] {'loss': [0.042870908975601196, 0.041054911911487579]}  
5.9418792724609375 -3.06231689453125 1.1835172176361084 [ 0.17408905  0.201122    0.71573816  1.          1.          1.          0.2890211
  0.03199949  0.0205658   0.01492873  0.01724691  0.07519346] {'loss': [0.083484776318073273, 0.072225086390972137]}  
6.156381130218506 -1.9855023622512817 1.4251827001571655 [ 0.12959784  0.37131293  1.          1.          1.          1.
  0.05739846  0.03444634  0.01534715  0.01666896  0.01803047  0.08143578] {'loss': [0.10183054953813553, 0.067279092967510223]}  
6.242925643920898 -0.8930550217628479 1.691849708557129 [ 0.09096595  1.          1.          1.          1.          0.51235477
  0.04960243  0.03249799  0.01413476  0.01660495  0.03253353  0.07743369] {'loss': [0.097081154584884644, 0.099172927439212799]}  
5.8197245597839355 0.1037401333451271 2.2418458461761475 [ 0.65324101  1.          1.          1.          0.24277154  0.06260938
  0.03967174  0.01524475  0.01739943  0.02624019  0.05956647  0.06798545] {'loss': [0.15029604732990265, 0.15170744061470032]}  
5.029265403747559 0.6925483345985413 2.7418460845947266 [ 0.63545201  0.74421405  0.48587952  0.11878262  0.07391629  0.04825817
  0.01663042  0.01947684  0.02114073  0.05006023  0.05862841  0.26835514] {'loss': [0.10116225481033325, 0.12120585888624191]}  
3.954509973526001 0.9023856520652771 3.075181007385254 [ 0.34919421  0.28503113  0.11141293  0.07932411  0.06474861  0.02530895
  0.02295685  0.01873861  0.03842036  0.05596144  0.06612146  0.23973955] {'loss': [0.045209560543298721, 0.083134062588214874]}  
3.057814121246338 0.8360125422477722 -3.04133677482605 [ 0.2169983   0.14439357  0.0652328   0.07769084  0.05169654  0.02209796
  0.02631818  0.0194713   0.04742887  0.05648672  0.07480062  0.18220192] {'loss': [0.040248673409223557, 0.032058097422122955]}  
2.5603251457214355 0.7876360416412354 -3.041335344314575 [ 0.17169302  0.11424655  0.06426823  0.07654192  0.05093194  0.02414158
  0.02875205  0.01972205  0.04803954  0.05721391  0.05918387  0.14416167] {'loss': [0.08209516853094101, 0.020523825660347939]}  
2.5603251457214355 0.7876360416412354 -3.0413339138031006 [ 0.17169294  0.11424634  0.06426831  0.0765419   0.05093182  0.02414162
  0.02875204  0.01972214  0.04803959  0.05721389  0.05918408  0.14416183] {'loss': [0.043104078620672226, 0.024969851598143578]}  
2.5603251457214355 0.7876360416412354 -3.0413331985473633 [ 0.17169291  0.11424624  0.06426835  0.07654189  0.05093177  0.02414163
  0.02875203  0.01972218  0.04803962  0.05721389  0.0591842   0.14416194] {'loss': [0.013901486992835999, 0.032394085079431534]}  
2.5603251457214355 0.7876360416412354 -3.041332960128784 [ 0.1716929   0.1142462   0.06426837  0.07654188  0.05093175  0.02414164
  0.02875204  0.01972219  0.04803962  0.05721388  0.05918425  0.14416196] {'loss': [0.016419569030404091, 0.014943972229957581]}  
2.5603251457214355 0.7876360416412354 -3.041332960128784 [ 0.1716929   0.1142462   0.06426837  0.07654188  0.05093175  0.02414164
  0.02875204  0.01972219  0.04803962  0.05721388  0.05918425  0.14416196] {'loss': [0.039142392575740814, 0.051727518439292908]}  
2.5603251457214355 0.7876360416412354 -3.041332960128784 [ 0.1716929   0.1142462   0.06426837  0.07654188  0.05093175  0.02414164
  0.02875204  0.01972219  0.04803962  0.05721388  0.05918425  0.14416196] {'loss': [0.011601398698985577, 0.01710994727909565]}  
