0.6787856221199036 1.393476128578186 -3.0331807136535645 [[ 0.21438643  0.31745422  0.45855939  0.51285857  0.49059781  0.39872944
   0.23696685  0.28481647  0.31452724  0.36117381  0.29250774  0.22429439]] 
0.11544565856456757 1.3303613662719727 -3.0331804752349854 [[ 0.21444315  0.31831694  0.45700258  0.51387972  0.49030375  0.40297419
   0.24422076  0.2902438   0.31429574  0.36303094  0.29051045  0.223207  ]] 
-0.4810318052768707 1.2654433250427246 -3.0331804752349854 [[ 0.21752293  0.31868845  0.45327151  0.5072366   0.48967534  0.4019911
   0.25080672  0.30572283  0.32054991  0.36862099  0.29303443  0.22563568]] 
-1.0775097608566284 1.2005252838134766 -3.0331804752349854 [[ 0.21831717  0.31908676  0.45228815  0.49952811  0.48032916  0.40114063
   0.26508382  0.31580448  0.32277504  0.37232527  0.29466006  0.22967362]] 
-1.6724416017532349 1.1231062412261963 -2.9331798553466797 [[ 0.22038433  0.3139537   0.45903829  0.51148939  0.48925617  0.42648014
   0.27308321  0.31735423  0.31837094  0.36457729  0.29567051  0.23198254]] 
-2.255185604095459 0.9798734188079834 -2.8998465538024902 [[ 0.22223501  0.31841496  0.4719511   0.54038465  0.52182341  0.4655042
   0.28249541  0.30905497  0.30789015  0.37017533  0.31079426  0.234826  ]] 
-2.7406439781188965 0.8601735830307007 -2.8998465538024902 [[ 0.22300312  0.3203533   0.47559547  0.53993189  0.53121829  0.48965675
   0.3030704   0.31479311  0.30523458  0.36700457  0.30898294  0.23630175]] 
-3.2260985374450684 0.740473747253418 -2.8998465538024902 [[ 0.2242129   0.32862687  0.47653335  0.53890586  0.53662771  0.51170558
   0.33055481  0.33080426  0.30901179  0.36436164  0.31419218  0.2353462 ]] 
-3.8086485862731934 0.5968339443206787 -2.8998465538024902 [[ 0.22874993  0.33203334  0.47804835  0.5375976   0.54770184  0.54189849
   0.36567837  0.35432002  0.31201378  0.35848615  0.31537828  0.23354582]] 
-4.2944231033325195 0.4791642725467682 -2.9331798553466797 [[ 0.24384031  0.33236304  0.47755882  0.53110164  0.55095571  0.5779711
   0.41287297  0.39259326  0.3216379   0.36137038  0.31916985  0.23860368]] 
-4.889233112335205 0.40309053659439087 -3.024846076965332 [[ 0.28862756  0.34717399  0.46268106  0.50686961  0.53271478  0.60975951
   0.48871782  0.4500041   0.35073796  0.36144331  0.3327488   0.26635474]] 
-5.4851555824279785 0.3332018256187439 -3.024846076965332 [[ 0.29695311  0.34813973  0.45832145  0.50072974  0.5365327   0.63217503
   0.52872229  0.48124185  0.35841319  0.35927856  0.33532497  0.26633272]] 
-6.081078052520752 0.2633131146430969 -3.024846076965332 [[ 0.29912737  0.36005321  0.45365265  0.49091798  0.53978431  0.65203094
   0.56562191  0.51047188  0.37514508  0.3663905   0.34590438  0.27147269]] 
-6.677000522613525 0.19342440366744995 -3.024846076965332 [[ 0.30419359  0.37080741  0.45931482  0.49180815  0.54933858  0.67529809
   0.61344332  0.53611755  0.37776655  0.36538517  0.3485595   0.27042732]] 
-7.17360258102417 0.13518381118774414 -3.024846076965332 [[ 0.3054319   0.38081619  0.45851764  0.49155194  0.56112367  0.70792532
   0.64833051  0.55371249  0.37833381  0.35475749  0.34343427  0.26309291]] 
-7.6702046394348145 0.07694303244352341 -3.024846076965332 [[ 0.30640709  0.38607022  0.45739046  0.49797347  0.57688808  0.73220927
   0.68354887  0.57036716  0.37570456  0.34141925  0.33662346  0.25350046]] 
-8.168030738830566 0.03753379359841347 3.1333394050598145 [[ 0.31069201  0.38869116  0.45396751  0.48930284  0.5634799   0.7474342
   0.72385806  0.60703748  0.38352787  0.33896825  0.33110857  0.25709441]] 
-8.662880897521973 0.10508882254362106 2.9416732788085938 [[ 0.29285181  0.38051775  0.40596098  0.43435496  0.50454563  0.72575742
   0.76146048  0.67474598  0.42712456  0.36392072  0.32995945  0.25807863]] 
-9.144698143005371 0.2382911890745163 2.7666738033294678 [[ 0.27507561  0.37205943  0.38461855  0.38817999  0.46499926  0.71265417
   0.77365088  0.72921824  0.45542517  0.40167624  0.34396064  0.26316437]] 
-9.471240997314453 0.3977750837802887 2.6000070571899414 [[ 0.27437288  0.36602393  0.37316343  0.36417007  0.42701954  0.66835374
   0.74528617  0.72919542  0.49082807  0.4322947   0.37264758  0.28919548]] 
-9.65689754486084 0.5180573463439941 2.6000070571899414 [[ 0.27415571  0.36250639  0.37753528  0.36169004  0.42963943  0.67280966
   0.75149757  0.73531145  0.48925781  0.43326062  0.37383798  0.28906322]] 
-10.113898277282715 0.7843967080116272 2.6000070571899414 [[ 0.27043411  0.36198923  0.37424684  0.36317876  0.428361    0.69134611
   0.76228338  0.74215251  0.48028165  0.42470798  0.36837351  0.27911377]] 
-10.113898277282715 0.7843967080116272 2.6000070571899414 [[ 0.2706441   0.36288929  0.37451386  0.3627581   0.43172327  0.69290489
   0.7657277   0.74506176  0.48065227  0.42425469  0.36392879  0.27629742]] 
-10.113898277282715 0.7843967080116272 2.6000070571899414 [[ 0.2706441   0.36288929  0.37451386  0.3627581   0.43172327  0.69290489
   0.7657277   0.74506176  0.48065227  0.42425469  0.36392879  0.27629742]] 
-10.113898277282715 0.7843967080116272 2.6000070571899414 [[ 0.2706441   0.36288929  0.37451386  0.3627581   0.43172327  0.69290489
   0.7657277   0.74506176  0.48065227  0.42425469  0.36392879  0.27629742]] 
-10.113898277282715 0.7843967080116272 2.5916736125946045 [[ 0.2706441   0.36288929  0.37451386  0.3627581   0.43172327  0.69290489
   0.7657277   0.74506176  0.48065227  0.42425469  0.36392879  0.27629742]] 
-10.4810209274292 1.1093685626983643 2.400007486343384 [[ 0.28747886  0.3645542   0.38234594  0.37092915  0.41707361  0.64980668
   0.71836871  0.71567035  0.48693183  0.4437584   0.38370651  0.30161509]] 
-10.898177146911621 1.541132926940918 2.2166738510131836 [[ 0.29914492  0.37209481  0.38756433  0.38010082  0.41652796  0.62045366
   0.67956698  0.68854648  0.48475015  0.45162556  0.39099324  0.32027441]] 
-11.214489936828613 2.0515737533569336 2.1083409786224365 [[ 0.30590254  0.37258852  0.39296463  0.38447505  0.40503085  0.56270313
   0.62392157  0.6543898   0.4907504   0.46805939  0.40266472  0.34603882]] 
-11.505057334899902 2.5769286155700684 1.9750064611434937 [[ 0.30896121  0.36879903  0.39763165  0.38919067  0.40189084  0.52798212
   0.58558786  0.62877715  0.49497494  0.47444889  0.40387779  0.35275763]] 
-11.629437446594238 2.975766897201538 1.6750038862228394 [[ 0.31330428  0.38157117  0.4249047   0.43160409  0.42610079  0.50130963
   0.50687641  0.55203354  0.47784013  0.46543354  0.40829703  0.3516255 ]] 
-11.615168571472168 3.5251646041870117 1.5166711807250977 [[ 0.31746465  0.39644915  0.46508443  0.5052132   0.50099605  0.52963305
   0.47353575  0.47335312  0.42968875  0.42839852  0.38524902  0.33335483]] 
-11.582724571228027 4.124286651611328 1.5166711807250977 [[ 0.31151733  0.38153994  0.45781258  0.49732736  0.4826079   0.50155896
   0.43886301  0.46661183  0.42561081  0.43866211  0.38220134  0.33195484]] 
-11.550280570983887 4.723389625549316 1.5166711807250977 [[ 0.29755107  0.36677122  0.45248571  0.488437    0.45980772  0.46201831
   0.39170226  0.44131121  0.41511971  0.4486607   0.3740325   0.32345667]] 
-11.517829895019531 5.322504997253418 1.5166711807250977 [[ 0.29085299  0.35757801  0.46246883  0.50930882  0.46964911  0.45530015
   0.36240527  0.41819289  0.39119771  0.43816712  0.35972917  0.30507794]] 
-11.48538589477539 5.9216203689575195 1.5166711807250977 [[ 0.27841583  0.35357863  0.46833721  0.51714075  0.48167983  0.44695556
   0.33661518  0.39154986  0.37061355  0.42885891  0.35519096  0.29302818]] 
-11.45294189453125 6.520735740661621 1.5166711807250977 [[ 0.27558658  0.35401872  0.46513301  0.51427615  0.48562279  0.45740935
   0.33431315  0.38740683  0.36857411  0.42512903  0.35794178  0.28958434]] 
-11.420500755310059 7.119851112365723 1.5166711807250977 [[ 0.26740023  0.35007045  0.46763188  0.52364147  0.4943296   0.46212018
   0.32283846  0.37080339  0.34935489  0.40934265  0.33806404  0.27430952]] 
-11.393464088439941 7.619113922119141 1.5166711807250977 [[ 0.26374981  0.3470476   0.46525201  0.52284682  0.49198708  0.46374801
   0.31515804  0.36673111  0.35132402  0.39874834  0.33624595  0.27268082]] 
-11.3610200881958 8.218235969543457 1.5166711807250977 [ 0.03197513  0.1466475   0.5027856   0.71437331  0.01754211  0.06014345
  0.08545364  0.06816241  0.21218564  0.30147971  0.24047632  0.09017892] {'loss': [0.074025280773639679, 0.060019534081220627]}  
-11.269095420837402 9.915778160095215 1.5166711807250977 [ 0.02409406  0.15876015  0.54431439  0.01958324  0.03105999  0.10648979
  0.15130387  0.12068812  0.20185359  0.28679959  0.22876658  0.08578784] {'loss': [0.078649520874023438, 0.080951064825057983]}  
-11.22042465209961 10.81447696685791 1.5166711807250977 [ 0.02105053  0.16579117  0.3831482   0.0197175   0.04563931  0.15647526
  0.22232474  0.17733803  0.19668594  0.27945725  0.22290993  0.08359161] {'loss': [0.061615925282239914, 0.072963602840900421]}  
-11.166351318359375 11.813031196594238 1.5166711807250977 [ 0.01829918  0.1741639   0.15625712  0.01986829  0.07814132  0.26790907
  0.38065317  0.30362925  0.19117401  0.27162574  0.21666311  0.08124903] {'loss': [0.072354666888713837, 0.071270719170570374]}  
-11.112281799316406 12.811591148376465 1.5166711807250977 [ 0.01605399  0.18318662  0.08430909  0.02002081  0.16341339  0.56026585
  0.79604326  0.6349658   0.23811327  0.26411941  0.21067562  0.07900371] {'loss': [0.076842881739139557, 0.053433265537023544]}  
-11.058215141296387 13.810153007507324 1.5166711807250977 [ 0.01419801  0.14039334  0.05264769  0.02017509  0.53266341  1.          1.
  1.          0.77615559  0.25692035  0.20493334  0.07685035] {'loss': [0.080061301589012146, 0.089468337595462799]}  
-11.004141807556152 14.808707237243652 1.5166711807250977 [ 0.01264622  0.09592698  0.03597274  0.02033117  1.          1.          1.
  1.          1.          0.25001084  0.19942191  0.07478355] {'loss': [0.28215405344963074, 0.29824629426002502]}  
-10.950068473815918 14.943925857543945 1.5166711807250977 [ 0.01239397  0.09020593  0.03382734  0.02048907  1.          1.          1.
  1.          1.          1.          0.1941299   0.07279905] {'loss': [0.36262324452400208, 0.31249746680259705]}  
-10.895995140075684 14.943925857543945 1.5166711807250977 [ 0.01239397  0.09020593  0.03382734  0.02064881  1.          1.          1.
  1.          1.          1.          0.18904574  0.07089247] {'loss': [0.28312456607818604, 0.27744171023368835]}  
-10.84192180633545 14.943925857543945 1.5166711807250977 [ 0.01239397  0.09020593  0.03382734  0.02081044  1.          1.          1.
  1.          1.          1.          0.18415879  0.06905985] {'loss': [0.26410028338432312, 0.22748899459838867]}  
-10.870760917663574 14.20734977722168 1.5166711807250977 [ 0.01339193  0.11510158  0.04316323  0.02073478  1.          1.          1.
  1.          1.          0.23370497  0.18641553  0.06990611] {'loss': [0.12624339759349823, 0.10446573048830032]}  
-10.829513549804688 13.980208396911621 1.0166689157485962 [ 0.06249139  0.01393598  0.12615983  0.04420887  0.02085156  0.81889515
  1.          1.          1.          0.95511693  0.23179743  0.17833305] {'loss': [0.10383513569831848, 0.11644835025072098]}  
-10.742077827453613 14.204081535339355 0.5166686177253723 [ 0.1629831   0.05415167  0.01347566  0.10955083  0.03639861  0.0212708   1.
  1.          1.          1.          1.          0.21766343] {'loss': [0.17556063830852509, 0.19368638098239899]}  
-10.329341888427734 14.215167999267578 0.016669144853949547 [ 0.18588832  0.13541949  0.04253342  0.01348988  0.1071075   0.03364101
  0.02238732  1.          1.          1.          1.          1.        ] {'loss': [0.19570130109786987, 0.21484041213989258]}  
-9.331809043884277 14.146504402160645 -0.07499663531780243 [ 0.12526645  0.10227783  0.03999818  0.01352303  0.12243494  0.04788108
  0.02601498  1.          1.          1.          1.          1.        ] {'loss': [0.20071780681610107, 0.18565629422664642]}  
-8.334609985351562 14.071590423583984 -0.0749957337975502 [ 0.0904287   0.07383337  0.02887432  0.15441361  0.12607585  0.04930498
  0.03077928  0.88000396  1.          1.          1.          1.        ] {'loss': [0.16260404884815216, 0.20086485147476196]}  
-7.337429046630859 13.996688842773438 -0.07499537616968155 [ 0.06833483  0.05579412  0.02181958  0.15907419  0.12988107  0.050793
  0.03698296  0.75306169  1.          1.          1.          1.        ] {'loss': [0.22923082113265991, 0.17719161510467529]}  
-6.340255260467529 13.92178726196289 -0.07499537616968155 [ 0.0534497   0.0436407   0.0170667   0.16394899  0.13386126  0.05234956
  0.04527016  0.65172794  1.          1.          1.          1.        ] {'loss': [0.17847250401973724, 0.18765257298946381]}  
-5.343074321746826 13.846885681152344 -0.07499537616968155 [ 0.04294694  0.03506538  0.11602696  0.16905136  0.13802718  0.05397874
  0.05669037  0.56955298  1.          1.          1.          0.9613911 ] {'loss': [0.16450721025466919, 0.15517283976078033]}  
-4.345893383026123 13.771984100341797 -0.07499537616968155 [ 0.03526103  0.02878999  0.11969499  0.17439568  0.14239081  0.05568521
  0.07304735  0.50199386  1.          1.          1.          0.84735255] {'loss': [0.13082362711429596, 0.11694231629371643]}  
-3.348702907562256 13.69708251953125 -0.07499537616968155 [ 0.02946781  0.02405994  0.12353977  0.17999741  0.14696457  0.06702696
  0.09765833  0.44577942  1.          1.          1.          0.75246409] {'loss': [0.11784288287162781, 0.10285413265228271]}  
-2.351499557495117 13.622180938720703 -0.07499537616968155 [ 0.02499324  0.02040653  0.12757281  0.18587368  0.1517623   0.09415124
  0.13717839  0.39850438  1.          1.          1.          0.6726653 ] {'loss': [0.10097166895866394, 0.078472480177879333]}  
-1.2545901536941528 13.539789199829102 -0.07499537616968155 [ 0.0211545   0.01727226  0.13224152  0.19267602  0.15731634  0.14848425
  0.21634163  0.3546932   1.          1.          1.          0.59871302] {'loss': [0.098620153963565826, 0.13689373433589935]}  
-0.25740161538124084 13.464887619018555 -0.07499537616968155 [ 0.01838348  0.01500977  0.13671184  0.1991892   0.16263423  0.25211255
  0.36732801  0.32084469  1.          1.          1.          0.54157737] {'loss': [0.082909934222698212, 0.054667174816131592]}  
0.8329561352729797 13.334336280822754 -0.283328115940094 [ 0.10811298  0.01505128  0.10298506  0.19595365  0.19874485  0.40265348
  0.76614425  0.77705755  0.7137745   1.          1.          0.75246483] {'loss': [0.025838451460003853, 0.024801628664135933]}  
0.9647203683853149 13.316083908081055 -0.4666607975959778 [ 0.27805855  0.01558513  0.06527232  0.17305965  0.21627704  0.29917166
  0.79320713  0.9912913   0.69534103  1.          1.          0.96045971] {'loss': [0.05611024796962738, 0.072061024606227875]}  
-0.08174965530633926 13.643011093139648 -0.25832709670066833 [ 0.13913187  0.0166657   0.09393534  0.17439889  0.17375104  0.21655693
  0.40205589  0.40056236  1.          1.          1.          1.        ] {'loss': [0.046948075294494629, 0.058369040489196777]}  
-1.1628097295761108 13.815596580505371 -0.0416593998670578 [ 0.02075498  0.01632449  0.12310727  0.17233823  0.13554978  0.16726771
  0.2341586   0.61042289  1.          1.          1.          0.81521276] {'loss': [0.049018800258636475, 0.049699217081069946]}  
-2.2618627548217773 13.861418724060059 -0.04165860638022423 [ 0.02448084  0.01925498  0.12079665  0.1691033   0.1330053   0.10433852
  0.14606365  0.66045366  1.          1.          1.          0.88202197] {'loss': [0.043986614793539047, 0.070834867656230927]}  
-3.260989189147949 13.903075218200684 -0.0416577123105526 [ 0.02881259  0.02266203  0.11875202  0.16624097  0.13075382  0.07354547
  0.10295628  0.71147264  1.          1.          1.          0.95014961] {'loss': [0.042520072311162949, 0.031783051788806915]}  
-4.360028266906738 13.948897361755371 -0.0416567288339138 [ 0.03505183  0.02756935  0.11656239  0.16317548  0.12834253  0.05313616
  0.07438518  0.77473204  1.          1.          1.          1.        ] {'loss': [0.064580559730529785, 0.032499317079782486]}  
-5.259235858917236 13.986804008483887 -0.0499892421066761 [ 0.04179805  0.03287541  0.11481558  0.16072998  0.12641901  0.04619363
  0.05901132  0.83298447  1.          1.          1.          1.        ] {'loss': [0.021639443933963776, 0.040068063884973526]}  
-6.136196613311768 14.18315601348877 -0.2666556239128113 [ 0.40315155  0.04728041  0.02551772  0.13926064  0.13998741  0.07555261
  0.04490946  0.37495643  1.          1.          1.          1.        ] {'loss': [0.04566274955868721, 0.051815729588270187]}  
-5.578713893890381 13.948972702026367 -0.44165560603141785 [ 0.66518654  0.04498664  0.03030543  0.13336837  0.16059902  0.10818817
  0.04445592  0.05353276  1.          1.          1.          1.        ] {'loss': [0.088642992079257965, 0.078074485063552856]}  
-4.697211742401123 13.47630786895752 -0.6166553497314453 [ 0.58469135  0.03761246  0.0310435   0.13270859  0.19566189  0.16148981
  0.06436452  0.06655791  0.32324054  1.          1.          1.        ] {'loss': [0.088441960513591766, 0.10261786729097366]}  
-3.905360221862793 12.865171432495117 -0.6583217978477478 [ 0.33812349  0.03206223  0.02795755  0.16491135  0.25880265  0.22567026
  0.09864631  0.08174677  0.12986396  0.56525601  0.8870807   0.7735151 ] {'loss': [0.080281876027584076, 0.067413993179798126]}  
-3.018129348754883 12.41811752319336 -0.3833214044570923 [ 0.08516278  0.02745873  0.12857447  0.2912776   0.33202672  0.21007261
  0.09402572  0.10717966  0.23115768  0.52367366  0.59693456  0.37767921] {'loss': [0.084424108266830444, 0.086817234754562378]}  
-2.090700149536133 12.044124603271484 -0.3833214044570923 [ 0.06485584  0.02364629  0.16189127  0.36675478  0.418063    0.26450774
  0.1311615   0.14951063  0.17603844  0.3988045   0.45459643  0.28762216] {'loss': [0.074873991310596466, 0.12669594585895538]}  
-1.140426516532898 11.740708351135254 -0.24998769164085388 [ 0.02322128  0.01939368  0.27010501  0.49544473  0.4892117   0.25763918
  0.21567141  0.21295808  0.19418924  0.35619509  0.35171374  0.185227  ] {'loss': [0.15767820179462433, 0.11699089407920837]}  
-0.15869209170341492 11.556118965148926 -0.1583198606967926 [ 0.01778741  0.0776374   0.36673764  0.59332429  0.53081082  0.24171038
  0.38292107  0.34257592  0.20421419  0.33038666  0.29557667  0.13459408] {'loss': [0.1570957750082016, 0.15889325737953186]}  
0.7691348791122437 11.199748039245605 -0.5166530609130859 [ 0.06847074  0.01614437  0.20697716  0.61112813  0.80834139  0.60140336
  0.59213157  0.78321425  0.58270885  0.21213654  0.28059373  0.20876084] {'loss': [0.16198539733886719, 0.14386926591396332]}  
1.0784717798233032 11.044685363769531 -0.1416529417037964 [ 0.01512738  0.12745207  0.58447435  0.93540636  0.82931651  0.66179732
  1.          0.93903083  0.42154711  0.24997192  0.22162117  0.09948951] {'loss': [0.28227218985557556, 0.2525404691696167]}  
1.0784717798233032 11.044685363769531 0.3583478331565857 [ 0.11250494  0.56234917  0.92822833  0.84426392  0.63674452  1.
  0.95595518  0.44659979  0.24805371  0.22561561  0.10540222  0.01501129] {'loss': [0.30271849036216736, 0.23646940290927887]}  
1.0784717798233032 11.044685363769531 0.8583461046218872 [ 0.54003342  0.92004755  0.85839823  0.61147765  1.          0.9719598
  0.47186729  0.24586753  0.22939276  0.11136551  0.014879    0.09837045] {'loss': [0.2137717604637146, 0.20455561578273773]}  
1.0784717798233032 11.044685363769531 1.3583433628082275 [ 0.91088254  0.87168636  0.58605332  1.          0.98700542  0.49729021
  0.24341834  0.23294379  0.11736587  0.01473078  0.08508258  0.51758082] {'loss': [0.20035158097743988, 0.20247472822666168]}  
1.0784717798233032 11.044685363769531 1.8583409786224365 [ 0.88409827  0.56053163  1.          1.          0.5228121   0.24071172
  0.23626068  0.12338926  0.01496892  0.07267044  0.49504071  0.90075344] {'loss': [0.176714226603508, 0.19836880266666412]}  
0.5780730247497559 11.8724365234375 2.358341693878174 [ 0.34338292  0.64661391  0.65091524  0.35198586  0.37182196  0.37429542
  0.20240222  0.02803541  0.01538266  0.24538964  0.46208607  0.46515999] {'loss': [0.062847331166267395, 0.059825807809829712]}  
-0.25548017024993896 12.41196060180664 2.7166757583618164 [ 0.31677432  0.38142145  0.25692327  0.48419769  0.58301232  0.39271354
  0.10359993  0.0181746   0.11542735  0.28649041  0.34495752  0.23236112] {'loss': [0.038227744400501251, 0.040167089551687241]}  
-1.2124888896942139 12.6897554397583 2.9916763305664062 [ 0.22387612  0.19846989  0.4549338   0.72802109  0.64540287  0.28969746
  0.02047467  0.01815113  0.18023182  0.28842104  0.25569008  0.1398982 ] {'loss': [0.043282493948936462, 0.036151576787233353]}  
-2.20127272605896 12.83910083770752 2.9916763305664062 [ 0.14640803  0.12979313  0.51975865  0.83175827  0.73736764  0.33097721
  0.02375173  0.02105629  0.16645587  0.26637567  0.23614648  0.10599749] {'loss': [0.056579817086458206, 0.057009641081094742]}  
-3.190056562423706 12.988446235656738 2.9916763305664062 [ 0.1031598   0.13075996  0.59949437  0.9593582   0.85048711  0.38175257
  0.02788343  0.02471912  0.15420103  0.24676452  0.21876088  0.09819371] {'loss': [0.070744544267654419, 0.068239964544773102]}  
-4.187341690063477 13.042407989501953 3.1166772842407227 [ 0.07810704  0.23845642  0.75904446  1.          0.80401286  0.28342511
  0.0339823   0.0262254   0.17834085  0.2447809   0.18890652  0.06659201] {'loss': [0.068412981927394867, 0.076569415628910065]}  
-5.187040328979492 13.067298889160156 3.116678237915039 [ 0.06012832  0.24463509  0.77871     1.          0.82484215  0.29076765
  0.04123308  0.03182107  0.17616434  0.24179317  0.18660057  0.06577915] {'loss': [0.089496225118637085, 0.052404686808586121]}  
-6.186744689941406 13.085944175720215 -3.099839687347412 [ 0.04768773  0.30580711  0.8516875   1.          0.7883965   0.24251677
  0.0510535   0.03682622  0.18630039  0.23908181  0.17245596  0.05304878] {'loss': [0.058049470186233521, 0.051727250218391418]}  
-7.1774187088012695 12.950085639953613 -2.9248392581939697 [ 0.04118513  0.42972876  0.86952251  0.92077442  0.53223097  0.09243596
  0.06205059  0.03586678  0.23046782  0.24405196  0.14106828  0.03513131] {'loss': [0.051752682775259018, 0.079270772635936737]}  
-8.127686500549316 12.637493133544922 -2.783172369003296 [ 0.0855702   0.42760041  0.70574102  0.64185135  0.29982168  0.08142738
  0.07405595  0.034593    0.29049332  0.26419576  0.12341112  0.03151757] {'loss': [0.038052942603826523, 0.035763617604970932]}  
-9.03125 12.20869255065918 -2.5665059089660645 [ 0.15091346  0.41170806  0.52256367  0.37262457  0.11183002  0.11102283
  0.07916707  0.02375919  0.38129785  0.27189215  0.08159877  0.02771128] {'loss': [0.045755710452795029, 0.041638724505901337]}  
-9.747476577758789 11.51251220703125 -2.3081727027893066 [ 0.18409494  0.32084946  0.30474027  0.15187645  0.13728562  0.13039279
  0.06498512  0.01804519  0.55817348  0.27818233  0.02769754  0.03123094] {'loss': [0.060577943921089172, 0.055356089025735855]}  
-10.419816970825195 10.77225112915039 -2.3081727027893066 [ 0.12480125  0.21750974  0.206589    0.1034652   0.18032414  0.17127045
  0.08535771  0.02003172  0.19041353  0.55238802  0.05499914  0.02117202] {'loss': [0.052518080919981003, 0.054658431559801102]}  
-11.079358100891113 10.019954681396484 -2.1831729412078857 [ 0.10850196  0.1624264   0.13590848  0.1705159   0.25526061  0.21358657
  0.0871673   0.02322811  0.16129072  0.62369005  0.03341288  0.02805938] {'loss': [0.05801352858543396, 0.061417143791913986]}  
-11.426312446594238 9.09030818939209 -1.6831705570220947 [ 0.1147937   0.09857622  0.19977457  0.30799406  0.26448206  0.11275083
  0.02674737  0.10478592  0.43572253  0.67175645  0.01790644  0.07445883] {'loss': [0.040593694895505905, 0.037247896194458008]}  
-11.538464546203613 8.096617698669434 -1.6831705570220947 [ 0.08408417  0.07154845  0.21559093  0.32891905  0.27988192  0.11751695
  0.03179088  0.02705133  0.40294289  0.61475501  0.01590876  0.05511321] {'loss': [0.063534125685691833, 0.060393940657377243]}  
-11.650616645812988 7.102927207946777 -1.6831705570220947 [ 0.06413777  0.05684585  0.230254    0.35128977  0.29891748  0.12550961
  0.03831851  0.03260579  0.36951975  0.56376257  0.4797136   0.04203928] {'loss': [0.04103429988026619, 0.040347021073102951]}  
-11.762768745422363 6.109236717224121 -1.6831705570220947 [ 0.05053049  0.06084813  0.24646534  0.37602284  0.3199634   0.13434628
  0.04708423  0.04006467  0.34008903  0.51886085  0.44150614  0.03312036] {'loss': [0.044268269091844559, 0.051147177815437317]}  
-11.874927520751953 5.115546226501465 -1.6831705570220947 [ 0.04083531  0.06528877  0.26445203  0.40346469  0.34331369  0.14415073
  0.05924166  0.05040961  0.31403786  0.47911588  0.40768658  0.02676562] {'loss': [0.046222981065511703, 0.041786815971136093]}  
-11.987079620361328 4.121855735778809 -1.6831705570220947 [ 0.03368456  0.07023353  0.28448096  0.43402203  0.36931555  0.15506826
  0.07679612  0.06534695  0.01153157  0.44377037  0.37761078  0.15855133] {'loss': [0.045724201947450638, 0.049431007355451584]}  
-12.05417251586914 3.026959180831909 -1.449837327003479 [ 0.02778041  0.16315583  0.38839776  0.4563215   0.29900342  0.09103846
  0.10695946  0.07008484  0.01482543  0.42232629  0.27672829  0.02364528] {'loss': [0.050595205277204514, 0.045394867658615112]}  
-11.862452507019043 2.046867847442627 -1.2665016651153564 [ 0.03478272  0.21840507  0.38806993  0.3741119   0.19048969  0.14626598
  0.14100523  0.07179674  0.01716333  0.41505226  0.22586976  0.02279362] {'loss': [0.0304414052516222, 0.042940597981214523]}  
-11.411551475524902 1.1593706607818604 -0.9581664204597473 [ 0.1013555   0.25629418  0.31191732  0.21260175  0.18508544  0.22525417
  0.15353257  0.01568047  0.01908357  0.39868122  0.12435379  0.02086834] {'loss': [0.045349102467298508, 0.048857945948839188]}  
-10.657588005065918 0.5238885879516602 -0.48316678404808044 [ 0.16862699  0.21469014  0.15358398  0.24929508  0.31739398  0.22705549
  0.06861834  0.02131702  0.19000266  0.30332376  0.01911793  0.06145766] {'loss': [0.027723720297217369, 0.041081774979829788]}  
-9.736845016479492 0.14985662698745728 -0.23316705226898193 [ 0.13839104  0.13420739  0.21156267  0.37885245  0.3673996   0.18865684
  0.02322198  0.04070962  0.26241889  0.36086611  0.01667688  0.07728179] {'loss': [0.018680023029446602, 0.025616688653826714]}  
-8.745802879333496 0.05601505562663078 -0.008165959268808365 [ 0.10335454  0.10403303  0.31809764  0.42815795  0.32415363  0.11008886
  0.02882731  0.11216235  0.34295471  0.46161544  0.02511286  0.0767867 ] {'loss': [0.022446358576416969, 0.014686602167785168]}  
-7.7479448318481445 0.11515669524669647 0.07516828924417496 [ 0.07632589  0.13125858  0.33552223  0.41085785  0.28192961  0.02794478
  0.03421927  0.15228789  0.38927752  0.4766827   0.02438415  0.06233066] {'loss': [0.021390276029706001, 0.018323237076401711]}  
-6.757868766784668 0.2548358142375946 0.1501704454421997 [ 0.05802702  0.14766589  0.32883372  0.37082532  0.23164938  0.03617406
  0.04079344  0.20551321  0.45765246  0.51609402  0.32239674  0.05145613] {'loss': [0.022986294701695442, 0.022908695042133331]}  
-5.76912784576416 0.4044435918331146 0.15017254650592804 [ 0.04622215  0.13494622  0.30050728  0.33888096  0.21169347  0.04475746
  0.05047283  0.22981677  0.51177147  0.57712281  0.36051938  0.04098811] {'loss': [0.031703855842351913, 0.021854368969798088]}  
-4.780386924743652 0.5540532469749451 0.15017297863960266 [ 0.03768475  0.12380123  0.27568884  0.31089306  0.02550755  0.05680189
  0.06405525  0.25869991  0.57609022  0.64965459  0.40582853  0.03341748] {'loss': [0.049284264445304871, 0.032113220542669296]}  
-3.800424575805664 0.7480880618095398 0.11684024333953857 [ 0.0316436   0.10198516  0.24091484  0.28174089  0.03058544  0.07225055
  0.08449429  0.28019266  0.66188596  0.77405053  0.50452217  0.02705824] {'loss': [0.060656920075416565, 0.071099512279033661]}  
-2.807249069213867 0.8646640181541443 0.11684024333953857 [ 0.02668553  0.09591633  0.22657863  0.01568827  0.04187227  0.0989129
  0.11567491  0.31153349  0.73592098  0.86063191  0.56095512  0.13656767] {'loss': [0.082430705428123474, 0.077214948832988739]}  
-1.814063310623169 0.9812312126159668 0.11684024333953857 [ 0.02280758  0.09037384  0.21348592  0.01546016  0.06078949  0.14360017
  0.167935    0.3484395   0.82310258  0.96258747  0.62740925  0.15274632] {'loss': [0.11865726113319397, 0.10136321932077408]}  
-0.8205930590629578 1.0939339399337769 0.06684032827615738 [ 0.01987588  0.07594054  0.16323336  0.01536241  0.08555761  0.21869962
  0.2678031   0.348538    0.89092146  1.          0.74860603  0.20622241] {'loss': [0.08289327472448349, 0.12815004587173462]}  
0.15171313285827637 0.901538610458374 -0.4331585764884949 [ 0.15744305  0.01732335  0.0883512   0.06974226  0.015624    0.16405191
  0.40071894  0.47802822  0.31867063  0.76936212  0.91779243  0.61183291] {'loss': [0.087694995105266571, 0.11241209506988525]}  
0.9166402816772461 0.2672954797744751 -0.9331582188606262 [ 0.35180771  0.08415623  0.0155929   0.13250256  0.04018063  0.01681641
  0.32764812  0.76626215  0.89070065  0.57652519  0.46758927  0.54352415] {'loss': [0.10808923095464706, 0.076670564711093903]}  
1.4606270790100098 -0.5719691514968872 -1.1331571340560913 [ 0.26177303  0.10290292  0.01469942  0.12165516  0.06473637  0.01898035
  0.30831724  1.          1.          1.          0.53023446  0.31967428] {'loss': [0.11490087956190109, 0.15650737285614014]}  
1.7053080797195435 -1.5395731925964355 -1.3831548690795898 [ 0.1914689   0.11384288  0.01278515  0.06108294  0.1039581   0.01953483
  0.08224709  1.          1.          1.          1.          0.25688103] {'loss': [0.17339147627353668, 0.17445071041584015]}  
1.891853928565979 -2.522019863128662 -1.3831548690795898 [ 0.12889723  0.07663924  0.01250422  0.16174692  0.09617087  0.02271906
  0.11208842  1.          1.          1.          1.          0.35008407] {'loss': [0.17335349321365356, 0.16713832318782806]}  
1.9260540008544922 -2.685760974884033 -1.3831548690795898 [ 0.11942659  0.07100821  0.01244458  0.15910356  0.09459921  0.02351129
  0.12068394  1.          1.          1.          1.          0.37693114] {'loss': [0.15015564858913422, 0.11786375194787979]}  
1.9260540008544922 -2.685760974884033 -1.3831548690795898 [ 0.11942659  0.07100821  0.01244458  0.15910356  0.09459921  0.02351129
  0.12068394  1.          1.          1.          1.          0.37693114] {'loss': [0.14354147017002106, 0.13247919082641602]}  
1.9260540008544922 -2.685760974884033 -1.3831548690795898 [ 0.11942659  0.07100821  0.01244458  0.15910356  0.09459921  0.02351129
  0.12068394  1.          1.          1.          1.          0.37693114] {'loss': [0.13267332315444946, 0.11487085372209549]}  
1.9260540008544922 -2.685760974884033 -1.3831548690795898 [ 0.11942659  0.07100821  0.01244458  0.15910356  0.09459921  0.02351129
  0.12068394  1.          1.          1.          1.          0.37693114] {'loss': [0.14355716109275818, 0.14712031185626984]}  
1.9260540008544922 -2.685760974884033 -1.3831548690795898 [ 0.11942659  0.07100821  0.01244458  0.15910356  0.09459921  0.02351129
  0.12068394  1.          1.          1.          1.          0.37693114] {'loss': [0.13392944633960724, 0.12083346396684647]}  
1.9260540008544922 -2.685760974884033 -1.3831548690795898 [ 0.11942659  0.07100821  0.01244458  0.15910356  0.09459921  0.02351129
  0.12068394  1.          1.          1.          1.          0.37693114] {'loss': [0.1040244922041893, 0.10759124159812927]}  
