2.9200005531311035 0.46964871883392334 0.2396986335515976 [ 0.01872779  0.05958883  0.01540333  1.          1.          1.          1.
  1.          1.          0.58952605  0.32617192  0.04901514] {'loss': [0.37702205777168274, 0.37530598044395447]}  
2.9102869033813477 0.9290858507156372 1.1563637256622314 [ 0.01310867  1.          1.          1.          1.          1.          1.
  0.92436378  0.61464485  0.15719413  0.0123424   0.0753534 ] {'loss': [0.2212376594543457, 0.28430631756782532]}  
2.897031784057617 0.8966177105903625 1.7063615322113037 [ 1.          1.          1.          1.          1.          1.
  0.89091143  0.57312924  0.13496308  0.0122869   0.07280185  0.01346689] {'loss': [0.15280407667160034, 0.14891831576824188]}  
2.9026479721069336 0.8621509671211243 2.2563583850860596 [ 1.          1.          1.          1.          1.          0.85587267
  0.53225896  0.11458403  0.01218867  0.06973566  0.01381666  1.        ] {'loss': [0.15352916717529297, 0.15026818215847015]}  
2.9254746437072754 0.8358518481254578 2.8063602447509766 [ 1.          1.          1.          1.          0.82735486  0.49696034
  0.09698606  0.0120506   0.06625535  0.01413916  1.          1.        ] {'loss': [0.22124098241329193, 0.23157183825969696]}  
2.1363065242767334 0.9724692702293396 3.1063613891601562 [ 1.          1.          1.          0.96993488  0.76452891  0.28048293
  0.01354461  0.05409408  0.0432171   0.01565173  1.          1.        ] {'loss': [0.24037711322307587, 0.20646117627620697]}  
1.0762999057769775 0.8665221929550171 -3.026822805404663 [ 1.          0.72094032  0.74377155  0.87179028  0.56970609  0.13960344
  0.01521328  0.09473276  0.03745148  0.01566966  0.39693571  0.9412135 ] {'loss': [0.18017669022083282, 0.15954528748989105]}  
0.01779336854815483 0.7444089651107788 -3.0268216133117676 [ 0.45357207  0.2964043   0.66522037  0.77971777  0.50953683  0.12485879
  0.01742853  0.10100433  0.06795855  0.01591362  0.16319521  0.38696752] {'loss': [0.032677888870239258, 0.045984391123056412]}  
-0.9445549845695496 0.6334361433982849 -3.0268208980560303 [ 0.25788391  0.25479497  0.6041675   0.70815562  0.46277128  0.11339892
  0.01989102  0.10725771  0.1450581   0.01614022  0.09278685  0.22001525] {'loss': [0.040303956717252731, 0.040725495666265488]}  
-1.8108030557632446 0.5335745811462402 -3.026819944381714 [ 0.17286359  0.23453619  0.55612902  0.65184814  0.42597472  0.10438191
  0.02258289  0.11339623  0.26888361  0.01634834  0.06219662  0.14747979] {'loss': [0.051942978054285049, 0.044470589607954025]}  
-2.676940679550171 0.4336739778518677 -3.026819944381714 [ 0.12388552  0.21659367  0.51358408  0.60198062  0.39338679  0.09639649
  0.02586015  0.12007965  0.28473128  0.01656059  0.04457423  0.10569379] {'loss': [0.056691404432058334, 0.058222878724336624]}  
-3.542998790740967 0.33381837606430054 -3.026819944381714 [ 0.09311987  0.20064097  0.47575717  0.55764307  0.36441266  0.02551436
  0.02990582  0.12736844  0.30201428  0.35399608  0.03350469  0.07944587] {'loss': [0.092795394361019135, 0.067883774638175964]}  
-4.409246921539307 0.23395825922489166 -3.026819944381714 [ 0.07253501  0.18638724  0.44195894  0.5180276   0.33852458  0.0298452
  0.03498207  0.1353419   0.32092084  0.37615682  0.02609823  0.06188377] {'loss': [0.07979089766740799, 0.079673208296298981]}  
-5.272151947021484 0.11141976714134216 -2.8934860229492188 [ 0.05557787  0.23110229  0.4455824   0.45622858  0.25239452  0.03870554
  0.03963031  0.19594314  0.37779315  0.38681952  0.02815293  0.05428096] {'loss': [0.11272448301315308, 0.079444773495197296]}  
-6.039130687713623 -0.29466474056243896 -2.4934868812561035 [ 0.13670734  0.31848689  0.36934468  0.23842277  0.04205112  0.04876607
  0.19493469  0.45413904  0.5266584   0.33997321  0.04180172  0.04847683] {'loss': [0.10942777246236801, 0.12356912344694138]}  
-6.888760089874268 -0.9380358457565308 -2.4934868812561035 [ 0.09540803  0.222272    0.25776564  0.02201621  0.05129118  0.05948164
  0.33333079  0.7765605   0.90056592  0.58134147  0.03491007  0.04048469] {'loss': [0.18994356691837311, 0.18887799978256226]}  
-7.738389492034912 -1.581406593322754 -2.4934868812561035 [ 0.07034523  0.16388315  0.19005291  0.0274492   0.06394842  0.07416005
  0.69539311  1.          1.          1.          0.28812747  0.03431759] {'loss': [0.23153938353061676, 0.25294747948646545]}  
-8.621394157409668 -2.1683592796325684 -2.7351531982421875 [ 0.02493487  0.09813616  0.14906061  0.01581764  0.06337004  0.09625373
  0.8981803   1.          1.          1.          1.          0.02941805] {'loss': [0.30065813660621643, 0.27112868428230286]}  
-9.47320556640625 -2.306572675704956 3.098032236099243 [ 0.02581155  0.03124035  0.10202049  0.01333438  0.028494    0.09305193
  0.1292764   1.          1.          1.          1.          1.        ] {'loss': [0.28342276811599731, 0.27476844191551208]}  
-10.303924560546875 -2.0598275661468506 2.648033380508423 [ 1.          0.0226629   0.04395582  0.12113256  0.01368627  0.05088331
  0.14022346  0.17894406  1.          1.          1.          1.        ] {'loss': [0.27127286791801453, 0.26510915160179138]}  
-11.02747631072998 -1.572325587272644 2.5397000312805176 [ 0.65402871  0.02028084  0.0350758   0.12844733  0.01442752  0.0464027
  0.16992608  0.24857696  0.37850245  1.          1.          1.        ] {'loss': [0.20382194221019745, 0.18860708177089691]}  
-11.74617862701416 -1.078823447227478 2.5397000312805176 [ 0.35756976  0.01834871  0.04401346  0.16117703  0.0153252   0.06896246
  0.25253956  0.36942841  0.30273994  0.75779242  1.          0.90842742] {'loss': [0.16042855381965637, 0.15211556851863861]}  
-12.46494197845459 -0.5851044654846191 2.5397000312805176 [ 0.22497296  0.01667996  0.05686604  0.10847051  0.01630979  0.11309102
  0.41413803  0.60582338  0.49646096  0.47678186  0.69746199  0.57155723] {'loss': [0.10280361771583557, 0.096851922571659088]}  
-13.183473587036133 -0.09072396904230118 2.5313668251037598 [ 0.15447652  0.01522892  0.07629531  0.07420394  0.0173924   0.21850755
  0.8001719   1.          0.95923189  0.3775666   0.47890831  0.39245659] {'loss': [0.14397893846035004, 0.14049851894378662]}  
-13.755640983581543 0.5622326135635376 2.081367254257202 [ 0.24346339  0.08203431  0.01427384  0.13424878  0.04523472  0.01907654
  0.61964267  1.          1.          1.          0.64012834  0.32286512] {'loss': [0.16412897408008575, 0.16372185945510864]}  
-14.016682624816895 1.3918185234069824 1.7896980047225952 [ 0.20192745  0.11504035  0.01258081  0.06882849  0.08652026  0.01952032
  0.19233051  1.          1.          1.          1.          0.36707395] {'loss': [0.18981461226940155, 0.18603616952896118]}  
-14.12288761138916 2.2535557746887207 1.5230302810668945 [ 0.14729888  0.1166562   0.04317504  0.01360932  0.12036101  0.01728827
  0.02437808  1.          1.          1.          1.          1.        ] {'loss': [0.2246672511100769, 0.22059409320354462]}  
-14.081233024597168 3.1241984367370605 1.5230302810668945 [ 0.10810865  0.08561875  0.03168793  0.01367577  0.12234186  0.01990504
  0.02806797  0.99767535  1.          1.          1.          1.        ] {'loss': [0.23025564849376678, 0.22965483367443085]}  
-14.03917407989502 3.9938364028930664 1.5230302810668945 [ 0.08272717  0.06551741  0.02424832  0.1570573   0.12438453  0.02316067
  0.0326587   0.91239502  1.          1.          1.          1.        ] {'loss': [0.21452532708644867, 0.21263422071933746]}  
-13.997511863708496 4.864829063415527 1.5230302810668945 [ 0.06532068  0.051732    0.00979426  0.15969565  0.126474    0.02729113
  0.03848305  0.83775914  1.          1.          1.          1.        ] {'loss': [0.2087276428937912, 0.20451299846172333]}  
-13.829078674316406 5.714648246765137 1.2480289936065674 [ 0.29873227  0.05111119  0.02985192  0.15361664  0.16400428  0.02017537
  0.04131654  0.1181553   1.          1.          1.          1.        ] {'loss': [0.20392276346683502, 0.20117847621440887]}  
-13.552480697631836 6.541609764099121 1.2480289936065674 [ 0.19481627  0.04259646  0.02487883  0.17280603  0.18449126  0.02428985
  0.04974245  0.07705419  0.85040599  1.          1.          1.        ] {'loss': [0.18272213637828827, 0.17782950401306152]}  
-13.275882720947266 7.3685712814331055 1.2480289936065674 [ 0.13700848  0.0360449   0.02105234  0.19582925  0.20907126  0.02980439
  0.06103551  0.06516276  0.59806494  1.          1.          0.76370249] {'loss': [0.14574277400970459, 0.15217532217502594]}  
-12.968551635742188 8.2874174118042 1.2480289936065674 [ 0.09851093  0.0303933   0.11096918  0.22725023  0.01504307  0.03845933
  0.07875966  0.08408544  0.43001678  0.88061831  0.94016612  0.54911225] {'loss': [0.12671978771686554, 0.13011816143989563]}  
-12.661283493041992 9.205865859985352 1.2480289936065674 [ 0.07422707  0.02597544  0.13032029  0.26687876  0.01563874  0.05150726
  0.10548012  0.11261272  0.3240136   0.66353763  0.70840638  0.41375084] {'loss': [0.10475724935531616, 0.091634683310985565]}  
-12.340720176696777 10.118860244750977 1.1396958827972412 [ 0.09619769  0.02316073  0.12151132  0.29566171  0.0167948   0.05636655
  0.1371512   0.16324053  0.1953267   0.47526938  0.56567652  0.37614051] {'loss': [0.087693192064762115, 0.079233869910240173]}  
-11.727766036987305 10.850910186767578 0.6396942138671875 [ 0.24127637  0.05733545  0.02061375  0.19218944  0.18194417  0.01809312
  0.08350436  0.19456739  0.22565629  0.1456821   0.32223952  0.37372842] {'loss': [0.077445738017559052, 0.073848649859428406]}  
-10.83636474609375 11.196612358093262 0.13969416916370392 [ 0.2292263   0.14359172  0.03152713  0.01943244  0.44369141  0.11218488
  0.02034503  0.10671233  0.23851489  0.26959992  0.16888253  0.20279633] {'loss': [0.087498493492603302, 0.072239995002746582]}  
-9.873169898986816 11.29959774017334 0.10636091977357864 [ 0.15236928  0.10062304  0.02530688  0.01935541  0.49611027  0.12477258
  0.02374667  0.10110028  0.24347228  0.28802743  0.1902102   0.12879917] {'loss': [0.082458600401878357, 0.093674302101135254]}  
-8.91024398803711 11.402405738830566 0.10636091977357864 [ 0.10777806  0.07117548  0.01790076  0.68818596  0.45447067  0.11430019
  0.02773049  0.1069526   0.25756605  0.30470035  0.20122084  0.0911058 ] {'loss': [0.076351232826709747, 0.075712785124778748]}  
-7.946878910064697 11.505230903625488 0.10636091977357864 [ 0.08023037  0.05298329  0.01590055  0.63274176  0.41785568  0.10509141
  0.03281049  0.11332935  0.27292272  0.32286712  0.21321811  0.06781949] {'loss': [0.097205787897109985, 0.076920755207538605]}  
-6.983486652374268 11.60805606842041 0.10636091977357864 [ 0.06203733  0.04096879  0.49343922  0.58373813  0.38549414  0.0969524
  0.0394261   0.12029383  0.28969476  0.34270843  0.22632096  0.05692009] {'loss': [0.076404847204685211, 0.069590829312801361]}  
-6.020094394683838 11.710881233215332 0.10636091977357864 [ 0.04939761  0.03262164  0.45664785  0.54021364  0.35675131  0.08972353
  0.0482646   0.12792062  0.30806176  0.36443654  0.24067     0.0605289 ] {'loss': [0.065787173807621002, 0.068314485251903534]}  
-5.056702136993408 11.813706398010254 0.10636091977357864 [ 0.04026119  0.17598972  0.42382303  0.50138191  0.33110725  0.08327401
  0.06044605  0.13629638  0.32823248  0.38829849  0.25642821  0.0644921 ] {'loss': [0.054036367684602737, 0.048997510224580765]}  
-4.0933098793029785 11.916531562805176 0.10636091977357864 [ 0.0334436   0.16377787  0.39441431  0.46659116  0.30813202  0.07749569
  0.07789622  0.14552249  0.35045116  0.4145831   0.27378625  0.0688577 ] {'loss': [0.053388699889183044, 0.037652436643838882]}  
-3.1302595138549805 12.019335746765137 0.10636091977357864 [ 0.02822334  0.1527966   0.36796902  0.43530676  0.28747177  0.08803543
  0.1041458   0.15571589  0.37499932  0.44362361  0.29296424  0.07368096] {'loss': [0.036144528537988663, 0.038989398628473282]}  
-2.166865825653076 12.122174263000488 0.10636091977357864 [ 0.02413507  0.14288057  0.34408896  0.40705668  0.26881579  0.12368508
  0.14631931  0.16702322  0.40222975  0.47583715  0.31423776  0.07903128] {'loss': [0.034645553678274155, 0.036064241081476212]}  
-1.203620195388794 12.224834442138672 0.10636091977357864 [ 0.02087525  0.13391431  0.32249613  0.38151244  0.25194675  0.18633555
  0.22043481  0.17958527  0.43248205  0.51162556  0.33787218  0.08497538] {'loss': [0.022203510627150536, 0.036278057843446732]}  
-0.24010063707828522 12.325650215148926 0.08136099576950073 [ 0.01829328  0.12006507  0.29837463  0.35952704  0.24236991  0.30752858
  0.37055721  0.24980579  0.45920694  0.55332185  0.37301403  0.09859088] {'loss': [0.029138060286641121, 0.02415849082171917]}  
0.7899945378303528 12.101670265197754 -0.4686380624771118 [ 0.09542324  0.01603755  0.12569913  0.32900222  0.40824604  0.28418695
  0.64059173  0.79488585  0.55333301  0.38814205  0.48163056  0.33527111] {'loss': [0.054296929389238358, 0.056496229022741318]}  
0.803436815738678 12.1028470993042 -1.0186364650726318 [ 0.34161963  0.10417085  0.01599274  0.11749725  0.3248157   0.41520262
  0.2982711   0.64813523  0.82849277  0.59516805  0.37202198  0.47554508] {'loss': [0.055729266256093979, 0.055663134902715683]}  
0.8203045725822449 11.832368850708008 -1.5186327695846558 [ 0.40961239  0.28609847  0.08204347  0.01592667  0.14657134  0.38580827
  0.48023542  0.3354257   0.67294291  0.83764632  0.58506376  0.32907165] {'loss': [0.058860700577497482, 0.071157939732074738]}  
0.6201162934303284 10.896388053894043 -2.0186309814453125 [ 0.19872131  0.24093871  0.16354296  0.0439296   0.01624921  0.34653664
  0.87051023  1.          0.71640899  0.58529441  0.70963776  0.48168392] {'loss': [0.13062052428722382, 0.10988264530897141]}  
-0.08537353575229645 10.122598648071289 -2.5686323642730713 [ 0.2987408   0.13564975  0.16938124  0.11870458  0.0342965   0.01785688
  0.91431025  1.          1.          1.          0.61195548  0.42627736] {'loss': [0.15537147223949432, 0.16472867131233215]}  
-1.0949501991271973 9.834797859191895 -3.1186318397521973 [ 0.24211042  0.17507842  0.11646587  0.14982322  0.10834234  0.03350418
  0.02057192  1.          1.          1.          1.          1.        ] {'loss': [0.18966908752918243, 0.18751014769077301]}  
-2.0469913482666016 10.002656936645508 2.9145543575286865 [ 0.20605158  0.14543156  0.08527579  0.15139347  0.1458545   0.07419777
  0.02252319  0.34730387  1.          1.          1.          1.        ] {'loss': [0.16823476552963257, 0.14639841020107269]}  
-3.084887742996216 10.242466926574707 2.9145543575286865 [ 0.13361943  0.0998365   0.09406868  0.16700394  0.16089383  0.08184842
  0.02660673  0.22521807  1.          1.          1.          1.        ] {'loss': [0.15314368903636932, 0.16246256232261658]}  
-4.086368560791016 10.59071159362793 2.589555025100708 [ 0.4370085   0.08024267  0.06158751  0.14894658  0.2032884   0.15602689
  0.0544239   0.03340148  0.38015492  1.          1.          1.        ] {'loss': [0.12706314027309418, 0.13617400825023651]}  
-4.989121437072754 11.157194137573242 2.581221580505371 [ 0.24872509  0.06301645  0.05849594  0.19177362  0.26691626  0.20878142
  0.07550406  0.03964221  0.192697    0.63173971  0.87927427  0.68776683] {'loss': [0.080030649900436401, 0.07618415355682373]}  
-5.8917036056518555 11.723409652709961 2.581221580505371 [ 0.15527203  0.0508369   0.08027493  0.26317401  0.36629344  0.28651412
  0.10361543  0.04786227  0.03743782  0.39437726  0.54890568  0.42935332] {'loss': [0.056536521762609482, 0.042436957359313965]}  
-6.8247528076171875 12.22658634185791 2.8312220573425293 [ 0.03806121  0.0399744   0.22811163  0.46414082  0.4933648   0.28655936
  0.05356889  0.05694178  0.03307329  0.34960782  0.37162055  0.21584694] {'loss': [0.061401788145303726, 0.058156955987215042]}  
-7.782464504241943 12.264481544494629 -2.9519622325897217 [ 0.0334832   0.22599591  0.47763819  0.52078426  0.31228771  0.0675405
  0.07364158  0.04415909  0.33112174  0.3610327   0.21649305  0.04204257] {'loss': [0.030434431508183479, 0.034845750778913498]}  
-8.717238426208496 11.773561477661133 -2.401962995529175 [ 0.1749312   0.35436294  0.37554124  0.21728791  0.0908655   0.09629603
  0.05571682  0.01648445  0.48624613  0.28134157  0.04901552  0.02800929] {'loss': [0.042127892374992371, 0.059344585984945297]}  
-9.296218872070312 11.120874404907227 -2.2852964401245117 [ 0.15459777  0.26115683  0.24201404  0.11631251  0.1176504   0.10902668
  0.05239845  0.0192382   0.76768974  0.36895335  0.03093903  0.02889618] {'loss': [0.041258171200752258, 0.050546228885650635]}  
-9.867593765258789 10.462158203125 -2.2852964401245117 [ 0.11266064  0.19031377  0.17636385  0.08594523  0.14518431  0.13454238
  0.06466137  0.0211616   0.59551247  0.76454026  0.06411145  0.0216526 ] {'loss': [0.050874155014753342, 0.054011393338441849]}  
-10.43899917602539 9.803616523742676 -2.2852964401245117 [ 0.08573814  0.1448345   0.13421822  0.10871682  0.1836516   0.1701901
  0.0817937   0.02338791  0.21223756  1.          0.20399463  0.01984769] {'loss': [0.070457324385643005, 0.066362164914608002]}  
-10.89313793182373 8.955575942993164 -1.8352954387664795 [ 0.10360175  0.10390194  0.11745398  0.22004133  0.22067911  0.11872907
  0.02586881  0.02594377  0.5600316   1.          0.01938661  0.05530064] {'loss': [0.061029043048620224, 0.10385525971651077]}  
-11.295960426330566 7.388510704040527 -1.7519617080688477 [ 0.0683219   0.06321832  0.16571905  0.27941485  0.25854279  0.12397478
  0.03509129  0.03246999  0.43858234  0.73948253  0.68424415  0.04052126] {'loss': [0.034933272749185562, 0.033924534916877747]}  
-11.542089462280273 5.435202598571777 -1.693628191947937 [ 0.04395998  0.05067825  0.21216854  0.32797925  0.28229953  0.12080918
  0.05411244  0.04657589  0.39691298  0.61356503  0.52810994  0.22600306] {'loss': [0.02903841994702816, 0.026376424357295036]}  
-11.783360481262207 3.481637954711914 -1.693628191947937 [ 0.03020706  0.05854545  0.24510529  0.37889422  0.32612333  0.13956344
  0.0910178   0.07834124  0.0335259   0.51152222  0.44027916  0.18841621] {'loss': [0.038569241762161255, 0.025485290214419365]}  
-11.65703010559082 1.5374724864959717 -1.2686281204223633 [ 0.03037777  0.19266647  0.34336144  0.33176804  0.16947929  0.17681393
  0.17084377  0.08727327  0.01760679  0.17911645  0.2613008   0.02122032] {'loss': [0.024519709870219231, 0.027592809870839119]}  
-10.621343612670898 -0.10418945550918579 -0.7686265707015991 [ 0.10839883  0.19980454  0.1980056   0.23150265  0.42671373  0.42287163
  0.22381895  0.02006483  0.03092685  0.22063793  0.09027445  0.01643172] {'loss': [0.064513534307479858, 0.071403808891773224]}  
-8.921250343322754 -1.0416048765182495 -0.26862573623657227 [ 0.10227559  0.10395109  0.4926283   0.9400927   0.95549366  0.5234301
  0.0257674   0.02618952  0.12025466  0.2294845   0.01466453  0.05359455] {'loss': [0.11334153264760971, 0.10862839967012405]}  
-6.972940921783447 -1.0455493927001953 0.23137564957141876 [ 0.05999296  0.49458843  0.9782296   1.          0.57761651  0.03622686
  0.03776425  0.11146898  0.22047068  0.22982703  0.02909734  0.05755064] {'loss': [0.088104605674743652, 0.10875406116247177]}  
-5.0646562576293945 -0.5746311545372009 0.11470957100391388 [ 0.04044092  0.24907618  0.58180456  0.67579177  0.43705091  0.0513177
  0.05960779  0.11295067  0.26383582  0.30645698  0.1981931   0.0348165 ] {'loss': [0.033832542598247528, 0.025144755840301514]}  
-3.1355607509613037 -0.8662624359130859 -0.36028942465782166 [ 0.02514402  0.02795368  0.34209529  0.74494659  0.01939909  0.04188743
  0.09121402  0.10140654  0.10957029  0.2386002   0.26526207  0.16289395] {'loss': [0.031687572598457336, 0.033532839268445969]}  
-1.2933104038238525 -1.5601576566696167 -0.36028942465782166 [ 0.01881294  0.04862953  0.7398187   0.18365908  0.02144851  0.08482461
  0.18471396  0.20535434  0.12610544  0.17103987  0.19015227  0.11677005] {'loss': [0.047307897359132767, 0.031015142798423767]}  
0.4604950249195099 -2.4392049312591553 -0.6686223745346069 [ 0.05202959  0.01653375  0.29519171  0.12948432  0.02464078  0.08483202
  0.37168431  0.58476824  0.51099994  0.22414746  0.13573766  0.11861438] {'loss': [0.038088168948888779, 0.043631806969642639]}  
1.6300157308578491 -4.006921768188477 -1.168619990348816 [ 0.07030532  0.02955857  0.18627829  0.15863137  0.02105076  0.0321451
  0.3270412   1.          1.          1.          0.72584901  0.08255843] {'loss': [0.1431528776884079, 0.15800288319587708]}  
1.909445881843567 -5.9374566078186035 -1.6686179637908936 [ 0.05078312  0.04213575  0.00935076  0.16420257  0.13624205  0.03188591
  0.04728698  0.60204383  1.          1.          1.          1.        ] {'loss': [0.20129077136516571, 0.17836453020572662]}  
1.2302069664001465 -7.7579145431518555 -2.168616771697998 [ 0.4117008   0.0349376   0.0282377   0.15178326  0.21872534  0.01456443
  0.05153393  0.07426232  0.26011917  0.92038938  1.          1.        ] {'loss': [0.15206699073314667, 0.11953061819076538]}  
0.4747989773750305 -8.404191017150879 -2.6686174869537354 [ 0.50429503  0.18451627  0.03081832  0.02425691  0.23218213  0.32527571
  0.01957574  0.06508343  0.09117864  0.1375572   0.45733611  0.64070489] {'loss': [0.060922026634216309, 0.064441852271556854]}  
-0.4626634120941162 -8.596681594848633 3.1145682334899902 [ 0.33979958  0.26038035  0.09053991  0.02972436  0.14175012  0.44443423
  0.60558029  0.02283925  0.07160878  0.09757314  0.07953795  0.24937828] {'loss': [0.073871254920959473, 0.07609114795923233]}  
-1.3815680742263794 -8.315302848815918 2.6145691871643066 [ 0.15916496  0.21102211  0.15737082  0.05186228  0.03110442  0.37526437
  1.          1.          0.0229296   0.06801779  0.09017854  0.0672511 ] {'loss': [0.17154932022094727, 0.17908740043640137]}  
-2.0666027069091797 -7.7438225746154785 2.114569902420044 [ 0.05505526  0.12061077  0.15564713  0.1129232   0.03516292  0.03463222
  1.          1.          1.          1.          0.05880327  0.07588512] {'loss': [0.18166875839233398, 0.19338583946228027]}  
-2.1181790828704834 -7.310710906982422 1.6145707368850708 [ 0.06832723  0.04820574  0.121254    0.15235836  0.10749076  0.03151881
  0.03717358  1.          1.          1.          1.          0.05437803] {'loss': [0.18656511604785919, 0.16044668853282928]}  
-1.7077147960662842 -5.627190589904785 1.1145682334899902 [ 0.47001172  0.0461361   0.05672619  0.14485035  0.17726816  0.12156184
  0.04278429  0.05235951  0.79736327  1.          1.          1.        ] {'loss': [0.14914336800575256, 0.15174032747745514]}  
-0.4311043322086334 -4.166021347045898 0.6145681142807007 [ 0.41706359  0.02860027  0.03409811  0.11211095  0.27357355  0.3261627
  0.21728932  0.06368552  0.07592784  0.05058307  0.52509497  0.62603429] {'loss': [0.065718024969100952, 0.056348051875829697]}  
1.2312849760055542 -3.2942800521850586 0.6145682334899902 [ 0.15277921  0.02398987  0.0291336   0.40302302  1.          1.
  0.83839995  0.22614639  0.09938197  0.06757844  0.01245741  0.22467964] {'loss': [0.17592138051986694, 0.18180449306964874]}  
2.2174923419952393 -2.0082292556762695 1.1145662069320679 [ 0.0192024   0.02394138  1.          1.          1.          1.          1.
  0.15344548  0.10736392  0.0309092   0.01706826  0.10359854] {'loss': [0.26219215989112854, 0.28118601441383362]}  
2.600820302963257 -0.09491923451423645 1.6145656108856201 [ 0.03196581  1.          1.          1.          1.          1.
  0.39178667  0.28193473  0.08628764  0.01289161  0.09155156  0.01423162] {'loss': [0.25135496258735657, 0.30067631602287292]}  
2.3009135723114014 0.9327415823936462 2.1145637035369873 [ 1.          1.          1.          1.          1.          0.89960238
  0.66551234  0.21577415  0.01333573  0.06875935  0.03392299  0.01583688] {'loss': [0.25699841976165771, 0.25867033004760742]}  
2.0302517414093018 1.2579469680786133 2.6145644187927246 [ 1.          1.          1.          1.          1.          1.
  0.34347972  0.01379102  0.05289671  0.04115385  0.01512892  1.        ] {'loss': [0.29289564490318298, 0.27537217736244202]}  
2.057800054550171 1.2421711683273315 3.114565849304199 [ 1.          1.          1.          1.          1.          0.36423076
  0.01373167  0.04889559  0.04399093  0.01514276  0.98924051  1.        ] {'loss': [0.28287416696548462, 0.31423938274383545]}  
2.0896482467651367 1.2415974140167236 -2.668619155883789 [ 1.          1.          1.          1.          0.39140864  0.01365012
  0.04465037  0.04675666  0.01511161  0.96692752  1.          1.        ] {'loss': [0.25863823294639587, 0.24614711105823517]}  
1.6661094427108765 0.7020469903945923 -2.1186203956604004 [ 0.6511133   0.80504889  0.62670775  0.2246104   0.01434198  0.06250696
  0.05065061  0.0160627   0.51946072  1.          1.          1.        ] {'loss': [0.1819976419210434, 0.17386029660701752]}  
0.6909979581832886 -1.0038458108901978 -2.1686179637908936 [ 0.24546763  0.25855009  0.21091986  0.08235965  0.01608132  0.17488576
  0.09117969  0.02007302  0.1462196   0.5293851   0.77059168  0.62863298] {'loss': [0.057370681315660477, 0.060050468891859055]}  
-0.5530622601509094 -2.658276319503784 -2.260284900665283 [ 0.12971802  0.12315206  0.11108382  0.05123391  0.01858949  0.5764402
  0.2658649   0.02539072  0.03929596  0.1908287   0.31180606  0.28125078] {'loss': [0.088782615959644318, 0.078725047409534454]}  
-1.026524305343628 -3.713712692260742 -1.7936196327209473 [ 0.08654484  0.08374769  0.0428724   0.95900171  0.92800663  0.47506815
  0.02925352  0.02830804  0.13186242  0.235461    0.22785081  0.11664212] {'loss': [0.10239393264055252, 0.11473190784454346]}  
-1.068651795387268 -5.675192832946777 -1.493620753288269 [ 0.05404999  0.03699862  0.87705662  1.          0.73353028  0.03665184
  0.04478124  0.07702092  0.19610541  0.23960184  0.16401368  0.04492914] {'loss': [0.11009534448385239, 0.12111587077379227]}  
-0.9168550372123718 -7.638197898864746 -1.493620753288269 [ 0.03579197  0.29598014  0.75360476  0.92075478  0.63028014  0.05847877
  0.07144941  0.08309851  0.21157972  0.25850832  0.17695563  0.04847441] {'loss': [0.096513338387012482, 0.091037698090076447]}  
-0.9617830514907837 -9.594754219055176 -1.8019551038742065 [ 0.02435362  0.02335675  0.51134357  0.78441277  0.01847614  0.0712388
  0.12572933  0.12058286  0.13839367  0.244251    0.23425291  0.1183977 ] {'loss': [0.074460692703723907, 0.089895032346248627]}  
-1.8777663707733154 -11.30673885345459 -2.301952600479126 [ 0.07490688  0.01897012  0.29883539  0.3508045   0.03139988  0.02864473
  0.1585956   0.2709469   0.25334735  0.1233964   0.1644764   0.15379262] {'loss': [0.058191832154989243, 0.061914388090372086]}  
-3.506051540374756 -12.363143920898438 -2.8019537925720215 [ 0.08512209  0.0399017   0.01649944  0.318638    0.14936435  0.02903976
  0.06527752  0.3288403   0.5442649   0.4961262   0.23256332  0.09338139] {'loss': [0.054947126656770706, 0.054027602076530457]}  
-5.448015213012695 -12.505327224731445 2.9812324047088623 [ 0.05561103  0.04941323  0.0222604   0.3151677   0.28004281  0.12615772
  0.04225957  0.08583598  0.39646392  0.6361891   0.56528662  0.25465859] {'loss': [0.060976114124059677, 0.050946429371833801]}  
-7.249612331390381 -11.735538482666016 2.6145665645599365 [ 0.0979013   0.03849997  0.02898935  0.38523724  0.51568866  0.38829868
  0.13045719  0.06562575  0.0956042   0.28910009  0.38699698  0.2913976 ] {'loss': [0.05283505842089653, 0.067504413425922394]}  
-8.982949256896973 -10.804895401000977 2.6728999614715576 [ 0.0473772   0.02804641  0.34964715  0.93089664  1.          0.81989606
  0.23864667  0.10803672  0.07596679  0.18480564  0.23148362  0.16276937] {'loss': [0.10390365123748779, 0.10622931271791458]}  
-10.860191345214844 -10.291900634765625 3.106234073638916 [ 0.02098032  0.50845133  1.          1.          1.          0.68872989
  0.22574447  0.17796346  0.12851757  0.18034621  0.14217419  0.05217338] {'loss': [0.13484580814838409, 0.13617400825023651]}  
-12.143366813659668 -10.535717010498047 -2.676950693130493 [ 0.33897835  1.          1.          1.          0.54184352  0.47826272
  0.38715317  0.14910762  0.19783626  0.16014811  0.06167922  0.01743015] {'loss': [0.12487772852182388, 0.11760729551315308]}  
-12.913118362426758 -11.106678009033203 -2.1769511699676514 [ 0.60110222  0.89297291  0.74206658  0.6136509   0.91161448  0.75755821
  0.30553603  0.26185511  0.21760341  0.08776321  0.01566435  0.15832379] {'loss': [0.1125151738524437, 0.1062370166182518]}  
-13.317230224609375 -12.45761489868164 -1.6769498586654663 [ 0.33962389  0.28966174  0.9078269   1.          1.          0.4992409
  0.58824147  0.50170513  0.21147346  0.01483328  0.0544529   0.22201941] {'loss': [0.12021246552467346, 0.11460011452436447]}  
-13.288395881652832 -12.990034103393555 -1.1769474744796753 [ 0.21555043  0.84974621  1.          1.          0.61727867  0.97289152
  0.85145337  0.37440158  0.01878846  0.03549931  0.1562678   0.24629342] {'loss': [0.15227921307086945, 0.15383757650852203]}  
-13.300641059875488 -12.96073055267334 -0.6769452095031738 [ 0.82969407  1.          1.          0.57731761  0.93811941  0.84233943
  0.38575845  0.02495655  0.01316774  0.15274976  0.24821273  0.22287077] {'loss': [0.12637768685817719, 0.15623211860656738]}  
-12.698969841003418 -13.115303039550781 -0.17694386839866638 [ 0.77260157  0.71164212  0.6373829   1.          0.98428548  0.46875474
  0.03753872  0.01432393  0.13722348  0.23006083  0.21190869  0.46083068] {'loss': [0.10273981094360352, 0.095457471907138824]}  
-10.815505981445312 -13.6679105758667 -0.36860984563827515 [ 0.2047292   0.22966835  0.84268109  1.          1.          1.
  0.27767821  0.02027736  0.07344073  0.16219768  0.18195591  0.11295698] {'loss': [0.10480169206857681, 0.13041305541992188]}  
-8.92223072052002 -14.17476749420166 -0.10194248706102371 [ 0.1093101   0.92586925  1.          1.          1.          1.
  0.06950912  0.02334504  0.09733799  0.14811594  0.12574391  0.07183576] {'loss': [0.1871875524520874, 0.16356809437274933]}  
-6.976068019866943 -13.964616775512695 0.314724862575531 [ 0.36062764  1.          1.          1.          1.          0.18409717
  0.03608282  0.0180793   0.15284593  0.14570773  0.07300679  0.06017479] {'loss': [0.1539253443479538, 0.15124531090259552]}  
-5.338850498199463 -12.894683837890625 0.8147239685058594 [ 0.50400079  0.9123756   0.89207364  0.46339643  0.05502142  0.05247663
  0.02725949  0.23977119  0.23443597  0.12178009  0.04079707  0.07532341] {'loss': [0.10253358632326126, 0.11683115363121033]}  
-4.408485412597656 -11.175047874450684 1.3147234916687012 [ 0.26792228  0.26867181  0.14453035  0.06759765  0.06778678  0.03646551
  0.72300332  0.72502604  0.39002332  0.05299835  0.03341947  0.14303124] {'loss': [0.10196962207555771, 0.099372036755084991]}  
-4.360805034637451 -10.297860145568848 1.8147246837615967 [ 0.17093849  0.09512976  0.06787014  0.06980383  0.0388468   1.          1.
  1.          0.19205972  0.03341254  0.08565927  0.16620323] {'loss': [0.17785592377185822, 0.18522989749908447]}  
-4.353088855743408 -10.328702926635742 2.3147242069244385 [ 0.10070799  0.06701812  0.07069603  0.0406634   1.          1.          1.
  0.21341867  0.03372776  0.08249028  0.16597861  0.17508745] {'loss': [0.17020297050476074, 0.17892692983150482]}  
-4.767002582550049 -10.139819145202637 2.8147242069244385 [ 0.05959991  0.06448793  1.          1.          1.          1.
  0.32448006  0.03663968  0.07273728  0.15196062  0.16442355  0.09766308] {'loss': [0.14560683071613312, 0.13783566653728485]}  
-6.602859020233154 -9.996565818786621 -3.118460178375244 [ 0.04395228  1.          1.          1.          1.          0.93157681
  0.05582189  0.04314831  0.12288048  0.15954968  0.11648673  0.03675457] {'loss': [0.15405534207820892, 0.16096550226211548]}  
-8.56413745880127 -10.127037048339844 -2.926792621612549 [ 0.1375103   1.          1.          1.          1.          0.31819105
  0.09069618  0.07427074  0.15074446  0.15996524  0.09271221  0.0273044 ] {'loss': [0.11288938671350479, 0.11742708086967468]}  
-10.208588600158691 -10.943933486938477 -2.426793336868286 [ 0.46113598  0.9721016   1.          0.63317161  0.15321851  0.1667763
  0.10085602  0.21261039  0.23142356  0.1384823   0.02672792  0.02225061] {'loss': [0.078276596963405609, 0.093601226806640625]}  
-10.37292194366455 -11.100275993347168 -1.9267922639846802 [ 0.79066501  0.88287189  0.54503318  0.16315239  0.18217922  0.11246674
  0.22978297  0.25658008  0.15839741  0.03341753  0.02180237  0.36061854] {'loss': [0.097653567790985107, 0.088794253766536713]}  
-10.348657608032227 -11.568766593933105 -1.4267923831939697 [ 0.61792483  0.39327152  0.15875575  0.18187609  0.12399091  0.28317672
  0.32441714  0.20647163  0.04728581  0.02202197  0.23616839  0.53937334] {'loss': [0.071875326335430145, 0.065824314951896667]}  
-9.59678840637207 -13.305912017822266 -0.9267900586128235 [ 0.14492548  0.11678554  0.13729236  0.44876152  1.          1.          0.8243121
  0.20369947  0.02473782  0.07889845  0.18801092  0.22102451] {'loss': [0.11122744530439377, 0.11848672479391098]}  
-8.570199966430664 -14.170149803161621 -0.4267890751361847 [ 0.08029597  0.09688329  1.          1.          1.          1.
  0.98477569  0.02949618  0.01991418  0.123996    0.14961076  0.10100884] {'loss': [0.15864673256874084, 0.1751026064157486]}  
-7.177975654602051 -14.30245304107666 0.06487853825092316 [ 0.06620569  1.          1.          1.          1.          1.
  0.03796091  0.02637487  0.11409802  0.1413292   0.09819412  0.05344921] {'loss': [0.14438895881175995, 0.15920746326446533]}  
-5.213225364685059 -14.17479419708252 0.06487853825092316 [ 0.04214863  1.          1.          1.          1.          1.
  0.05811718  0.04037926  0.0114433   0.14837946  0.10309253  0.03402745] {'loss': [0.16921061277389526, 0.15382765233516693]}  
-3.248486042022705 -14.047135353088379 0.06487853825092316 [ 0.02916736  1.          1.          1.          1.          0.8754948
  0.09991362  0.069419    0.01967303  0.15597063  0.10836686  0.03071074] {'loss': [0.14666520059108734, 0.15365074574947357]}  
-1.283991813659668 -14.013588905334473 0.1482127457857132 [ 0.08238897  1.          1.          1.          1.          0.59402363
  0.20738424  0.13127848  0.02964202  0.01352634  0.09819089  0.02217095] {'loss': [0.11911825090646744, 0.10670741647481918]}  
0.5055981874465942 -13.228385925292969 0.6482124328613281 [ 0.48664906  1.          1.          0.87832375  0.51994698  0.6084318
  0.3968515   0.09678624  0.01487413  0.11958827  0.03413801  0.01837287] {'loss': [0.099689297378063202, 0.088180460035800934]}  
1.706836223602295 -11.684372901916504 1.1482113599777222 [ 0.31735555  0.38113715  0.76686393  1.          1.          1.
  0.40049575  0.01816809  0.06101604  0.09067501  0.01425399  0.12843317] {'loss': [0.090071767568588257, 0.089681543409824371]}  
2.0914974212646484 -9.762070655822754 1.473211407661438 [ 0.14996824  0.81607292  1.          1.          1.          1.
  0.04536314  0.02005624  0.10229274  0.05133383  0.02585563  0.10012115] {'loss': [0.12801425158977509, 0.12810508906841278]}  
2.2096610069274902 -7.798099994659424 1.5565441846847534 [ 0.07925583  1.          1.          1.          1.          1.
  0.03368178  0.0256788   0.10874088  0.1474038   0.01884771  0.05846759] {'loss': [0.16446880996227264, 0.11833091825246811]}  
2.23771333694458 -5.829430103302002 1.5565441846847534 [ 0.04859064  1.          1.          1.          1.          1.
  0.05017377  0.03825219  0.00992987  0.14582883  0.11117908  0.03584566] {'loss': [0.11977975815534592, 0.12844683229923248]}  
2.26576566696167 -3.8607606887817383 1.5565441846847534 [ 0.03280727  1.          1.          1.          1.          1.
  0.08257602  0.06295549  0.00989763  0.14427892  0.10999747  0.02420216] {'loss': [0.10781440883874893, 0.13500691950321198]}  
2.2938179969787598 -1.8922221660614014 1.5565441846847534 [ 0.02362985  1.          1.          1.          1.          1.
  0.16056713  0.12241543  0.04214821  0.01337325  0.10883455  0.01743191] {'loss': [0.13216042518615723, 0.14143885672092438]}  
1.984558343887329 0.0312445480376482 1.964877724647522 [ 0.57742226  1.          1.          1.          1.          0.41932726
  0.3668928   0.16126438  0.01356398  0.06547867  0.06013691  0.01758068] {'loss': [0.10900747030973434, 0.09858403354883194]}  
1.0217946767807007 1.3552677631378174 2.4648778438568115 [ 0.62892493  1.          0.91713223  0.85521712  1.          1.
  0.57091117  0.0151321   0.02683759  0.09776676  0.01462078  0.13163949] {'loss': [0.11585653573274612, 0.11359959095716476]}  
0.06229367107152939 1.752639889717102 2.964879035949707 [ 0.46816731  0.43112128  1.          1.          1.          1.
  0.08471956  0.01967339  0.10281307  0.01379792  0.05345049  0.27933198] {'loss': [0.083399511873722076, 0.076369456946849823]}  
-1.8955541849136353 1.6681638956069946 -3.0183053016662598 [ 0.16883855  0.83425453  1.          1.          1.          0.34878841
  0.02271425  0.06633262  0.15487472  0.01415911  0.06227281  0.1453958 ] {'loss': [0.067559562623500824, 0.032210137695074081]}  
-3.849079132080078 1.4260499477386475 -3.0183053016662598 [ 0.0856006   0.59565338  1.          1.          1.          0.24903297
  0.0313157   0.07376728  0.17223334  0.20000317  0.03157211  0.07371522] {'loss': [0.029630741104483604, 0.042093690484762192]}  
-5.803012847900391 1.1839287281036377 -3.0183053016662598 [ 0.05159762  0.44649086  1.          1.          0.78265575  0.03954592
  0.04592204  0.08252599  0.19268333  0.22375042  0.01903078  0.04443345] {'loss': [0.039659760892391205, 0.052525002509355545]}  
-7.759172439575195 0.9723570942878723 -3.126638412475586 [ 0.03496073  0.26338556  0.74983033  0.97341779  0.7105601   0.05768668
  0.07488793  0.06851525  0.19505548  0.25321785  0.18484005  0.02693049] {'loss': [0.028049193322658539, 0.025645345449447632]}  
-9.684979438781738 1.3499481678009033 2.789881467819214 [ 0.02225684  0.04530043  0.59045644  1.          0.02067423  0.05794669
  0.12268553  0.13392346  0.08994053  0.19042334  0.20786603  0.12482582] {'loss': [0.089651651680469513, 0.065937139093875885]}  
-11.381681442260742 2.3458104133605957 2.4565491676330566 [ 0.05619958  0.01902367  0.63973611  0.28873419  0.02415929  0.03895079
  0.18059934  0.29020824  0.25816867  0.11652006  0.13997236  0.12451907] {'loss': [0.079682528972625732, 0.085685618221759796]}  
-12.637365341186523 3.859830617904663 2.2065494060516357 [ 0.05632587  0.01381042  0.30504766  0.19999935  0.02669494  0.03137964
  0.24451959  0.58259152  0.68483033  0.44899757  0.11092604  0.08591059] {'loss': [0.12377388030290604, 0.10300577431917191]}  
-13.442007064819336 5.6404032707214355 1.756547451019287 [ 0.05276147  0.03109938  0.18249087  0.19625132  0.01934571  0.0400472
  0.06035552  0.70173604  1.          1.          0.92080484  0.16989043] {'loss': [0.24950158596038818, 0.24804960191249847]}  
-13.300835609436035 7.5824503898620605 1.2565468549728394 [ 0.12871616  0.03466182  0.0197807   0.19479348  0.20423203  0.03232713
  0.06447123  0.06759511  0.64703534  1.          1.          0.77208643] {'loss': [0.21704159677028656, 0.22770975530147552]}  
-12.488205909729004 9.373537063598633 1.1315457820892334 [ 0.11724911  0.02631817  0.10555635  0.26503203  0.01649682  0.03994784
  0.10030148  0.12157633  0.21151838  0.53108271  0.64373019  0.4368135 ] {'loss': [0.18525813519954681, 0.079642705619335175]}  
-11.842260360717773 10.73254108428955 1.1315457820892334 [ 0.07318227  0.02119543  0.15999112  0.25366934  0.01799546  0.07020919
  0.17628206  0.21367303  0.1449913   0.33148084  0.40179085  0.27264169] {'loss': [0.10148371011018753, 0.088158786296844482]}  
-11.414040565490723 11.599756240844727 1.0065451860427856 [ 0.08747473  0.01885128  0.15058126  0.17010545  0.01918615  0.07518538
  0.24374851  0.33747923  0.26264642  0.22662702  0.31377378  0.24419759] {'loss': [0.10185319185256958, 0.06823904812335968]}  
-10.708728790283203 12.243081092834473 0.5065447092056274 [ 0.16673504  0.05669761  0.01726639  0.29225151  0.09937906  0.02119538
  0.12549793  0.38423207  0.51750744  0.39204884  0.16341057  0.22009146] {'loss': [0.076039142906665802, 0.11714782565832138]}  
-9.778817176818848 12.474315643310547 0.07321130484342575 [ 0.14776353  0.1016359   0.02815161  0.01662288  0.22717366  0.06292367
  0.02424166  0.19750011  0.50680086  0.62194755  0.42779292  0.12040676] {'loss': [0.15111871063709259, 0.12808211147785187]}  
-8.812954902648926 12.545199394226074 0.07321132719516754 [ 0.10502609  0.07223991  0.02000936  0.31718872  0.21817141  0.06043009
  0.0283562   0.20905364  0.53644873  0.65833104  0.45281872  0.12542394] {'loss': [0.088235966861248016, 0.1014833077788353]}  
-7.846673011779785 12.616095542907715 0.07321132719516754 [ 0.07845738  0.0539652   0.01494754  0.30486126  0.20969225  0.0580815
  0.03361721  0.22165365  0.56878115  0.6980103   0.480111    0.13298348] {'loss': [0.099887318909168243, 0.086068935692310333]}  
-6.8803911209106445 12.686991691589355 0.07321132719516754 [ 0.06082923  0.04184007  0.23894881  0.29323856  0.20169784  0.05586719
  0.04049066  0.23542834  0.60412834  0.74138811  0.50994758  0.14124767] {'loss': [0.088506855070590973, 0.084685571491718292]}  
-5.914243698120117 12.75792121887207 0.07321132719516754 [ 0.04853895  0.03338647  0.23000513  0.28226308  0.19414848  0.05377614
  0.04970849  0.25053597  0.6428958   0.78896358  0.54267143  0.15031162] {'loss': [0.08919137716293335, 0.095542639493942261]}  
-4.947961807250977 12.828817367553711 0.07321132719516754 [ 0.03962868  0.02725773  0.22155879  0.27189773  0.18701883  0.05180132
  0.06247493  0.26713667  0.68549461  0.84124105  0.5786289   0.16027137] {'loss': [0.097409725189208984, 0.075243934988975525]}  
-3.981680154800415 12.899713516235352 0.07321132719516754 [ 0.03296417  0.0226737   0.21356901  0.26209252  0.18027453  0.06590161
  0.08087462  0.28544449  0.73247337  0.89889367  0.61828434  0.17125531] {'loss': [0.091128118336200714, 0.10239133238792419]}  
-3.0154125690460205 12.970599174499512 0.07321132719516754 [ 0.02784976  0.08027951  0.20600372  0.25280842  0.17388874  0.08864305
  0.10878297  0.30570061  0.7844524   0.96268163  0.66216022  0.18340811] {'loss': [0.11694058030843735, 0.11203647404909134]}  
-2.0495362281799316 13.041345596313477 0.07321132719516754 [ 0.02384089  0.07749141  0.19884921  0.24402839  0.16784955  0.1255417
  0.15406511  0.3281385   0.84203056  1.          0.71076158  0.19687003] {'loss': [0.1299627274274826, 0.096589736640453339]}  
-1.0832618474960327 13.112241744995117 0.07321132719516754 [ 0.02063801  0.07484023  0.19204608  0.23567956  0.16210705  0.19141445
  0.23490434  0.35320028  0.9063406   1.          0.76504651  0.21190607] {'loss': [0.14193542301654816, 0.13530866801738739]}  
-0.11698853969573975 13.183137893676758 0.07321132719516754 [ 0.01803974  0.07232281  0.18558619  0.22775186  0.15665422  0.3268993
  0.40117171  0.38124723  0.97831061  1.          0.82579741  0.22873303] {'loss': [0.10218476504087448, 0.12121643871068954]}  
