1.0 0.0 1.288325984205585e-05 [ 0.19653257  0.02715142  0.06518101  0.08690672  0.06517907  0.05349683
  1.          1.          0.45126657  0.03179839  0.02384844  0.14740161] {'loss': [0.15207590162754059, 0.15315757691860199]}  
1.0 0.0 0.06668053567409515 [ 0.19586429  0.0262559   0.06941373  0.08661119  0.06065083  1.          1.
  1.          0.36334832  0.03169025  0.02219159  0.15697358] {'loss': [0.17431128025054932, 0.16882120072841644]}  
1.0 0.0 0.6166802644729614 [ 0.02838597  0.07121664  0.08628402  0.05852075  1.          1.          1.
  0.32590006  0.03157055  0.02141222  0.1610507   0.19512442] {'loss': [0.14323882758617401, 0.1271541565656662]}  
1.5858534574508667 0.7928122878074646 1.1666779518127441 [ 0.0591924   0.06965709  1.          1.          1.          1.
  0.76608853  0.03604814  0.02366415  0.12988758  0.15285057  0.02479769] {'loss': [0.13461317121982574, 0.10223688930273056]}  
1.8157989978790283 1.7647764682769775 1.3833433389663696 [ 0.05344154  0.94396907  1.          1.          1.          1.
  0.04278142  0.03949847  0.01887737  0.1363711   0.12590631  0.03178313] {'loss': [0.12019908428192139, 0.10916898399591446]}  
1.9386436939239502 2.7564401626586914 1.4833418130874634 [ 0.04406755  1.          1.          1.          1.          1.
  0.05482357  0.04538587  0.02047765  0.13378145  0.11075142  0.02978924] {'loss': [0.13276614248752594, 0.12039569765329361]}  
1.956055760383606 3.8538060188293457 1.6333415508270264 [ 0.03554001  1.          1.          1.          1.          1.          0.0725287
  0.05053394  0.02438821  0.1331853   0.09279605  0.02861742] {'loss': [0.16190598905086517, 0.17443311214447021]}  
1.876970887184143 4.849817276000977 1.758341670036316 [ 0.34662499  1.          1.          1.          0.05337342  0.08611969
  0.09411064  0.05659053  0.02729684  0.13308831  0.08002852  0.02640648] {'loss': [0.109371118247509, 0.092833004891872406]}  
1.388862133026123 5.8166584968566895 2.283341646194458 [ 1.          1.          0.07702814  0.05783568  0.1207211   0.13054459
  0.07748264  0.02991415  0.15928202  0.09453932  0.02260962  0.12144549] {'loss': [0.16547319293022156, 0.15122248232364655]}  
0.6063681840896606 6.578059196472168 2.5833423137664795 [ 0.64579481  0.06472521  0.05098478  0.13089753  0.18353204  0.14457027
  0.05297403  0.03878548  0.18296573  0.06704304  0.02244999  0.24872764] {'loss': [0.076552011072635651, 0.085217148065567017]}  
-0.43679800629615784 6.883101940155029 3.025009870529175 [ 0.04990199  0.04265885  0.13668706  0.20964107  0.1792122   0.07582933
  0.04756902  0.22705732  0.14778155  0.02114187  0.07493544  0.30754975] {'loss': [0.055819302797317505, 0.068384014070034027]}  
-1.5293304920196533 7.011064052581787 3.025009870529175 [ 0.03957895  0.03535929  0.14512151  0.22257725  0.19027074  0.08050848
  0.06142088  0.1957461   0.35145708  0.02075131  0.01773931  0.16202427] {'loss': [0.074597328901290894, 0.068049430847167969]}  
-2.4221134185791016 7.124821662902832 2.9416768550872803 [ 0.04020919  0.03021211  0.13557512  0.22923284  0.21258612  0.10228165
  0.0760007   0.11782445  0.63211878  0.11520419  0.01850554  0.09581652] {'loss': [0.057740021497011185, 0.060531530529260635]}  
-3.3053815364837646 7.289451599121094 3.0833446979522705 [ 0.02879167  0.05045114  0.17885043  0.25794562  0.20864137  0.08024206
  0.10229668  0.18163252  0.64389203  0.30919605  0.01626924  0.08320409] {'loss': [0.060230772942304611, 0.056525304913520813]}  
-4.204685688018799 7.259520530700684 -3.099839925765991 [ 0.02491366  0.07342168  0.2008936   0.25538957  0.18241357  0.11014832
  0.14002802  0.27426048  0.75042133  0.95398651  0.01445636  0.07081438] {'loss': [0.13630793988704681, 0.13818781077861786]}  
-5.101029396057129 7.190062999725342 -2.9331722259521484 [ 0.02090404  0.10877635  0.2230237   0.23829549  0.13931973  0.18215189
  0.19462492  0.44523878  0.91287132  0.97538151  0.01148544  0.06296442] {'loss': [0.15212897956371307, 0.11032929271459579]}  
-5.701430797576904 6.9945244789123535 -2.949838876724243 [ 0.01916874  0.09887011  0.202713    0.21659386  0.12663195  0.24351337
  0.26018819  0.5483795   1.          1.          0.70235952  0.05403759] {'loss': [0.16346314549446106, 0.2112840861082077]}  
-6.593235015869141 7.03533411026001 2.883347272872925 [ 0.04585575  0.01661932  0.11645284  0.21358236  0.21087827  0.23521199
  0.43139445  0.42593273  0.62718415  1.          1.          0.59805696] {'loss': [0.16639323532581329, 0.13671784102916718]}  
-7.381739616394043 7.4598493576049805 2.4333479404449463 [ 0.33932942  0.02515999  0.03228437  0.1630633   0.27013244  0.24642259
  0.5038958   0.83475953  0.76149184  0.47847155  0.79264103  0.72306954] {'loss': [0.11917617172002792, 0.10297902673482895]}  
-7.909947872161865 8.183548927307129 1.9833496809005737 [ 0.39027979  0.1609631   0.01474264  0.07047925  0.2771454   0.41777054
  0.35173012  1.          1.          1.          0.52694964  0.46355868] {'loss': [0.165895015001297, 0.13586677610874176]}  
-7.914973735809326 7.795126914978027 1.5333489179611206 [ 0.59301078  0.45983978  0.16358612  0.01485393  0.07775195  0.25006951
  0.34492743  0.35326893  1.          1.          1.          0.43232037] {'loss': [0.17607121169567108, 0.19229654967784882]}  
-7.691699504852295 8.521188735961914 1.0833443403244019 [ 0.29615734  0.37533818  0.26722138  0.0303012   0.01521938  0.15436657
  0.41995942  0.53223978  0.37892759  0.96765078  1.          0.87310755] {'loss': [0.14018954336643219, 0.1333339661359787]}  
-7.105600357055664 9.189534187316895 0.64167720079422 [ 0.45351974  0.21714331  0.25359655  0.16503592  0.03648913  0.01616513
  0.33896119  0.79890925  0.93302624  0.6071963   0.59671141  0.69688509] {'loss': [0.12223973125219345, 0.11025547236204147]}  
-6.33475923538208 9.63991928100586 0.33334264159202576 [ 0.35895807  0.17001615  0.199139    0.18276405  0.02956542  0.01753368
  0.17715174  0.91445899  1.          1.          0.66345295  0.39111946] {'loss': [0.14960098266601562, 0.14295013248920441]}  
-5.453010082244873 9.812255859375 0.16667670011520386 [ 0.24004459  0.14675799  0.16680171  0.18476573  0.02550317  0.02319364
  0.05525133  0.81387236  1.          1.          1.          0.2450445 ] {'loss': [0.20690105855464935, 0.1814589649438858]}  
-4.5562615394592285 9.881478309631348 0.025011297315359116 [ 0.16501945  0.12021529  0.141806    0.18372907  0.01048645  0.04203805
  0.02337192  0.60993537  1.          1.          1.          0.51282119] {'loss': [0.1928204745054245, 0.17871864140033722]}  
-3.6565377712249756 9.903983116149902 0.025012101978063583 [ 0.11795343  0.08592796  0.14044763  0.18196897  0.028498    0.04163518
  0.02695284  0.63102559  1.          1.          1.          0.53054916] {'loss': [0.16677902638912201, 0.15939910709857941]}  
-2.756821870803833 9.926487922668457 0.02501290664076805 [ 0.08848825  0.06446279  0.1391087   0.01431729  0.03904046  0.04123804
  0.03142446  0.65322907  1.          1.          1.          0.54921316] {'loss': [0.1615060418844223, 0.15991313755512238]}  
-1.8571059703826904 9.948853492736816 0.02501371130347252 [ 0.06882814  0.05014059  0.13778883  0.0142788   0.05673127  0.04084672
  0.03710872  0.67662245  1.          1.          1.          0.5688805 ] {'loss': [0.15881283581256866, 0.15505750477313995]}  
-0.9575585722923279 9.920963287353516 -0.033318810164928436 [ 0.05503558  0.04288061  0.13010409  0.01431482  0.07325611  0.05044269
  0.04446422  0.53040076  1.          1.          1.          0.66835188] {'loss': [0.17177839577198029, 0.16651305556297302]}  
-0.05805828422307968 9.8909912109375 -0.03331800550222397 [ 0.04502691  0.04054595  0.09554434  0.01436633  0.13324272  0.05109113
  0.05427595  0.50664399  1.          1.          1.          0.63841161] {'loss': [0.14944472908973694, 0.15227074921131134]}  
0.8371167778968811 9.800776481628418 -0.11665113270282745 [ 0.03708197  0.03170198  0.07665444  0.01433503  0.16005559  0.06773212
  0.06681858  0.31559254  1.          1.          1.          0.71892159] {'loss': [0.17073929309844971, 0.16928757727146149]}  
1.8303208351135254 9.6843900680542 -0.11665113270282745 [ 0.03085439  0.03129997  0.05065469  0.01453829  0.16849036  0.07130152
  0.08812652  0.2692744   1.          1.          1.          0.61340876] {'loss': [0.15945084393024445, 0.16996335983276367]}  
2.7242045402526855 9.579642295837402 -0.11665113270282745 [ 0.02649954  0.03281855  0.03710642  0.01472494  0.17666491  0.07653695
  0.11739706  0.23578329  0.96790838  1.          1.          0.53711574] {'loss': [0.16123791038990021, 0.14869506657123566]}  
3.7174086570739746 9.463255882263184 -0.11665113270282745 [ 0.02266058  0.03463918  0.02756997  0.2181097   0.18646555  0.11145345
  0.17095415  0.20540788  0.84321405  1.          1.          0.46792015] {'loss': [0.13054065406322479, 0.12809744477272034]}  
4.710612773895264 9.346869468688965 -0.11665113270282745 [ 0.0195992   0.03661563  0.00987887  0.23055451  0.19710493  0.17711478
  0.27166952  0.23225456  0.74115219  1.          0.97188988  0.4112833 ] {'loss': [0.12168736010789871, 0.11169587820768356]}  
5.703816890716553 9.230483055114746 -0.11665113270282745 [ 0.01711874  0.0387662   0.15913817  0.24409587  0.20868156  0.32397167
  0.49692789  0.42483156  0.65655768  1.          0.86095946  0.3643397 ] {'loss': [0.077900722622871399, 0.089925818145275116]}  
6.640164852142334 8.90198040008545 -0.5749834179878235 [ 0.22046302  0.015358    0.03068954  0.20648417  0.28953503  0.24274971
  0.80864351  1.          0.89324728  0.5445987   0.76364416  0.60157625] {'loss': [0.064652629196643829, 0.07013498991727829]}  
7.308655738830566 8.166728973388672 -1.0749825239181519 [ 0.33959698  0.11828421  0.01416008  0.02627133  0.32685686  0.44576664
  0.65262894  1.          1.          1.          0.74683426  0.44279342] {'loss': [0.090771257877349854, 0.089002907276153564]}  
7.505166053771973 7.801679611206055 -1.574981451034546 [ 0.33333839  0.2488075   0.08214124  0.01381363  0.15773537  0.46871516
  0.62197072  1.          1.          1.          1.          1.        ] {'loss': [0.14539730548858643, 0.1424747109413147]}  
7.63805627822876 8.485360145568848 -2.0749776363372803 [ 1.          0.53614658  0.38932456  0.12145793  0.01359014  0.02334777
  0.28946659  0.37387584  1.          1.          1.          1.        ] {'loss': [0.16497381031513214, 0.16237546503543854]}  
6.974013805389404 7.786726474761963 -2.5666449069976807 [ 1.          0.37453095  0.34474193  0.24344016  0.07152447  0.01462989
  0.17521947  0.4699289   0.59098     0.53522582  1.          1.        ] {'loss': [0.11070754379034042, 0.10781540721654892]}  
6.131531715393066 7.249459743499756 -2.6416449546813965 [ 0.56331512  0.19441412  0.25731144  0.19641233  0.0677868   0.01628178
  0.03263046  0.69588648  0.94448159  0.7209468   0.54373423  0.73797456] {'loss': [0.06025342270731926, 0.057408973574638367]}  
5.188396453857422 6.926078796386719 -2.8499786853790283 [ 0.34352516  0.17608061  0.20727511  0.2007543   0.10290062  0.01745689
  0.04812727  0.7124077   1.          1.          0.63227347  0.35468342] {'loss': [0.075597606599330902, 0.067165978252887726]}  
4.230611801147461 6.638574600219727 -2.8499786853790283 [ 0.20545833  0.10531176  0.18197693  0.176252    0.09034146  0.01996906
  0.06071678  1.          1.          1.          0.91053685  0.21213195] {'loss': [0.13616825640201569, 0.1033080592751503]}  
3.272833824157715 6.3510637283325195 -2.8499786853790283 [ 0.13655002  0.09008121  0.16104225  0.1559759   0.07994854  0.02306524
  0.07897893  0.01225566  1.          1.          1.          0.15995469] {'loss': [0.11120948195457458, 0.094899863004684448]}  
2.353039264678955 5.966484069824219 -2.624978542327881 [ 0.08109649  0.10901671  0.14653508  0.11078948  0.03752554  0.02827639
  0.08706797  0.01823214  0.02450677  1.          1.          0.10726181] {'loss': [0.11402357369661331, 0.12415808439254761]}  
1.631794810295105 5.282960891723633 -2.14164662361145 [ 0.08073917  0.11491701  0.09181429  0.03453367  0.03200994  0.1195966
  0.0191064   0.02719437  1.          1.          1.          0.06812413] {'loss': [0.11312880367040634, 0.094972513616085052]}  
1.3234740495681763 4.340044975280762 -1.6499757766723633 [ 0.0853144   0.06998247  0.02759381  0.16985877  0.13933325  0.02173879
  0.03183497  0.54713667  1.          1.          1.          0.0582577 ] {'loss': [0.094442598521709442, 0.081263996660709381]}  
1.2452038526535034 3.343086004257202 -1.6249758005142212 [ 0.06510983  0.05242566  0.02398521  0.17595855  0.14167964  0.02680328
  0.03846785  0.51377806  1.          1.          1.          0.04536666] {'loss': [0.068713173270225525, 0.093076057732105255]}  
1.2610255479812622 2.343301773071289 -1.5499762296676636 [ 0.05136824  0.03760541  0.13488342  0.17559703  0.12855017  0.03646349
  0.04746975  0.71123104  1.          1.          1.          0.61564347] {'loss': [0.056318093091249466, 0.06477721780538559]}  
1.281707763671875 1.3435115814208984 -1.5583094358444214 [ 0.04144311  0.03033947  0.13371394  0.17407456  0.02512915  0.04592428
  0.05978619  0.73597175  1.          1.          1.          0.63705913] {'loss': [0.077847540378570557, 0.091733135282993317]}  
1.0448583364486694 0.3846608102321625 -2.0583086013793945 [ 0.41682825  0.03430915  0.02442811  0.15069737  0.1910008   0.02543242
  0.06053806  0.07672871  0.05463081  1.          1.          1.        ] {'loss': [0.13669802248477936, 0.13407798111438751]}  
0.4959551990032196 -0.4494849443435669 -2.2083091735839844 [ 0.35588895  0.0292699   0.02472091  0.16123049  0.24390768  0.03322786
  0.06433922  0.09733164  0.08220479  0.04113378  1.          0.85830477] {'loss': [0.13224625587463379, 0.10816758871078491]}  
-0.274095356464386 -1.0646308660507202 -2.708311080932617 [ 0.43786562  0.17359465  0.02643637  0.02175309  0.25324985  0.3721371
  0.03806541  0.08204728  0.12056407  0.09920584  0.0393308   0.0521029 ] {'loss': [0.13852898776531219, 0.14138548076152802]}  
-1.242279291152954 -1.2970246076583862 -2.9666433334350586 [ 0.28363236  0.17152244  0.02259758  0.02480834  0.31219833  0.6667574
  0.05627789  0.05476966  0.11697079  0.12841427  0.07765662  0.03756602] {'loss': [0.10373688489198685, 0.11272769421339035]}  
-2.2296907901763916 -1.4476680755615234 -3.108309030532837 [ 0.03497529  0.12996269  0.01958967  0.02490755  0.66353595  1.
  0.07462341  0.05330881  0.11019968  0.14011483  0.10009405  0.03015809] {'loss': [0.14809173345565796, 0.12650428712368011]}  
-3.2291319370269775 -1.4809489250183105 -3.1083083152770996 [ 0.02926616  0.08920928  0.01931581  0.02479206  1.          1.
  0.10017282  0.07226882  0.11061407  0.14197438  0.10242618  0.03151769] {'loss': [0.15466491878032684, 0.17405158281326294]}  
-4.228573322296143 -1.5142297744750977 -3.108307361602783 [ 0.02483573  0.06452482  1.          1.          1.          1.
  0.14137854  0.10199621  0.11201522  0.14377258  0.10372339  0.0319168 ] {'loss': [0.27966120839118958, 0.25503569841384888]}  
-5.324194431304932 -1.5922433137893677 -2.916639566421509 [ 0.06302776  1.          1.          1.          1.          0.57527387
  0.21426305  0.12245554  0.13425677  0.14092293  0.08054017  0.01914079] {'loss': [0.2408628910779953, 0.25650012493133545]}  
-5.706821918487549 -1.7519590854644775 -2.4166407585144043 [ 1.          1.          1.          1.          0.48255196  0.26270199
  0.15506858  0.13946641  0.15015476  0.08863379  0.0178216   0.05771588] {'loss': [0.22030222415924072, 0.22633989155292511]}  
-6.235408306121826 -2.4997639656066895 -1.916642189025879 [ 1.          1.          0.80444913  0.3278785   0.36211389  0.22059015
  0.19169023  0.21170563  0.12896543  0.02621007  0.03864118  0.55475002] {'loss': [0.17970232665538788, 0.16822461783885956]}  
-6.168703079223633 -2.3487651348114014 -1.3666415214538574 [ 1.          0.98533381  0.32215466  0.34579896  0.20334705  0.17828628
  0.19137143  0.11253599  0.02061524  0.05127094  0.75619321  1.        ] {'loss': [0.18962626159191132, 0.15723578631877899]}  
-5.730852127075195 -3.232571840286255 -0.866639256477356 [ 0.40564212  0.24953649  0.27475702  0.16675582  0.27362562  0.3012808
  0.18285361  0.03677136  0.02022323  0.0346973   0.60701056  0.66836067] {'loss': [0.054872673004865646, 0.067582853138446808]}  
-4.973989486694336 -3.880498170852661 -0.6166388988494873 [ 0.14553496  0.19461494  0.16360903  0.30587753  0.46031717  0.38697985
  0.15920284  0.02175632  0.05933254  0.01158799  0.42079794  0.35375677] {'loss': [0.042815644294023514, 0.033288188278675079]}  
-3.975313186645508 -4.329722881317139 -0.3166392743587494 [ 0.11855884  0.12687658  0.28648418  0.58874773  0.63005227  0.36909384
  0.06683053  0.02462083  0.05337564  0.01489458  0.30852609  0.18073916] {'loss': [0.038798239082098007, 0.03253454715013504]}  
-2.887934684753418 -4.474882125854492 -0.09163829684257507 [ 0.09132702  0.13093392  0.49819945  0.74078717  0.61610918  0.24884361
  0.03046901  0.05159982  0.04552943  0.01612061  0.24280281  0.09806689] {'loss': [0.067173339426517487, 0.059399235993623734]}  
-1.8921149969100952 -4.565966606140137 -0.08330447226762772 [ 0.06892415  0.14193743  0.540067    0.80304052  0.66788458  0.2697551
  0.03657468  0.04913046  0.06839021  0.01593418  0.23118264  0.09337348] {'loss': [0.068372979760169983, 0.057266220450401306]}  
-0.9114340543746948 -4.407388687133789 0.2916969656944275 [ 0.05926882  0.37974477  0.67880721  0.65739349  0.33691753  0.04258821
  0.04124473  0.15965711  0.01549379  0.05016059  0.14212296  0.05160923] {'loss': [0.064123474061489105, 0.066815964877605438]}  
0.040070995688438416 -4.099782943725586 0.42503029108047485 [ 0.09234004  0.36776306  0.55726353  0.47134023  0.19591731  0.05500527
  0.05887521  0.22623945  0.01681342  0.0528531   0.12491511  0.04362313] {'loss': [0.045837447047233582, 0.035572756081819534]}  
0.930273711681366 -3.643662452697754 0.4750303328037262 [ 0.0860808   0.29086547  0.4105392   0.32542838  0.12064371  0.06930837
  0.10072131  0.3403354   0.01801763  0.04298398  0.14116264  0.03680976] {'loss': [0.043935641646385193, 0.038528691977262497]}  
1.8195512294769287 -3.1862993240356445 0.4750303328037262 [ 0.06546497  0.22120499  0.31221759  0.24749033  0.09175031  0.08893177
  0.14229877  0.480825    0.01917829  0.01520235  0.10060142  0.03124471] {'loss': [0.048788547515869141, 0.052743121981620789]}  
2.7613136768341064 -2.882199764251709 0.08336362987756729 [ 0.02647733  0.08771     0.21713613  0.26105952  0.17555701  0.09942108
  0.11953257  0.30158526  0.74660858  0.89763683  0.01341266  0.08474085] {'loss': [0.068722300231456757, 0.063333876430988312]}  
3.7605485916137695 -2.908552885055542 -0.0833020955324173 [ 0.02269468  0.04998794  0.18135708  0.26422882  0.21573156  0.12042768
  0.17545752  0.16741013  0.60736596  0.88490429  0.72248651  0.05210097] {'loss': [0.071967281401157379, 0.062369812279939651]}  
4.731354713439941 -3.139948606491089 -0.1499675065279007 [ 0.01931761  0.03827694  0.18079749  0.29249502  0.261672    0.1678371
  0.27152753  0.24291402  0.43725327  0.7073902   0.63284571  0.03577146] {'loss': [0.044501293450593948, 0.047506134957075119]}  
5.715606689453125 -3.0288195610046387 0.3500330150127411 [ 0.03213885  0.16588559  0.27686006  0.25408767  0.29478005  0.49198256
  0.45151556  0.45320205  0.75638593  0.69417139  0.32877321  0.02558935] {'loss': [0.045211154967546463, 0.049265649169683456]}  
5.914360046386719 -2.948666572570801 0.4333653151988983 [ 0.04968378  0.18380874  0.27006957  0.22220543  0.40807591  0.59958464
  0.49332089  0.5772473   0.84814757  0.69783134  0.27661487  0.01669743] {'loss': [0.062243834137916565, 0.061681125313043594]}  
5.914360046386719 -2.948666572570801 -0.0666341707110405 [ 0.01675286  0.05473724  0.18975871  0.27096605  0.21715188  0.4212858
  0.60157464  0.48210163  0.59593315  0.85096306  0.68196089  0.25792875] {'loss': [0.04938899353146553, 0.051006466150283813]}  
6.2085280418396 -3.113679885864258 -0.5666336417198181 [ 0.2117237   0.01622536  0.0645376   0.2104804   0.29223788  0.22805247
  0.54006318  0.74984052  0.58514998  0.54273445  0.75355017  0.58804485] {'loss': [0.053563985973596573, 0.055512621998786926]}  
6.1990532875061035 -2.9171032905578613 -1.0666323900222778 [ 0.6412939   0.21924517  0.01617081  0.06579369  0.20257454  0.27359543
  0.20783554  0.57301446  0.77390883  0.58789617  0.62506056  0.84420153] {'loss': [0.074684031307697296, 0.088900089263916016]}  
6.0917840003967285 -3.010179042816162 -1.5666285753250122 [ 0.84471715  0.62442511  0.03299845  0.01642784  0.07136461  0.20808633
  0.27348617  0.20216432  0.52958452  0.69602887  0.51451298  0.64271662] {'loss': [0.089499332010746002, 0.091017745435237885]}  
5.846960067749023 -3.966968059539795 -2.0666263103485107 [ 0.31694006  0.40549887  0.29157269  0.03553213  0.01690105  0.13772664
  0.38138166  0.48794654  0.35085638  0.45282303  0.57934955  0.41657947] {'loss': [0.023270046338438988, 0.022024080157279968]}  
5.17240047454834 -4.685417652130127 -2.566627264022827 [ 0.25770892  0.21317273  0.26558406  0.18567769  0.04215352  0.01841555
  0.26845548  0.70777669  0.88179249  0.61648747  0.29587043  0.36861392] {'loss': [0.029282545670866966, 0.038891401141881943]}  
4.233266830444336 -4.989630699157715 -3.066627264022827 [ 0.22283739  0.15140388  0.18542314  0.22501478  0.01028195  0.04116016
  0.02092553  0.40228465  1.          1.          0.83449871  0.22466904] {'loss': [0.094254963099956512, 0.093778662383556366]}  
3.7238101959228516 -4.911467552185059 3.083225965499878 [ 0.17788019  0.14389886  0.16184632  0.23345489  0.01238174  0.05225617
  0.02261951  0.22265599  0.78957717  1.          0.92135054  0.35442895] {'loss': [0.10051512718200684, 0.10773276537656784]}  
2.7258331775665283 -4.903583526611328 2.983226776123047 [ 0.11911489  0.10561064  0.14344197  0.22958167  0.01333127  0.06214782
  0.02597437  0.15188466  0.69662871  1.          0.98856236  0.44381787] {'loss': [0.10513392835855484, 0.12761309742927551]}  
1.8192349672317505 -4.499275207519531 2.4832279682159424 [ 0.28827652  0.08920389  0.07708286  0.18068241  0.15387765  0.01372004
  0.08832777  0.03051857  0.11775622  0.49876059  0.77452305  0.66928103] {'loss': [0.041745319962501526, 0.052178412675857544]}  
1.213081955909729 -3.711987257003784 2.0082271099090576 [ 0.35821425  0.14317104  0.0752996   0.08120971  0.30413384  0.01770979
  0.01464023  0.11971625  0.03442982  0.07833875  0.2933819   0.4333196 ] {'loss': [0.04281938448548317, 0.059048470109701157]}  
0.7564254999160767 -2.824822425842285 2.1332268714904785 [ 0.18656074  0.05661025  0.06711231  0.26217847  0.29554206  0.02013836
  0.06192778  0.17049347  0.03775238  0.07412606  0.20407662  0.26029395] {'loss': [0.038577012717723846, 0.048575207591056824]}  
0.22318094968795776 -1.978860855102539 2.1332268714904785 [ 0.12617672  0.04603368  0.05871467  0.56664575  0.17194378  0.02279467
  0.08077934  0.2223938   0.04199375  0.05013371  0.13802319  0.1760447 ] {'loss': [0.07490132749080658, 0.050199028104543686]}  
-0.18886497616767883 -1.069316029548645 1.8165597915649414 [ 0.11670485  0.06324781  0.04945026  0.52595487  0.28503941  0.02443159
  0.02463413  0.17749747  0.33498985  0.04304033  0.06132874  0.11574532] {'loss': [0.047305580228567123, 0.036694865673780441]}  
-0.1843467503786087 -0.07874734699726105 1.3748931884765625 [ 0.08685511  0.08092349  0.0392062   0.53604721  0.49943888  0.24197043
  0.02990813  0.02786561  0.20522146  0.34902557  0.04127417  0.05106943] {'loss': [0.032905090600252151, 0.032631807029247284]}  
-0.1437288373708725 0.9155787229537964 1.6332272291183472 [ 0.06808462  0.04744409  0.46369722  0.57593993  0.40133784  0.02994598
  0.03719471  0.02591876  0.28250374  0.35088671  0.03162581  0.05481588] {'loss': [0.035049702972173691, 0.041333790868520737]}  
-0.20611880719661713 1.9136322736740112 1.6332272291183472 [ 0.05327635  0.03712509  0.44245786  0.54955919  0.38295476  0.03667878
  0.04555724  0.03174611  0.2932625   0.36424975  0.25382368  0.04289354] {'loss': [0.028289064764976501, 0.037716783583164215]}  
-0.26850879192352295 2.9116857051849365 1.6332272291183472 [ 0.04282197  0.02984006  0.4226451   0.52495052  0.36580644  0.0459664
  0.05709303  0.0397847   0.30464782  0.37839095  0.2636779   0.03447656] {'loss': [0.016349069774150848, 0.014147162437438965]}  
-0.41705718636512756 3.894695520401001 1.9248926639556885 [ 0.03132093  0.27867055  0.46258391  0.42267722  0.04299934  0.07137751
  0.06521983  0.03068396  0.4017071   0.36705205  0.17268699  0.03427807] {'loss': [0.024271562695503235, 0.014641907997429371]}  
-0.8285131454467773 4.805586338043213 1.9998928308486938 [ 0.02481832  0.24348738  0.36332712  0.03821613  0.06374997  0.09512647
  0.07936704  0.03512678  0.54511473  0.45480665  0.18469798  0.02974634] {'loss': [0.040716070681810379, 0.021585175767540932]}  
-1.249058723449707 5.712183952331543 2.066558837890625 [ 0.02013729  0.20733967  0.04226573  0.03303766  0.09332888  0.12980565
  0.10146458  0.0419135   0.05829502  0.60168716  0.21731602  0.02576204] {'loss': [0.032628890126943588, 0.043217256665229797]}  
-1.8024526834487915 6.544005393981934 2.1665587425231934 [ 0.06900364  0.17743643  0.03771015  0.05670061  0.14580031  0.17913551
  0.12337101  0.0542346   0.06663459  0.7605331   0.25505024  0.02253977] {'loss': [0.048808839172124863, 0.045168414711952209]}  
-2.467697858810425 7.2831902503967285 2.383225679397583 [ 0.08666111  0.05236449  0.03075449  0.13396091  0.24043217  0.23356459
  0.12022567  0.07573865  0.07851064  0.5100093   0.18978937  0.01866418] {'loss': [0.040125783532857895, 0.029833586886525154]}  
-3.314470052719116 7.78929328918457 2.841559648513794 [ 0.05627488  0.02755108  0.15318465  0.3066683   0.32237489  0.18459806
  0.09360308  0.09839717  0.2770567   0.55465441  0.01801082  0.05446253] {'loss': [0.025787865743041039, 0.02737339586019516]}  
-3.4920408725738525 7.82984733581543 -3.0499579906463623 [ 0.02763434  0.11622334  0.28775813  0.34599128  0.23268961  0.09104749
  0.10947266  0.19497781  0.48274689  0.01857217  0.03725143  0.09223107] {'loss': [0.023474311456084251, 0.028041740879416466]}  
-3.4920408725738525 7.82984733581543 -3.049957036972046 [ 0.02763434  0.11622344  0.28775842  0.34599121  0.23268934  0.09104758
  0.10947261  0.19497814  0.4827473   0.01857217  0.03725153  0.09223113] {'loss': [0.031860556453466415, 0.02368750236928463]}  
-3.4920408725738525 7.82984733581543 -3.0499560832977295 [ 0.02763433  0.11622378  0.28775859  0.34599115  0.23268909  0.0910477
  0.10947262  0.19497875  0.48274756  0.01857217  0.03725161  0.09223122] {'loss': [0.02769814245402813, 0.016138242557644844]}  
-3.4920408725738525 7.82984733581543 -3.049954891204834 [ 0.02763432  0.11622418  0.28775898  0.34599107  0.23268862  0.09104776
  0.1094726   0.19497935  0.48274816  0.01857216  0.03725175  0.09223133] {'loss': [0.034438416361808777, 0.031411118805408478]}  
-3.4920408725738525 7.82984733581543 -3.0499541759490967 [ 0.02763432  0.11622453  0.28775916  0.34599104  0.23268832  0.09104783
  0.10947255  0.19497986  0.4827485   0.01857217  0.03725181  0.09223136] {'loss': [0.015115072019398212, 0.021588766947388649]}  
-3.4920408725738525 7.82984733581543 -3.0499541759490967 [ 0.02763432  0.11622453  0.28775916  0.34599104  0.23268832  0.09104783
  0.10947255  0.19497986  0.4827485   0.01857217  0.03725181  0.09223136] {'loss': [0.016832496970891953, 0.026585930958390236]}  
-3.4920408725738525 7.82984733581543 -3.0499541759490967 [ 0.02763432  0.11622453  0.28775916  0.34599104  0.23268832  0.09104783
  0.10947255  0.19497986  0.4827485   0.01857217  0.03725181  0.09223136] {'loss': [0.0097529804334044456, 0.021099308505654335]}  
