1.0 0.0 1.824273943901062 [ 0.41791422  0.22887879  0.03318677  0.03108453  0.21556562  0.41125767
  0.41791423  0.22887878  0.03701319  0.03761227  0.21556562  0.41125767] {'loss': [0.072051115334033966, 0.074682481586933136]}  
1.0 0.0 2.2237486839294434 [ 0.28325168  0.06768669  0.03256268  0.16119281  0.37675775  0.43778718
  0.28325166  0.0339082   0.03940084  0.16119281  0.37675775  0.43778718] {'loss': [0.069625243544578552, 0.060207728296518326]}  
1.0 0.0 2.623222589492798 [ 0.11166165  0.03305778  0.11056148  0.33278281  0.44444354  0.33388298
  0.02995045  0.03999992  0.11056146  0.33278273  0.44444354  0.33388299] {'loss': [0.055976610630750656, 0.0577516108751297]}  
1.0 0.0 3.0626437664031982 [ 0.03281618  0.07994641  0.29891944  0.44119535  0.36449803  0.02690275
  0.03970758  0.07994641  0.29891944  0.44119535  0.36449806  0.14552494] {'loss': [0.057238142937421799, 0.043995339423418045]}  
1.0 0.0 -2.8210678100585938 [ 0.04236435  0.24532157  0.42517946  0.40208008  0.19912283  0.03826615
  0.04236435  0.24532157  0.42517945  0.40208009  0.19912283  0.03162492] {'loss': [0.046082049608230591, 0.041474137455224991]}  
0.7416934370994568 -0.19254283607006073 -2.53998064994812 [ 0.1285956   0.32581545  0.39697137  0.27090738  0.03418199  0.04164712
  0.16011363  0.40567113  0.49426692  0.3373054   0.0917479   0.0315119 ] {'loss': [0.058935742825269699, 0.058795120567083359]}  
-0.1604817509651184 -0.8208587765693665 -2.492227077484131 [ 0.10223627  0.23692946  0.27388334  0.01868814  0.04330922  0.05006416
  0.30094531  0.69743176  0.80621009  0.51850198  0.12201553  0.026729  ] {'loss': [0.1098492443561554, 0.10317849367856979]}  
-0.9959060549736023 -1.534213662147522 -2.377807140350342 [ 0.09484384  0.18229214  0.18623001  0.02979422  0.05726522  0.10193307
  0.85303438  1.          1.          0.92386817  0.13735005  0.02240781] {'loss': [0.20087908208370209, 0.17553861439228058]}  
-1.760642409324646 -2.3241052627563477 -2.3300530910491943 [ 0.07550491  0.13536512  0.00677412  0.04002995  0.07176566  0.64323772
  1.          1.          1.          1.          0.42396384  0.01946625] {'loss': [0.21518927812576294, 0.21638727188110352]}  
-2.3856921195983887 -2.8985555171966553 -2.44063401222229 [ 0.04766342  0.10111038  0.00676925  0.03832986  0.08131073  1.          1.
  1.          1.          1.          1.          0.01868251] {'loss': [0.44714805483818054, 0.3143412172794342]}  
-2.249422073364258 -2.786700487136841 -2.0095467567443848 [ 0.09728137  0.11872442  0.02813146  0.07148413  0.53641894  1.          1.
  1.          1.          1.          0.01957977  0.03828357] {'loss': [0.30571487545967102, 0.2986273467540741]}  
-2.109935998916626 -2.020193338394165 -1.536795735359192 [ 0.15859678  0.02309032  0.06515658  0.08419547  1.          1.          1.
  1.          0.94458734  0.02007637  0.04349461  0.12273369] {'loss': [0.23722159862518311, 0.22261637449264526]}  
-2.109935998916626 -2.020193338394165 -1.0973798036575317 [ 0.01706189  0.05891918  0.08398655  0.84370911  1.          1.          1.
  1.          0.02002655  0.03213902  0.11098452  0.15820319] {'loss': [0.20233245193958282, 0.20310749113559723]}  
-2.109935998916626 -2.020193338394165 -0.7045194506645203 [ 0.04766474  0.08106562  0.43161462  1.          1.          1.          1.
  0.15788386  0.01801012  0.08978481  0.1527012   0.00872831] {'loss': [0.15278264880180359, 0.15156647562980652]}  
-1.818950891494751 -2.0953919887542725 -0.18665950000286102 [ 0.07539111  0.50372495  1.          1.          1.          1.
  0.17676662  0.01865487  0.08787013  0.14892086  0.00823324  0.04448419] {'loss': [0.15472768247127533, 0.17448490858078003]}  
-1.5056912899017334 -2.0808627605438232 0.17286692559719086 [ 0.13205989  1.          1.          1.          1.          0.59044455
  0.02122573  0.06254049  0.1355258   0.15019757  0.02909768  0.06305493] {'loss': [0.16439025104045868, 0.16689835488796234]}  
-0.6425275802612305 -1.827073335647583 0.2823934853076935 [ 0.23390077  1.          1.          1.          1.          0.16760819
  0.02294398  0.08914096  0.16107546  0.15727567  0.03013916  0.0544607 ] {'loss': [0.15821877121925354, 0.15948314964771271]}  
0.2321598380804062 -1.617897629737854 0.19192014634609222 [ 0.07858731  0.91724491  1.          1.          1.          0.22295002
  0.02766148  0.08069947  0.16718589  0.17988698  0.0204187   0.04230162] {'loss': [0.15435336530208588, 0.15575636923313141]}  
1.1207042932510376 -1.4761179685592651 0.15977977216243744 [ 0.04498116  0.69681821  1.          1.          1.          0.21847184
  0.03272388  0.07963989  0.17396722  0.19379564  0.11929666  0.0343732 ] {'loss': [0.14521284401416779, 0.13555867969989777]}  
2.014599084854126 -1.3755357265472412 0.0693058967590332 [ 0.03300341  0.47765988  1.          1.          1.          0.29113454
  0.03965075  0.06545398  0.16870386  0.20754892  0.14314415  0.02682645] {'loss': [0.12607891857624054, 0.1239025667309761]}  
2.9140493869781494 -1.3561433553695679 -0.021167870610952377 [ 0.02832757  0.34491536  1.          1.          1.          0.39481407
  0.04808107  0.04920464  0.15457215  0.21081506  0.16169057  0.02077011] {'loss': [0.10850103944540024, 0.114090196788311]}  
3.8117098808288574 -1.4180997610092163 -0.11164163053035736 [ 0.02420095  0.25642898  1.          1.          1.          0.55631862
  0.05846611  0.04961825  0.13343533  0.20296559  0.17225019  0.07200454] {'loss': [0.11491613835096359, 0.096472911536693573]}  
4.7002363204956055 -1.5608969926834106 -0.20211544632911682 [ 0.02056415  0.19208802  1.          1.          1.          0.83579647
  0.07550641  0.06689575  0.10839145  0.18548409  0.17366278  0.08474893] {'loss': [0.099241018295288086, 0.1206943616271019]}  
5.592990398406982 -1.6287282705307007 0.09074386954307556 [ 0.01873596  0.69809047  1.          1.          1.          0.3876894
  0.09576017  0.06500038  0.15259656  0.1850174   0.12558673  0.01545283] {'loss': [0.1193208321928978, 0.094662271440029144]}  
6.486924171447754 -1.5266673564910889 0.07526997476816177 [ 0.01665029  0.59144625  1.          1.          1.          0.34557612
  0.12926396  0.0885093   0.15852447  0.19373491  0.13265367  0.01362418] {'loss': [0.09194868803024292, 0.07688990980386734]}  
7.380281448364258 -1.4264363050460815 0.20979629456996918 [ 0.06662854  0.72270806  1.          1.          0.91432828  0.16646836
  0.17728439  0.10321908  0.18303154  0.19492376  0.11348914  0.01348231] {'loss': [0.091612197458744049, 0.096452705562114716]}  
8.218202590942383 -1.1015875339508057 0.41932225227355957 [ 0.18940497  0.74454753  1.          0.9446736   0.38953067  0.27234644
  0.22926629  0.15456278  0.23295704  0.19610755  0.0808639   0.01339804] {'loss': [0.071039430797100067, 0.062336578965187073]}  
9.055953025817871 -0.7749255299568176 0.32884952425956726 [ 0.08634409  0.46605283  0.78959841  0.73343609  0.3537272   0.43513523
  0.40418493  0.19493357  0.26806781  0.24900073  0.12008998  0.01185896] {'loss': [0.034111592918634415, 0.020156590268015862]}  
9.919914245605469 -0.5253399610519409 0.23837542533874512 [ 0.03727615  0.31538818  0.6078377   0.62217506  0.42868851  0.82619738
  0.84568561  0.46766429  0.29468557  0.30163651  0.16680508  0.02502284] {'loss': [0.05523310974240303, 0.061098497360944748]}  
10.745783805847168 -0.3315242826938629 0.41456839442253113 [ 0.08501534  0.35728792  0.55314141  0.47672242  1.          1.          1.
  0.92548184  0.35487623  0.30584832  0.13116762  0.01010215] {'loss': [0.1391562819480896, 0.1416318416595459]}  
10.872904777526855 -0.0634063184261322 1.2240931987762451 [ 0.41907654  0.46661501  1.          1.          1.          1.
  0.38631162  0.40270358  0.24775063  0.05177037  0.01244835  0.19199338] {'loss': [0.10468372702598572, 0.10260274261236191]}  
10.739827156066895 0.9940829873085022 2.0551817417144775 [ 0.52814245  1.          1.          1.          0.76999871  0.94887062
  0.75693772  0.28389886  0.01021936  0.05246172  0.17990418  0.25563759] {'loss': [0.14785976707935333, 0.12891398370265961]}  
10.055743217468262 1.5303676128387451 2.8647096157073975 [ 1.          1.          0.85437307  1.          1.          0.96366205
  0.15053095  0.01039966  0.09214304  0.17983829  0.18573155  0.51405571] {'loss': [0.21465694904327393, 0.1807527095079422]}  
9.16604995727539 1.482814073562622 -2.892282724380493 [ 0.48019226  0.84935747  1.          1.          0.91698194  0.13578912
  0.01142876  0.09518927  0.18273905  0.18652848  0.24505156  0.47043694] {'loss': [0.10363195091485977, 0.10486763715744019]}  
8.341487884521484 1.125159740447998 -2.6827571392059326 [ 0.24379203  0.80818782  1.          0.935188    0.35715089  0.01320269
  0.04592909  0.16128287  0.23163192  0.18662722  0.21068461  0.30258192] {'loss': [0.075368084013462067, 0.076951697468757629]}  
7.423851490020752 0.7303340435028076 -2.7832834720611572 [ 0.16961502  0.47124931  0.76770507  0.69076998  0.31737934  0.0143808
  0.03533603  0.17016475  0.27721269  0.24943201  0.11571281  0.18850601] {'loss': [0.051039908081293106, 0.052702214568853378]}  
6.487186431884766 0.438130259513855 -2.883810043334961 [ 0.12367591  0.30431862  0.56981899  0.57125068  0.30718187  0.04168152
  0.02221789  0.16798382  0.31453999  0.31533028  0.16956434  0.12336594] {'loss': [0.038906518369913101, 0.05222577229142189]}  
6.257148742675781 0.39649903774261475 -2.9843363761901855 [ 0.11961383  0.23620405  0.5181794   0.57882114  0.35748746  0.0755122
  0.0166811   0.13731664  0.30124239  0.33649638  0.20782451  0.10708216] {'loss': [0.042613867670297623, 0.042789310216903687]}  
5.26319694519043 0.2922530174255371 -3.0848629474639893 [ 0.08870972  0.16519757  0.43668769  0.54484305  0.38150835  0.11001809
  0.01950382  0.11132068  0.29426808  0.3671501   0.25708471  0.07413723] {'loss': [0.034096226096153259, 0.054229099303483963]}  
4.263633728027344 0.28830140829086304 3.0977959632873535 [ 0.0672918   0.1164677   0.38705255  0.54213255  0.42662779  0.15604306
  0.02258323  0.07943732  0.26399079  0.36976389  0.2909834   0.10642983] {'loss': [0.047946091741323471, 0.041982799768447876]}  
3.265624761581421 0.3373250365257263 -3.127582550048828 [ 0.05282144  0.14885738  0.43096097  0.56434589  0.41562732  0.13352382
  0.02643728  0.09466708  0.2740731   0.3589003   0.26432153  0.08491556] {'loss': [0.041888047009706497, 0.039478272199630737]}  
2.266359567642212 0.30735406279563904 3.1300764083862305 [ 0.04250567  0.13319287  0.40887061  0.55140883  0.41826948  0.14259167
  0.03132455  0.0883517   0.27121882  0.36576975  0.27745339  0.0945863 ] {'loss': [0.039882935583591461, 0.031249731779098511]}  
1.2667784690856934 0.3065076768398285 -3.1369686126708984 [ 0.03493688  0.14088078  0.41658201  0.55142412  0.41056529  0.0284822
  0.03770153  0.09345638  0.2763488   0.36579932  0.27235748  0.08946508] {'loss': [0.043753687292337418, 0.043165657669305801]}  
0.27650994062423706 0.18242482841014862 -2.870828151702881 [ 0.03466399  0.25551172  0.47518571  0.47401229  0.25316446  0.04312289
  0.04301639  0.19673007  0.36586711  0.36496346  0.19492287  0.02733715] {'loss': [0.038904543966054916, 0.049323126673698425]}  
-0.6835051774978638 -0.09550793468952179 -2.9046878814697266 [ 0.02359633  0.2005495   0.38737064  0.39713368  0.02736081  0.05284865
  0.05418063  0.22425592  0.43316061  0.44407772  0.24609009  0.03718531] {'loss': [0.057734325528144836, 0.056938093155622482]}  
-1.665879487991333 -0.2785206437110901 -3.005214214324951 [ 0.02111458  0.14107168  0.32083787  0.36660918  0.02782242  0.06327622
  0.07230336  0.20286901  0.461383    0.52720491  0.33451285  0.07599884] {'loss': [0.053232964128255844, 0.057099729776382446]}  
-2.6618258953094482 -0.3619900047779083 -3.105740785598755 [ 0.01866585  0.10031872  0.27695344  0.353768    0.02790169  0.07702914
  0.09839361  0.16254325  0.44873869  0.57319883  0.41146373  0.12526825] {'loss': [0.061079844832420349, 0.068577252328395844]}  
-3.661288261413574 -0.3450734317302704 3.076918125152588 [ 0.01631275  0.07048959  0.2474693   0.04019799  0.02738463  0.09613977
  0.13805969  0.11239003  0.39457001  0.5666149   0.45647963  0.17429961] {'loss': [0.0951099693775177, 0.098975114524364471]}  
-4.654165267944336 -0.22794170677661896 2.9763917922973633 [ 0.01409502  0.04741655  0.22826553  0.04033096  0.02589986  0.124683
  0.20309558  0.18272496  0.31295156  0.50976504  0.4586352   0.21069186] {'loss': [0.076829381287097931, 0.07066141813993454]}  
-5.639570713043213 -0.06725016981363297 3.100865364074707 [ 0.01287508  0.08922929  0.17200796  0.00899052  0.07298398  0.24585498
  0.34652124  0.27431652  0.32967555  0.46466245  0.36784062  0.13603182] {'loss': [0.077678881585597992, 0.058610770851373672]}  
-5.9725165367126465 -0.0775362029671669 -2.782846212387085 [ 0.05022696  0.1856983   0.01318647  0.0519015   0.25739531  0.42369949
  0.38451028  0.27622687  0.45469856  0.41264175  0.19211357  0.01364203] {'loss': [0.08067680150270462, 0.06823364645242691]}  
-6.748770236968994 -0.5554122924804688 -2.3833730220794678 [ 0.14751716  0.02416052  0.04031     0.36794501  0.72226509  0.74895044
  0.42131552  0.6125268   0.63515757  0.35730237  0.05681635  0.01616116] {'loss': [0.093636162579059601, 0.070381239056587219]}  
-6.748770236968994 -0.5554122924804688 -1.9838979244232178 [ 0.04727422  0.0085164   0.27202219  0.65817258  0.78078072  0.51723829
  0.55817209  0.66215164  0.43865103  0.11117085  0.01125701  0.10905964] {'loss': [0.061208829283714294, 0.061830151826143265]}  
-6.748770236968994 -0.5554122924804688 -1.2510908842086792 [ 0.07104324  0.42845987  0.75204675  0.71821725  0.36336117  0.63778358
  0.60909384  0.30598175  0.0315596   0.02848278  0.13011557  0.01342038] {'loss': [0.063447244465351105, 0.055851876735687256]}  
-6.226603031158447 -0.9644621014595032 -0.3866686522960663 [ 0.45049958  0.52390789  0.34304353  0.80289602  0.93372728  0.60470572
  0.14485335  0.01182251  0.09300106  0.05761807  0.00818259  0.1924794 ] {'loss': [0.053348351269960403, 0.057787369936704636]}  
-5.177954196929932 -0.8270552158355713 0.6027523875236511 [ 0.26740455  0.69867659  0.86611927  0.6022901   0.17101816  0.01345654
  0.08274147  0.16169632  0.00833976  0.08542107  0.22318883  0.27667773] {'loss': [0.057501237839460373, 0.058872714638710022]}  
-4.674195289611816 0.015493439510464668 1.3272249698638916 [ 0.42653226  0.42127538  0.22194074  0.02786296  0.0316928   0.22243886
  0.08666124  0.0156393   0.10976595  0.2014103   0.19892799  0.2324545 ] {'loss': [0.058034583926200867, 0.080771952867507935]}  
-4.7846360206604 1.0958679914474487 1.8166440725326538 [ 0.2304763   0.12760999  0.01922466  0.0588855   0.50084326  0.09977234
  0.0125872   0.10705881  0.2065991   0.21166769  0.11719598  0.22495742] {'loss': [0.073210492730140686, 0.079927735030651093]}  
-5.123548984527588 2.035689353942871 1.899448275566101 [ 0.14383585  0.06939241  0.01315513  0.41119483  0.38683595  0.03305823
  0.02784923  0.15044092  0.25494907  0.23686547  0.11427379  0.15481707] {'loss': [0.061940710991621017, 0.056703414767980576]}  
-5.419479846954346 3.0950467586517334 1.788869023323059 [ 0.10421918  0.05930495  0.01201218  0.65475047  0.37257975  0.06153624
  0.01476602  0.14232381  0.28293364  0.29598567  0.16842782  0.09962347] {'loss': [0.041589435189962387, 0.048231158405542374]}  
-5.596753120422363 4.18039608001709 1.678289771080017 [ 0.07773406  0.05115543  0.01275533  0.58778539  0.3868114   0.09644933
  0.01388925  0.12052737  0.28875162  0.34053955  0.22410319  0.06591256] {'loss': [0.051109049469232559, 0.054701566696166992]}  
-5.653203010559082 5.278476715087891 1.5677125453948975 [ 0.05907725  0.04438003  0.42544974  0.5681902   0.42683583  0.14274147
  0.01608096  0.0888461   0.26740806  0.35712464  0.26827927  0.08971733] {'loss': [0.034738954156637192, 0.024638950824737549]}  
-5.588143825531006 6.375882148742676 1.457137942314148 [ 0.04541428  0.03862708  0.38558593  0.58798604  0.50011127  0.20983584
  0.01834499  0.05512533  0.22301337  0.3400767   0.28925191  0.12136386] {'loss': [0.027274362742900848, 0.038736309856176376]}  
-5.4023613929748535 7.459200382232666 1.3465566635131836 [ 0.03510977  0.03366317  0.3714181   0.65527681  0.62827779  0.31742046
  0.03356182  0.02728244  0.16732284  0.29520042  0.2830375   0.14299704] {'loss': [0.03342181071639061, 0.034292567521333694]}  
-5.164616107940674 8.430105209350586 1.4293640851974487 [ 0.03021133  0.02672976  0.52076456  0.83140282  0.73559117  0.32914146
  0.02457104  0.03666594  0.16703306  0.26666901  0.23593792  0.10557075] {'loss': [0.052042052149772644, 0.042673412710428238]}  
-4.992537975311279 9.515827178955078 1.3604485988616943 [ 0.02463151  0.09599362  0.55332035  0.95759112  0.90453562  0.44720982
  0.04293858  0.02718729  0.13822026  0.23920779  0.22595444  0.11171367] {'loss': [0.060975637286901474, 0.056305196136236191]}  
-4.803775310516357 10.596564292907715 1.5665379762649536 [ 0.02179465  0.29572023  0.91010406  1.          0.93334041  0.31895681
  0.03660077  0.05466417  0.16823364  0.22716592  0.17252888  0.05895945] {'loss': [0.066155657172203064, 0.068693600594997406]}  
-4.999967575073242 11.569035530090332 1.9660121202468872 [ 0.1453803   0.63346478  0.99452769  0.867506    0.37942208  0.04372844
  0.03814345  0.15535826  0.24390955  0.21275736  0.09305388  0.0186213 ] {'loss': [0.068627476692199707, 0.064516998827457428]}  
-5.360223770141602 12.50195026397705 1.890481948852539 [ 0.07227889  0.40528984  0.69525155  0.65220216  0.31919081  0.05256519
  0.0493104   0.1679372   0.28808654  0.27024852  0.13226094  0.01607186] {'loss': [0.029824972152709961, 0.032126579433679581]}  
-5.625479221343994 13.466134071350098 1.7899562120437622 [ 0.01412865  0.26788194  0.53164215  0.55551845  0.31563405  0.0633844
  0.06623101  0.16056697  0.3186634   0.33297474  0.18918941  0.03109282] {'loss': [0.020695159211754799, 0.022855842486023903]}  
-5.79267692565918 14.451909065246582 1.6894259452819824 [ 0.0130181   0.18536348  0.43512762  0.50693743  0.32898259  0.079218
  0.09056675  0.13978753  0.32814129  0.38229482  0.24809449  0.05974036] {'loss': [0.020734809339046478, 0.025506069883704185]}  
-5.860127925872803 15.449320793151855 1.5889025926589966 [ 0.01181098  0.13077247  0.37517792  0.48900226  0.35842124  0.11401556
  0.12747057  0.10841693  0.31104117  0.40540724  0.29714909  0.09452475] {'loss': [0.019445566460490227, 0.019382119178771973]}  
-5.827154636383057 16.448291778564453 1.4883772134780884 [ 0.01056066  0.09172131  0.33821717  0.49624062  0.40776863  0.16127292
  0.18768067  0.15422014  0.26950961  0.39543178  0.32493235  0.12851113] {'loss': [0.015603027306497097, 0.019211804494261742]}  
-5.775971412658691 16.929019927978516 1.6878560781478882 [ 0.0099491   0.18214612  0.43538269  0.51277366  0.33692871  0.2024431
  0.23842832  0.15666435  0.32277746  0.3801526   0.24978716  0.06204662] {'loss': [0.017276056110858917, 0.012254752218723297]}  
-5.775971412658691 16.929019927978516 2.5706610679626465 [ 0.36035515  0.5170611   0.41624384  0.1675571   0.2404219   0.19354374
  0.26715462  0.38333118  0.30858861  0.11766919  0.01003229  0.10283164] {'loss': [0.041698351502418518, 0.034804902970790863]}  
-6.185638904571533 16.862058639526367 -2.8130509853363037 [ 0.36384656  0.18027812  0.22520609  0.2130434   0.27243573  0.47237762
  0.44686628  0.22141253  0.02147014  0.03825345  0.22182202  0.3846183 ] {'loss': [0.051644381135702133, 0.051665585488080978]}  
-6.883846759796143 16.17630386352539 -2.0385797023773193 [ 0.13858365  0.17471225  0.25864096  0.69681325  0.87847246  0.62195791
  0.18378448  0.01080093  0.07849553  0.21147778  0.26660981  0.18875949] {'loss': [0.038315225392580032, 0.038196910172700882]}  
-7.1437458992004395 15.215828895568848 -1.6391047239303589 [ 0.1209645   0.21782838  0.79028133  1.          0.94006655  0.36761408
  0.01192185  0.04387529  0.15917931  0.23191613  0.18934909  0.08302579] {'loss': [0.06894230842590332, 0.066400878131389618]}  
-7.09168815612793 14.218144416809082 -1.5229676961898804 [ 0.08804776  0.32350875  0.87095008  1.          0.77676249  0.22932114
  0.01338156  0.07019351  0.18897485  0.23814742  0.1685385   0.06986772] {'loss': [0.026580112054944038, 0.039925392717123032]}  
-7.094961166381836 13.218576431274414 -1.6234983205795288 [ 0.06674243  0.22794322  0.77517227  1.          0.87223874  0.32501005
  0.01507417  0.04946397  0.1682134   0.23811992  0.18927693  0.07052762] {'loss': [0.041071493178606033, 0.052133012562990189]}  
-7.198535442352295 12.224552154541016 -1.7240300178527832 [ 0.05133482  0.16196556  0.7468597   1.          1.          0.47880641
  0.02793849  0.01488002  0.13860486  0.22227852  0.19740545  0.08885856] {'loss': [0.058983530849218369, 0.067132957279682159]}  
-7.304765701293945 11.23302173614502 -1.5162252187728882 [ 0.04226622  0.40805276  1.          1.          0.98663114  0.2924876
  0.01956262  0.06310407  0.170451    0.21518858  0.15257929  0.04523228] {'loss': [0.069936752319335938, 0.060493241995573044]}  
-7.051660060882568 10.274147987365723 -1.1167528629302979 [ 0.20018037  0.72878763  1.          0.86943652  0.34082936  0.02241746
  0.01832825  0.16483881  0.24052583  0.1966512   0.07708957  0.03485923] {'loss': [0.069627352058887482, 0.063225142657756805]}  
-6.91243839263916 10.042481422424316 -0.7172791957855225 [ 0.51520663  0.88152132  0.82525062  0.40266401  0.03634888  0.02114189
  0.146678    0.25096691  0.23494669  0.11463745  0.03199537  0.09262025] {'loss': [0.081602483987808228, 0.083231277763843536]}  
-6.91243839263916 10.042481422424316 -0.31780579686164856 [ 0.82458348  0.88195106  0.5163027   0.09328663  0.02259449  0.11432543
  0.23475684  0.25108923  0.14699017  0.02992878  0.03591938  0.40156819] {'loss': [0.13241368532180786, 0.094816595315933228]}  
-6.91243839263916 10.042481422424316 0.0816674530506134 [ 0.91271586  0.62642335  0.17264328  0.02338265  0.08297413  0.21216426
  0.25984788  0.17834114  0.04915111  0.03312758  0.29144665  0.74522699] {'loss': [0.132992222905159, 0.13937161862850189]}  
-6.91243839263916 10.042481422424316 0.48114097118377686 [ 0.72627569  0.26955299  0.02345803  0.01860629  0.18457438  0.26068549
  0.20676893  0.0767411   0.03323437  0.1915944   0.64831754  0.91565797] {'loss': [0.11758214235305786, 0.14750103652477264]}  
-6.91243839263916 10.042481422424316 0.8806142807006836 [ 0.37807457  0.02727318  0.02074446  0.15367844  0.25355083  0.23052991
  0.10763684  0.03232478  0.10813368  0.53979542  0.8905975   0.80973635] {'loss': [0.13283072412014008, 0.1247863695025444]}  
-6.91243839263916 10.042481422424316 1.280089020729065 [ 0.07879913  0.02233158  0.12137167  0.23888141  0.24816746  0.13994362
  0.03045461  0.04618222  0.42631821  0.839071    0.87168822  0.49155196] {'loss': [0.13164161145687103, 0.11731505393981934]}  
-6.91243839263916 10.042481422424316 1.6795690059661865 [ 0.02327036  0.08963545  0.21757769  0.25859997  0.1716799   0.04373763
  0.03296849  0.31484446  0.76424163  0.90833273  0.60302578  0.15362847] {'loss': [0.13280077278614044, 0.12438666075468063]}  
-6.91243839263916 10.042481422424316 2.0790445804595947 [ 0.01807837  0.19094426  0.26118879  0.20090232  0.07037106  0.03329854
  0.21220124  0.67069184  0.91742592  0.7056692   0.24717854  0.02350331] {'loss': [0.10832104086875916, 0.11209017783403397]}  
