1.0 0.0 1.3282753570820205e-05 [ 0.04        0.11111625  0.33333844  0.44444444  0.33332823  0.11110601
  0.03305785  0.11111625  0.33333842  0.44444444  0.33332823  0.03000046] {'loss': [0.011117309331893921, 0.02286338247358799]}  
1.6999993324279785 0.00014888349687680602 1.4281487892731093e-05 [ 0.03515625  0.11111595  0.33333679  0.44444162  0.33332573  0.11110496
  0.03746097  0.11111729  0.33334095  0.44444719  0.33332988  0.02636763] {'loss': [0.014139522798359394, 0.011075104586780071]}  
2.6934335231781006 0.11225161701440811 0.12501536309719086 [ 0.02896215  0.15130208  0.35216661  0.40817558  0.26331989  0.06245527
  0.04514342  0.17428521  0.40566171  0.4701786   0.3033189   0.02498803] {'loss': [0.021565912291407585, 0.010021724738180637]}  
3.668985605239868 0.326675146818161 0.2416824996471405 [ 0.02351588  0.17773896  0.3374812   0.34177068  0.18631797  0.05301273
  0.05368655  0.27082603  0.51423013  0.52076611  0.28389817  0.02322074] {'loss': [0.020403649657964706, 0.021946072578430176]}  
4.764421463012695 0.37271687388420105 -0.06664981693029404 [ 0.02114307  0.07064917  0.24493111  0.34975614  0.28029907  0.10601713
  0.0754486   0.11695313  0.40546062  0.57898864  0.46400908  0.17550149] {'loss': [0.015596927143633366, 0.016270274296402931]}  
5.803745746612549 0.032489024102687836 -0.3749822676181793 [ 0.06432643  0.01797052  0.16317209  0.36965289  0.42136379  0.26659398
  0.08872246  0.1011339   0.17460859  0.39556133  0.45089679  0.28527923] {'loss': [0.029311150312423706, 0.023251563310623169]}  
6.886852741241455 -0.09439215809106827 0.008352246135473251 [ 0.01591396  0.121926    0.35885616  0.47389327  0.35200044  0.11507029
  0.15101124  0.11216874  0.31622894  0.4176013   0.31018759  0.10140151] {'loss': [0.019941430538892746, 0.007318202406167984]}  
7.879264831542969 -0.20441459119319916 -0.14997942745685577 [ 0.01377986  0.0678191   0.31099931  0.49772626  0.44127294  0.19809289
  0.22666537  0.20095643  0.23908532  0.38263458  0.33923526  0.15228677] {'loss': [0.0098167378455400467, 0.0053834156133234501]}  
8.966911315917969 -0.36877283453941345 -0.14997681975364685 [ 0.01215913  0.07653191  0.35095012  0.56166218  0.49795563  0.2599364
  0.41600325  0.3688181   0.21627669  0.34613009  0.30687033  0.13775723] {'loss': [0.020857667550444603, 0.015266600996255875]}  
10.054557800292969 -0.533129096031189 -0.1499766856431961 [ 0.01080838  0.08703681  0.39912225  0.63875661  0.56630531  0.62430413
  0.99913882  0.88581139  0.39764917  0.3146112   0.27892628  0.12521284] {'loss': [0.1090627983212471, 0.11199080944061279]}  
10.923575401306152 -0.4542159140110016 0.3250245749950409 [ 0.06061582  0.34673973  0.59862508  0.56438643  1.          1.          1.
  1.          0.31814766  0.29995108  0.14788647  0.00968231] {'loss': [0.17174322903156281, 0.20045317709445953]}  
11.399457931518555 -0.2223953753709793 0.8250231742858887 [ 0.27544532  0.49140106  0.9257778   1.          1.          1.          1.
  0.57894651  0.35306012  0.18056105  0.02010795  0.04327653] {'loss': [0.16816937923431396, 0.19660432636737823]}  
11.5476655960083 0.25279542803764343 1.3750203847885132 [ 0.37369932  1.          1.          1.          1.          1.
  0.78019963  0.46110849  0.22633959  0.02101816  0.03844393  0.21728787] {'loss': [0.20847582817077637, 0.17512136697769165]}  
11.517871856689453 1.1444467306137085 1.825020670890808 [ 1.          1.          1.          1.          1.          1.          1.
  0.56927349  0.08293417  0.01412678  0.11541401  0.22049334] {'loss': [0.2931269109249115, 0.26767978072166443]}  
11.225749969482422 1.9951528310775757 1.9083539247512817 [ 0.7531963   1.          1.          1.          1.          1.          1.
  1.          0.12366521  0.01791985  0.09401963  0.1577894 ] {'loss': [0.26952841877937317, 0.28725391626358032]}  
11.046382904052734 2.354722738265991 2.358354330062866 [ 1.          1.          1.          1.          1.          1.          1.
  0.67348449  0.0093174   0.06889074  0.12972359  0.28121809] {'loss': [0.22861568629741669, 0.24064217507839203]}  
10.654613494873047 2.5432393550872803 2.8083555698394775 [ 1.          1.          1.          1.          1.          1.          1.
  0.00998325  0.05507248  0.11625531  0.12665696  0.97442539] {'loss': [0.41363692283630371, 0.35259699821472168]}  
9.570008277893066 2.5928995609283447 -2.92482852935791 [ 1.          1.          1.          1.          1.          1.
  0.01106389  0.05690696  0.11514496  0.12193039  0.31090193  0.62907601] {'loss': [0.29845654964447021, 0.29559248685836792]}  
8.706706047058105 2.3377645015716553 -2.8498284816741943 [ 0.78851898  1.          1.          1.          1.          0.5031168
  0.01166039  0.07400079  0.13226643  0.12808472  0.19929331  0.35620982] {'loss': [0.19598782062530518, 0.1802695244550705]}  
7.83461332321167 2.118778944015503 -2.9248273372650146 [ 0.24418644  1.          1.          1.          1.          0.48160221
  0.01340934  0.06917373  0.1381525   0.14498945  0.10656164  0.21282303] {'loss': [0.15743057429790497, 0.1656971275806427]}  
6.955664157867432 1.925211787223816 -2.924825429916382 [ 0.16342656  1.          1.          1.          1.          0.32231182
  0.01492421  0.07470586  0.14920066  0.15658398  0.08947247  0.14472067] {'loss': [0.15224514901638031, 0.13635461032390594]}  
6.076714992523193 1.731642484664917 -2.92482328414917 [ 0.11699176  1.          1.          1.          1.          0.23072465
  0.01671107  0.08092918  0.16162921  0.16962714  0.09692509  0.10475557] {'loss': [0.13619211316108704, 0.12377882748842239]}  
5.18858003616333 1.5905399322509766 -3.033155918121338 [ 0.0860407   0.7082054   1.          1.          1.          0.33009156
  0.01954516  0.06609566  0.15856221  0.18715114  0.12327344  0.07289726] {'loss': [0.10942665487527847, 0.11336172372102737]}  
4.293789863586426 1.494381070137024 -3.058155059814453 [ 0.06736996  0.59137209  1.          1.          1.          0.31086636
  0.02233226  0.06586158  0.1630248   0.19598634  0.13178463  0.05603949] {'loss': [0.11191010475158691, 0.099751166999340057]}  
3.1976146697998047 1.4027053117752075 -3.0581541061401367 [ 0.05165545  0.51283058  1.          1.          1.          0.28612118
  0.02655345  0.06702146  0.16857466  0.20453704  0.13894621  0.04257322] {'loss': [0.10756831616163254, 0.087492980062961578]}  
2.30074405670166 1.3276978731155396 -3.0581538677215576 [ 0.04251438  0.46774909  1.          1.          0.9697171   0.26096856
  0.03092213  0.06936262  0.17446306  0.21168159  0.1437996   0.0386991 ] {'loss': [0.088585883378982544, 0.080906219780445099]}  
1.4038734436035156 1.2526904344558716 -3.0581538677215576 [ 0.0356013   0.42836052  1.          1.          0.88805872  0.23899287
  0.03646481  0.07182854  0.18066549  0.21920713  0.14891188  0.0400749 ] {'loss': [0.077899597585201263, 0.069660164415836334]}  
0.508518636226654 1.16322660446167 -2.949820041656494 [ 0.03986342  0.50552041  1.          1.          0.69250805  0.03904777
  0.04247674  0.09693607  0.20415606  0.22208393  0.13279193  0.02707292] {'loss': [0.061644691973924637, 0.065700553357601166]}  
-0.32778751850128174 0.8343484401702881 -2.708153486251831 [ 0.15340289  0.5811798   0.86260394  0.71625084  0.03529715  0.05238904
  0.04747009  0.17984437  0.26693021  0.22164172  0.08926744  0.02623546] {'loss': [0.0720505490899086, 0.065888412296772003]}  
-1.1445614099502563 0.4563533067703247 -2.708153486251831 [ 0.11087518  0.42005982  0.62346485  0.51768535  0.04298775  0.06380368
  0.05835119  0.22106828  0.32811592  0.27244643  0.10972935  0.02306928] {'loss': [0.037517208606004715, 0.044714029878377914]}  
-1.9613326787948608 0.07835817337036133 -2.708153486251831 [ 0.08386079  0.31771358  0.47155958  0.01412021  0.05349563  0.07939973
  0.07345201  0.2782792   0.41303001  0.34295352  0.13812649  0.0204435 ] {'loss': [0.064584225416183472, 0.053884822875261307]}  
-2.7781100273132324 -0.2996371388435364 -2.708153486251831 [ 0.06563878  0.24867794  0.369095    0.01805052  0.0683859   0.10150032
  0.09527402  0.36095351  0.53573768  0.44484213  0.17916261  0.01824177] {'loss': [0.067474767565727234, 0.05972839891910553]}  
-3.5948877334594727 -0.6776322722434998 -2.708153486251831 [ 0.05276971  0.19992239  0.10171082  0.02388307  0.09048297  0.13429745
  0.1284892   0.48679175  0.72251034  0.59992635  0.24162366  0.01637748] {'loss': [0.083160899579524994, 0.084902606904506683]}  
-4.375064849853516 -1.1228474378585815 -2.4414868354797363 [ 0.09727209  0.21009713  0.00796714  0.07526048  0.16255441  0.17976963
  0.44646834  0.96432285  1.          0.65072029  0.13286558  0.0145449 ] {'loss': [0.15020067989826202, 0.14349038898944855]}  
-5.041599273681641 -1.868545413017273 -2.283154010772705 [ 0.09959244  0.03156972  0.02858815  0.14671116  0.2443772   0.33122417
  1.          1.          1.          1.          0.09420866  0.01940658] {'loss': [0.22775538265705109, 0.21355736255645752]}  
-5.846705913543701 -2.44538950920105 -2.6414880752563477 [ 0.03129272  0.09926399  0.00728776  0.09080704  0.28804986  0.3947036   1.
  1.          1.          1.          1.          0.01259299] {'loss': [0.27587538957595825, 0.26618978381156921]}  
-6.756672382354736 -2.8445632457733154 -2.924821615219116 [ 0.01084079  0.05445695  0.0249426   0.03847616  0.35782476  0.70548641
  1.          1.          1.          1.          1.          1.        ] {'loss': [0.32141217589378357, 0.27772191166877747]}  
-7.751041412353516 -2.9115867614746094 -3.1414871215820312 [ 0.01028838  0.02862539  0.04491372  0.0069959   0.60839384  1.          1.
  1.          1.          1.          1.          1.        ] {'loss': [0.3305867612361908, 0.33524498343467712]}  
-8.594527244567871 -2.743934154510498 2.6666996479034424 [ 1.          0.00940032  0.03648257  0.02585855  0.07906885  1.          1.
  1.          1.          1.          1.          1.        ] {'loss': [0.36610457301139832, 0.32820430397987366]}  
-8.594527244567871 -2.743934154510498 2.166700601577759 [ 1.          1.          0.00936978  0.03913306  0.02347844  0.157863    1.
  1.          1.          1.          1.          1.        ] {'loss': [0.37597361207008362, 0.36483755707740784]}  
-8.907808303833008 -1.8227577209472656 1.6666971445083618 [ 1.          1.          0.52169989  0.00905429  0.05813102  0.01902258
  1.          1.          1.          1.          1.          1.        ] {'loss': [0.29737269878387451, 0.34690061211585999]}  
-8.91967487335205 -0.8229570388793945 1.5750306844711304 [ 0.88409618  0.65983442  0.21779399  0.00914004  0.0676479   0.02812051
  0.01107636  1.          1.          1.          1.          1.        ] {'loss': [0.28584688901901245, 0.28089442849159241]}  
-8.882472038269043 0.17602448165416718 1.5166981220245361 [ 0.8732518   0.32552492  0.12206548  0.00914428  0.09187631  0.03445181
  0.00915337  1.          1.          1.          1.          1.        ] {'loss': [0.24530559778213501, 0.27460983395576477]}  
-8.828398704528809 1.1745615005493164 1.5166981220245361 [ 0.40562605  0.18698998  0.07011765  0.00919182  0.09358845  0.03509383
  0.0100962   1.          1.          1.          1.          1.        ] {'loss': [0.22045139968395233, 0.21301925182342529]}  
-8.796412467956543 2.1740357875823975 1.5416983366012573 [ 0.15221742  0.11803219  0.04198795  0.00924006  0.09220717  0.03280114
  0.01121695  1.          1.          1.          1.          1.        ] {'loss': [0.22818255424499512, 0.22174631059169769]}  
-8.765954971313477 3.173513889312744 1.5083649158477783 [ 0.2170852   0.08483478  0.03181141  0.00924705  0.09562127  0.03585609
  0.01248041  1.          1.          1.          1.          1.        ] {'loss': [0.20631541311740875, 0.21224343776702881]}  
-8.600333213806152 4.159075736999512 1.3916964530944824 [ 0.81885049  0.07010375  0.03305037  0.12322705  0.11275012  0.05315599
  0.01357652  1.          1.          1.          1.          1.        ] {'loss': [0.22516287863254547, 0.21613617241382599]}  
-8.422205924987793 5.143067359924316 1.3916964530944824 [ 0.38817378  0.05409448  0.02550282  0.13144722  0.12027142  0.05670191
  0.01530823  1.          1.          1.          1.          1.        ] {'loss': [0.1994049996137619, 0.20531380176544189]}  
-8.226265907287598 6.225458145141602 1.3916964530944824 [ 0.21533137  0.04208563  0.01984125  0.14147669  0.12944818  0.06102828
  0.01762538  0.77391485  1.          1.          1.          1.        ] {'loss': [0.18949949741363525, 0.19249655306339264]}  
-8.030325889587402 7.307848930358887 1.3916964530944824 [ 0.13667318  0.03367323  0.01587523  0.1526994   0.13971668  0.06586937
  0.0205114   0.49121224  1.          1.          1.          1.        ] {'loss': [0.19273990392684937, 0.17444135248661041]}  
-7.852174758911133 8.291849136352539 1.3916964530944824 [ 0.09735407  0.02803676  0.09869354  0.16410387  0.15015161  0.07078895
  0.02379759  0.34989675  1.          1.          1.          1.        ] {'loss': [0.18052606284618378, 0.18097718060016632]}  
-7.656203269958496 9.374271392822266 1.3916964530944824 [ 0.07092221  0.02332847  0.10716505  0.17818993  0.16304007  0.07686521
  0.02841486  0.25489796  1.          1.          1.          0.93342749] {'loss': [0.17413908243179321, 0.1762760728597641]}  
-7.460231781005859 10.456693649291992 1.3916964530944824 [ 0.05395707  0.01971379  0.11677599  0.19417069  0.17766209  0.08375873
  0.03451887  0.19392435  0.99007854  1.          1.          0.7101443 ] {'loss': [0.16131411492824554, 0.15807439386844635]}  
-7.2821431159973145 11.541796684265137 1.5000290870666504 [ 0.01895096  0.01540041  0.14957153  0.21681186  0.17619115  0.0683299
  0.04402482  0.26017229  0.9329698   1.          1.          0.4262153 ] {'loss': [0.13642671704292297, 0.13895955681800842]}  
-7.219629764556885 12.639873504638672 1.5416953563690186 [ 0.01644393  0.05057646  0.16266096  0.22435918  0.17397284  0.06188826
  0.05650531  0.28454408  0.91513298  1.          0.9787744   0.34818439] {'loss': [0.12438412755727768, 0.12410568445920944]}  
-7.19053316116333 13.639457702636719 1.5416953563690186 [ 0.01452201  0.05128111  0.16492715  0.22748493  0.17639668  0.06275049
  0.07277708  0.27546176  0.88592318  1.          0.94753323  0.33707074] {'loss': [0.11869755387306213, 0.11954823136329651]}  
-7.15852689743042 14.73900032043457 1.5416953563690186 [ 0.01277275  0.05207332  0.16747502  0.2309993   0.17912174  0.07275089
  0.10034568  0.26596436  0.85537849  1.          0.91486481  0.32544927] {'loss': [0.10583457350730896, 0.11252904683351517]}  
-7.12652063369751 15.838542938232422 1.5416953563690186 [ 0.01132153  0.05288404  0.17008238  0.23459564  0.18191048  0.10668827
  0.14715577  0.25694981  0.82638704  1.          0.8838572   0.31441877] {'loss': [0.10487914085388184, 0.10398276895284653]}  
-7.0945143699646 16.938032150268555 1.5416953563690186 [ 0.01010433  0.05371384  0.17275135  0.23827673  0.1847647   0.17137102
  0.23637292  0.24838622  0.79884562  1.          0.85439863  0.30393969] {'loss': [0.095877580344676971, 0.095922030508518219]}  
-6.96533727645874 18.02985382080078 1.4416953325271606 [ 0.01608252  0.03749749  0.16021004  0.24963281  0.21634272  0.27685612
  0.43138577  0.37385759  0.6124049   0.95422425  0.82697236  0.35790156] {'loss': [0.08330150693655014, 0.081497408449649811]}  
-7.0260772705078125 18.800569534301758 1.8833599090576172 [ 0.02225586  0.13451948  0.23627194  0.22576099  0.42968893  0.75471303
  0.72113859  0.5511414   0.96803203  0.92496832  0.46501267  0.04812053] {'loss': [0.095007710158824921, 0.10133498162031174]}  
-7.486224174499512 19.561363220214844 2.3333590030670166 [ 0.09414189  0.18404604  0.19030045  0.86225303  1.          1.
  0.97682457  1.          1.          0.89970031  0.14127425  0.00747161] {'loss': [0.19662924110889435, 0.1934688538312912]}  
-7.509549140930176 19.57322120666504 2.783360242843628 [ 0.17142791  0.19188449  0.77810848  1.          1.          1.          1.
  1.          1.          0.23130741  0.00765807  0.07789091] {'loss': [0.20319974422454834, 0.20249980688095093]}  
-7.20989465713501 19.581161499023438 -3.0498239994049072 [ 0.22063108  0.64240013  1.          1.          1.          1.          1.
  0.87420857  0.23526801  0.00779322  0.07229426  0.1818382 ] {'loss': [0.19270217418670654, 0.18625806272029877]}  
-6.818199634552002 19.657241821289062 -2.5998239517211914 [ 0.57363792  1.          1.          1.          0.63733611  0.8402102
  0.62301976  0.2029558   0.00779119  0.07094396  0.20810432  0.27434731] {'loss': [0.14172302186489105, 0.13020609319210052]}  
-6.827319622039795 19.6292667388916 -2.149824380874634 [ 1.          1.          1.          0.68131105  0.83687992  0.67478773
  0.25805436  0.00776031  0.05404052  0.1901134   0.27325985  0.43696057] {'loss': [0.12978938221931458, 0.12888561189174652]}  
-7.143181800842285 18.688806533813477 -1.6498240232467651 [ 0.77625683  0.64255928  0.77606521  1.          0.95020248  0.38065068
  0.0088056   0.04165754  0.15654683  0.23155498  0.19167357  0.52480165] {'loss': [0.11109009385108948, 0.10934103280305862]}  
-7.010391712188721 17.702789306640625 -1.4081555604934692 [ 0.36821765  0.4162764   0.89492114  0.98670337  0.59984217  0.12119772
  0.00901939  0.10160759  0.2184384   0.24084113  0.1553458   0.33396628] {'loss': [0.083405442535877228, 0.083753585815429688]}  
-6.9518513679504395 16.704710006713867 -1.524822473526001 [ 0.22147073  0.27771775  0.75318204  0.95294667  0.67724646  0.2017814
  0.01022828  0.07442834  0.20185308  0.25539011  0.18150222  0.17504414] {'loss': [0.078827835619449615, 0.076562635600566864]}  
-6.905903339385986 15.705755233764648 -1.524822473526001 [ 0.14513334  0.26565555  0.72046875  0.91155697  0.64783131  0.19301742
  0.01134684  0.07618906  0.20662824  0.2614316   0.18579596  0.11470926] {'loss': [0.076975345611572266, 0.071413986384868622]}  
-6.859955310821533 14.70680046081543 -1.524822473526001 [ 0.10240474  0.25436206  0.68984186  0.8728064   0.62029177  0.1848121
  0.01265945  0.078013    0.21157486  0.26769025  0.19024394  0.08093782] {'loss': [0.079891733825206757, 0.068538449704647064]}  
-6.81400728225708 13.707845687866211 -1.524822473526001 [ 0.07610268  0.24377416  0.66112645  0.8364753   0.59447169  0.1771192
  0.01421373  0.07990322  0.21670125  0.27417631  0.19485345  0.06014942] {'loss': [0.077012307941913605, 0.084365226328372955]}  
-6.768059253692627 12.708890914916992 -1.524822473526001 [ 0.05877125  0.23383355  0.63416784  0.80236626  0.57023085  0.16989682
  0.01607287  0.081863    0.22201628  0.28090098  0.19963251  0.05947931] {'loss': [0.067448623478412628, 0.066000118851661682]}  
-6.722111225128174 11.709936141967773 -1.524822473526001 [ 0.04675057  0.22448912  0.60882494  0.77030183  0.54744304  0.16310735
  0.01832213  0.08389577  0.22752918  0.28787613  0.20458965  0.06095626] {'loss': [0.065910346806049347, 0.055896759033203125]}  
-6.676163196563721 10.710981369018555 -1.524822473526001 [ 0.03807331  0.21569375  0.58497138  0.74012174  0.52599462  0.15671689
  0.02107882  0.08600518  0.23325007  0.2951143   0.20973381  0.0624889 ] {'loss': [0.056415114551782608, 0.059868369251489639]}  
-6.630215167999268 9.712026596069336 -1.524822473526001 [ 0.03160543  0.20740525  0.56249271  0.71168119  0.50578206  0.15069471
  0.02450789  0.0881952   0.23918945  0.30262905  0.21507439  0.0640801 ] {'loss': [0.05550755187869072, 0.05372682586312294]}  
-6.5842671394348145 8.713071823120117 -1.524822473526001 [ 0.02665589  0.19958556  0.54128543  0.68484898  0.48671285  0.14501317
  0.02884723  0.09046993  0.24535868  0.31043442  0.2206215   0.06573286] {'loss': [0.047843333333730698, 0.048013165593147278]}  
-6.544426441192627 7.7139787673950195 -1.5914897918701172 [ 0.02282225  0.15401249  0.48522639  0.6627111   0.5089824   0.17776889
  0.03450875  0.02650377  0.23311542  0.31838383  0.2445286   0.08540483] {'loss': [0.051005616784095764, 0.058369815349578857]}  
-6.5651116371154785 6.714194297790527 -1.5914897918701172 [ 0.01972919  0.15663965  0.49350312  0.67401564  0.51766466  0.18080123
  0.04193747  0.03220925  0.23041763  0.31469928  0.2416987   0.08441645] {'loss': [0.057357843965291977, 0.052411127835512161]}  
-6.58579683303833 5.714409828186035 -1.5914897918701172 [ 0.01722483  0.15933462  0.50199362  0.68561188  0.52657089  0.18391188
  0.05205107  0.03997682  0.22776634  0.31107836  0.23891768  0.08344516] {'loss': [0.04842226579785347, 0.053262561559677124]}  
-6.606482028961182 4.714625358581543 -1.5914897918701172 [ 0.01516871  0.16209968  0.51070522  0.69751     0.53570906  0.18710348
  0.06631843  0.05093458  0.01778958  0.30751946  0.23618432  0.0824905 ] {'loss': [0.056809667497873306, 0.053804170340299606]}  
-6.627167224884033 3.714840888977051 -1.5914897918701172 [ 0.01345993  0.16493741  0.51964567  0.70972055  0.54508708  0.19037891
  0.08736959  0.06710251  0.02343644  0.30402128  0.23349766  0.08155216] {'loss': [0.040804848074913025, 0.052948776632547379]}  
-6.647852420806885 2.7150564193725586 -1.5914897918701172 [ 0.01202443  0.16785031  0.52882286  0.72225456  0.55471365  0.19374112
  0.12030081  0.0923947   0.03227007  0.01149869  0.23085658  0.08062971] {'loss': [0.074623040854930878, 0.060095738619565964]}  
-6.667158603668213 1.7985873222351074 -1.5914897918701172 [ 0.01084445  0.17074005  0.53792723  0.73468907  0.56426373  0.19707662
  0.17363897  0.13336005  0.04657776  0.01147407  0.22834585  0.0797528 ] {'loss': [0.061351027339696884, 0.071040637791156769]}  
-6.667158603668213 1.7985873222351074 -1.5914897918701172 [ 0.01084445  0.17074005  0.53792723  0.73468907  0.56426373  0.19707662
  0.17363897  0.13336005  0.04657776  0.01147407  0.22834585  0.0797528 ] {'loss': [0.052922725677490234, 0.054953914135694504]}  
-6.667158603668213 1.7985873222351074 -1.5914897918701172 [ 0.01084445  0.17074005  0.53792723  0.73468907  0.56426373  0.19707662
  0.17363897  0.13336005  0.04657776  0.01147407  0.22834585  0.0797528 ] {'loss': [0.0629701167345047, 0.057288158684968948]}  
-6.667158603668213 1.7985873222351074 -1.5914897918701172 [ 0.01084445  0.17074005  0.53792723  0.73468907  0.56426373  0.19707662
  0.17363897  0.13336005  0.04657776  0.01147407  0.22834585  0.0797528 ] {'loss': [0.043561730533838272, 0.049066867679357529]}  
-6.667158603668213 1.7985873222351074 -1.5914897918701172 [ 0.01084445  0.17074005  0.53792723  0.73468907  0.56426373  0.19707662
  0.17363897  0.13336005  0.04657776  0.01147407  0.22834585  0.0797528 ] {'loss': [0.057387102395296097, 0.056646954268217087]}  
-6.667158603668213 1.7985873222351074 -1.5914897918701172 [ 0.01084445  0.17074005  0.53792723  0.73468907  0.56426373  0.19707662
  0.17363897  0.13336005  0.04657776  0.01147407  0.22834585  0.0797528 ] {'loss': [0.039314363151788712, 0.040517456829547882]}  
-6.667158603668213 1.7985873222351074 -1.5914897918701172 [ 0.01084445  0.17074005  0.53792723  0.73468907  0.56426373  0.19707662
  0.17363897  0.13336005  0.04657776  0.01147407  0.22834585  0.0797528 ] {'loss': [0.060092981904745102, 0.038557104766368866]}  
-6.667158603668213 1.7985873222351074 -1.5914897918701172 [ 0.01084445  0.17074005  0.53792723  0.73468907  0.56426373  0.19707662
  0.17363897  0.13336005  0.04657776  0.01147407  0.22834585  0.0797528 ] {'loss': [0.04514680802822113, 0.048318665474653244]}  
