1.0 0.0 0.6666861176490784 [ 0.03253069  0.07441548  0.08533815  0.05437603  1.          1.          1.
  0.25945676  0.03122446  0.0198957   0.16828464  0.19298539] {'loss': [0.11195654422044754, 0.098601728677749634]}  
1.3817120790481567 0.6561785340309143 1.2166848182678223 [ 0.06397451  0.07128946  1.          1.          1.          1.
  0.40190423  0.03464115  0.0213328   0.14676352  0.16354468  0.02927177] {'loss': [0.051429841667413712, 0.063353434205055237]}  
1.5765355825424194 1.7373144626617432 1.433349370956421 [ 0.05468291  0.67531363  1.          1.          1.          1.
  0.04323459  0.03781171  0.02028875  0.15188815  0.13283693  0.03472338] {'loss': [0.10460630804300308, 0.086689867079257965]}  
1.6196516752243042 2.8333587646484375 1.6083483695983887 [ 0.04363503  1.          1.          1.          1.          1.
  0.05617614  0.04032417  0.02523345  0.15164231  0.10885137  0.03416139] {'loss': [0.20764201879501343, 0.23659181594848633]}  
1.5242047309875488 3.927086114883423 1.7416820526123047 [ 0.03416891  1.          1.          1.          1.          0.06542246
  0.07213906  0.04386027  0.02889565  0.15283841  0.09292515  0.03098758] {'loss': [0.15101088583469391, 0.15599305927753448]}  
1.3711578845977783 4.813967227935791 1.7416820526123047 [ 0.02912253  1.          1.          1.          0.04669412  0.08464744
  0.09333775  0.05674899  0.02971369  0.16255878  0.09883509  0.02641104] {'loss': [0.16718290746212006, 0.12761290371417999]}  
1.2181110382080078 5.700847148895264 1.7416820526123047 [ 0.02511682  1.          1.          0.07359825  0.05291853  0.11378218
  0.1254636   0.0762814   0.03056696  0.17323672  0.10532726  0.02277829] {'loss': [0.10185829550027847, 0.13252459466457367]}  
0.9509585499763489 6.557152271270752 1.9416801929473877 [ 0.21615264  0.95415806  0.06881068  0.06174303  0.10842046  0.1760336
  0.15795287  0.07225898  0.0355218   0.17467224  0.07990758  0.02204863] {'loss': [0.090050853788852692, 0.10424692183732986]}  
0.5407201051712036 7.357026100158691 2.0583455562591553 [ 0.23511579  0.25634062  0.06348963  0.05762878  0.18858642  0.26225646
  0.20496882  0.07401109  0.0394122   0.18868984  0.06813305  0.02010177] {'loss': [0.048630300909280777, 0.064763769507408142]}  
0.08083866536617279 8.12756061553955 2.200012683868408 [ 0.24291483  0.07993599  0.05621808  0.14153781  0.34132637  0.40411866
  0.2671226   0.06733416  0.04281447  0.16802709  0.05052059  0.01788554] {'loss': [0.061060279607772827, 0.09286210685968399]}  
-0.5019733905792236 8.8067626953125 2.416679620742798 [ 0.13893016  0.04777269  0.0672848   0.37581703  0.64388123  0.60341241
  0.29488044  0.04704799  0.04409097  0.17706257  0.01586492  0.04562711] {'loss': [0.048113312572240829, 0.041492391377687454]}  
-1.175675630569458 9.403526306152344 2.416679620742798 [ 0.10188528  0.04132826  0.11783955  0.65818888  1.          1.
  0.51644043  0.05493572  0.05148296  0.12984999  0.01471445  0.01378964] {'loss': [0.064761936664581299, 0.059036999940872192]}  
-1.8493778705596924 10.000289916992188 2.416679620742798 [ 0.0778995   0.03610505  0.25740078  1.          1.          1.          1.
  0.10258704  0.06090253  0.09928077  0.05619662  0.01282464] {'loss': [0.14064852893352509, 0.12752504646778107]}  
-2.5270984172821045 10.591192245483398 2.491680145263672 [ 0.05239027  0.03252579  1.          1.          1.          1.          1.
  0.16812046  0.0696788   0.08761054  0.07055433  0.01138342] {'loss': [0.15245391428470612, 0.16004709899425507]}  
-3.3416926860809326 10.948894500732422 2.941680908203125 [ 0.0275105   1.          1.          1.          1.          1.          1.
  0.09397677  0.06758589  0.11689742  0.01150929  0.05453113] {'loss': [0.13111113011837006, 0.13371039927005768]}  
-3.822495222091675 10.981805801391602 -2.89150333404541 [ 1.          1.          1.          1.          1.          1.
  0.11651094  0.06427402  0.11100281  0.01194656  0.0482014   0.02435021] {'loss': [0.1773747056722641, 0.17600901424884796]}  
-4.5341877937316895 10.58207893371582 -2.4415037631988525 [ 1.          1.          1.          1.          1.          0.1553436
  0.0947889   0.12062545  0.13340265  0.03324333  0.0208112   0.30975205] {'loss': [0.18475650250911713, 0.22343908250331879]}  
-5.068246364593506 9.862659454345703 -1.9915043115615845 [ 1.          1.          1.          0.4049568   0.19957398  0.13373735
  0.15021548  0.18003194  0.02361123  0.03143577  0.02161402  0.78592448] {'loss': [0.22206310927867889, 0.18583130836486816]}  
-5.20570182800293 8.687492370605469 -1.3915042877197266 [ 0.63203161  0.38423574  0.19053621  0.21008113  0.13217774  0.28416608
  0.31331522  0.02763693  0.03848784  0.02069462  0.26663416  0.57323097] {'loss': [0.066612310707569122, 0.061578840017318726]}  
-4.851232051849365 7.871462821960449 -0.9414997696876526 [ 0.24240539  0.15398752  0.1839814   0.18627111  0.45620227  0.5450624
  0.01225105  0.06123107  0.02220074  0.12404998  0.30381467  0.36299256] {'loss': [0.071532055735588074, 0.075992263853549957]}  
-4.2982096672058105 7.161664009094238 -0.9081662893295288 [ 0.15425302  0.12746666  0.14549629  0.38406545  0.87197899  0.99531723
  0.01271103  0.07417074  0.02391788  0.09392644  0.21324983  0.24341315] {'loss': [0.06843392550945282, 0.084369488060474396]}  
-3.6693356037139893 6.522964000701904 -0.733167290687561 [ 0.08252104  0.11308383  0.21233298  1.          1.          0.02033068
  0.05777645  0.0963125   0.02437938  0.1017336   0.17628009  0.1666738 ] {'loss': [0.062174234539270401, 0.086727827787399292]}  
-3.0377354621887207 5.882471084594727 -0.8665008544921875 [ 0.08284956  0.08522361  0.26003957  1.          1.          0.02398076
  0.05448513  0.11526666  0.02902656  0.05981068  0.12653323  0.1380527 ] {'loss': [0.037891805171966553, 0.055808316916227341]}  
-2.489518880844116 5.169349670410156 -1.0331662893295288 [ 0.08187874  0.06212263  1.          1.          0.94267624  0.02778819
  0.02050483  0.12216392  0.03308035  0.02910539  0.08457562  0.11096232] {'loss': [0.055972058326005936, 0.084509730339050293]}  
-2.028620958328247 4.396306991577148 -1.0331662893295288 [ 0.06426327  0.05468906  1.          1.          0.44303635  0.03174796
  0.02342672  0.14826145  0.19451739  0.0265926   0.06637993  0.08708975] {'loss': [0.057199981063604355, 0.085651330649852753]}  
-1.6064587831497192 3.6020281314849854 -1.1581659317016602 [ 0.05860928  0.72502477  1.          0.93813079  0.39288515  0.03630422
  0.03084414  0.15369438  0.23407394  0.03285115  0.04529558  0.0689844 ] {'loss': [0.0776820108294487, 0.081437475979328156]}  
-1.2633938789367676 2.770022392272949 -1.258165955543518 [ 0.05134971  0.43992558  0.76375712  0.72322367  0.35885904  0.04148334
  0.03928178  0.15563894  0.27020567  0.2558656   0.03123521  0.05422761] {'loss': [0.041126035153865814, 0.034462530165910721]}  
-1.0048002004623413 1.908102035522461 -1.39149808883667 [ 0.04504072  0.27259004  0.57019475  0.61746827  0.36713709  0.0466562
  0.05052435  0.03004099  0.29112844  0.31526523  0.18745179  0.04159239] {'loss': [0.017566956579685211, 0.014301749877631664]}  
-0.8903064131736755 1.0155096054077148 -1.516498327255249 [ 0.03870988  0.17397783  0.46377484  0.58131129  0.40905065  0.05163811
  0.06472497  0.04554495  0.2783966   0.34895176  0.24554649  0.03088306] {'loss': [0.017207914963364601, 0.0164012610912323]}  
-0.8627002239227295 0.11676716804504395 -1.658165454864502 [ 0.03256015  0.02670447  0.38616509  0.5654136   0.04355727  0.05619214
  0.08227514  0.06747862  0.03106461  0.35451911  0.2907617   0.11461402] {'loss': [0.042787779122591019, 0.061633512377738953]}  
-0.9130656123161316 -0.7772824764251709 -1.4331668615341187 [ 0.02757511  0.21939424  0.50675912  0.05325953  0.04024299  0.09295369
  0.10723427  0.06880413  0.03853847  0.33905326  0.2175449   0.02390289] {'loss': [0.03025439940392971, 0.028885126113891602]}  
-0.5930165648460388 -1.6076511144638062 -0.9831647872924805 [ 0.14253506  0.37886761  0.05034179  0.04402312  0.11701636  0.14644172
  0.10287387  0.03847814  0.048154    0.29149984  0.08466872  0.02440788] {'loss': [0.075192339718341827, 0.035316694527864456]}  
0.05752641335129738 -2.213127613067627 -0.5331631898880005 [ 0.23435686  0.04393356  0.04442629  0.13902522  0.18925858  0.14489287
  0.05029391  0.05587421  0.47655904  0.17563804  0.0222581   0.07489005] {'loss': [0.088867045938968658, 0.060866564512252808]}  
0.9949474334716797 -2.549431562423706 -0.2914959192276001 [ 0.10777597  0.03452943  0.10419278  0.20323888  0.20981381  0.11734275
  0.06479553  0.06904639  0.61374323  0.14194748  0.02003528  0.09396755] {'loss': [0.086491696536540985, 0.061109926551580429]}  
1.9527606964111328 -2.8368213176727295 -0.2914959192276001 [ 0.07952525  0.02898594  0.11985728  0.2337942   0.2413576   0.13498429
  0.08507259  0.08782482  0.45286604  0.88336218  0.01922335  0.06375219] {'loss': [0.092114061117172241, 0.091749094426631927]}  
2.9263412952423096 -3.0625319480895996 -0.2164945900440216 [ 0.03589685  0.02623854  0.15655059  0.27387244  0.26088226  0.13057026
  0.12189184  0.11611033  0.42417819  0.74206517  0.01785431  0.05315994] {'loss': [0.049536645412445068, 0.080372422933578491]}  
3.9136838912963867 -3.218928337097168 -0.14982758462429047 [ 0.02180591  0.04177656  0.19147366  0.30637601  0.27158121  0.12188425
  0.18419392  0.16327526  0.41487787  0.66384401  0.58845235  0.0447289 ] {'loss': [0.076746858656406403, 0.077548258006572723]}  
4.902482032775879 -3.3682022094726562 -0.14982758462429047 [ 0.01891036  0.04549908  0.20853497  0.33367585  0.29578065  0.18661044
  0.29859446  0.26468335  0.36819656  0.58914948  0.52224064  0.03479712] {'loss': [0.039175450801849365, 0.042884845286607742]}  
5.8912882804870605 -3.5174760818481445 -0.14982758462429047 [ 0.01655545  0.04974229  0.22798267  0.36479393  0.32336473  0.35329045
  0.56529834  0.5010982   0.32897265  0.52638753  0.46660645  0.02784024] {'loss': [0.034346260130405426, 0.026218904182314873]}  
6.8135857582092285 -3.8840341567993164 -0.6164935231208801 [ 0.02540663  0.01495192  0.08423549  0.31401261  0.46287997  0.38197015
  0.92975608  1.          1.          0.45062691  0.42114613  0.34753134] {'loss': [0.11222189664840698, 0.10770198702812195]}  
7.45121955871582 -4.646137714385986 -1.1164910793304443 [ 0.21986582  0.02321056  0.0138744   0.16718687  0.58373179  0.83620492
  0.71978833  1.          1.          1.          1.          0.27353638] {'loss': [0.19355975091457367, 0.18402093648910522]}  
7.647961139678955 -5.617609977722168 -1.6164900064468384 [ 0.17457501  0.13664322  0.02302386  0.01356378  0.5901412   1.          1.
  1.          1.          1.          1.          1.        ] {'loss': [0.25650313496589661, 0.25099867582321167]}  
7.355643272399902 -6.560601711273193 -2.116490364074707 [ 0.84185593  0.12165341  0.0926958   0.02491802  0.01402861  1.          1.
  1.          1.          1.          1.          1.        ] {'loss': [0.31567403674125671, 0.30288222432136536]}  
6.645828723907471 -6.717322826385498 -2.616492509841919 [ 0.90129262  0.29360759  0.11360139  0.08423624  0.02744102  0.08770355
  1.          1.          1.          1.          1.          1.        ] {'loss': [0.48076698184013367, 0.41715744137763977]}  
5.721973896026611 -6.713665962219238 -2.7748260498046875 [ 0.46581018  0.21157579  0.11099756  0.09914261  0.02815755  0.01674821
  1.          1.          1.          1.          1.          1.        ] {'loss': [0.43082726001739502, 0.41689589619636536]}  
4.788293838500977 -6.7136664390563965 -2.7748260498046875 [ 0.2589071   0.11759835  0.11099756  0.09914267  0.03482276  0.01900166
  1.          1.          1.          1.          1.          1.        ] {'loss': [0.40747347474098206, 0.37244883179664612]}  
3.845001459121704 -6.711727142333984 -2.858159303665161 [ 0.17252239  0.08840923  0.10782423  0.01141558  0.03883254  0.02113733
  1.          1.          1.          1.          1.          1.        ] {'loss': [0.40795794129371643, 0.3652089536190033]}  
2.855806589126587 -6.652379035949707 2.9250271320343018 [ 1.          0.11527229  0.06405681  0.11079145  0.01130972  0.05168103
  0.02490355  1.          1.          1.          1.          1.        ] {'loss': [0.21692752838134766, 0.18851278722286224]}  
1.9198260307312012 -6.300907611846924 2.7583606243133545 [ 1.          0.09174994  0.05804333  0.11229599  0.01275402  0.05091412
  0.02618899  0.36261515  1.          1.          1.          1.        ] {'loss': [0.23597872257232666, 0.19280563294887543]}  
0.9923681616783142 -5.927000522613525 2.7583606243133545 [ 0.7953004   0.07036882  0.05702007  0.12915537  0.01331583  0.07387027
  0.03100324  0.11133947  1.          1.          1.          1.        ] {'loss': [0.19013096392154694, 0.18894588947296143]}  
0.05629280209541321 -5.57759428024292 2.8250272274017334 [ 0.27322772  0.05428604  0.07703111  0.06726439  0.01355915  0.095939
  0.03920161  0.11913017  1.          1.          1.          1.        ] {'loss': [0.18096403777599335, 0.18837188184261322]}  
-0.8940174579620361 -5.266286373138428 2.8250272274017334 [ 0.1717306   0.04381281  0.08806386  0.0345224   0.0140757   0.10967981
  0.04828937  0.07487636  0.78917245  1.          1.          0.9828808 ] {'loss': [0.152971550822258, 0.15308454632759094]}  
-1.8609819412231445 -5.013099193572998 2.891695022583008 [ 0.07908393  0.03483228  0.10474902  0.01423692  0.10320783  0.10854069
  0.06362395  0.09447216  0.66192457  1.          1.          0.6311478 ] {'loss': [0.1413356214761734, 0.11749865859746933]}  
-2.8333261013031006 -4.7838664054870605 3.008362293243408 [ 0.0308338   0.03608799  0.05331627  0.01533733  0.21313444  0.09292084
  0.08724439  0.1457094   0.63108552  0.98850829  0.86055485  0.37517868] {'loss': [0.10130365937948227, 0.082117617130279541]}  
-3.824463367462158 -4.651029109954834 3.008364200592041 [ 0.02605739  0.03860607  0.03781494  0.01559511  0.22800354  0.09940307
  0.12009857  0.12807588  0.55470872  0.86887219  0.75640303  0.32977023] {'loss': [0.073506630957126617, 0.076644927263259888]}  
-4.603679656982422 -4.584468841552734 3.1333653926849365 [ 0.02333463  0.06020577  0.01190231  0.27696103  0.20969887  0.12336559
  0.16606129  0.200787    0.61402782  0.82653738  0.62580634  0.21256572] {'loss': [0.075576022267341614, 0.077095113694667816]}  
-4.603679656982422 -4.584468841552734 3.133366346359253 [ 0.02333464  0.0602057   0.01190232  0.27696104  0.20969868  0.12336574
  0.16606129  0.20078775  0.61402852  0.82653739  0.6258057   0.2125649 ] {'loss': [0.050527215003967285, 0.063565351068973541]}  
-4.603679656982422 -4.584468841552734 3.1333673000335693 [ 0.02333464  0.06020562  0.01190233  0.27696104  0.20969843  0.12336586
  0.1660613   0.20078857  0.61402934  0.8265374   0.62580503  0.21256413] {'loss': [0.052685175091028214, 0.063402697443962097]}  
-4.603679656982422 -4.584468841552734 3.133368492126465 [ 0.02333464  0.06020555  0.01190235  0.27696105  0.20969816  0.12336602
  0.1660613   0.20078924  0.61403023  0.82653742  0.62580401  0.21256343] {'loss': [0.066227756440639496, 0.049327533692121506]}  
-4.603679656982422 -4.584468841552734 3.1333694458007812 [ 0.02333464  0.06020546  0.01190236  0.27696105  0.20969793  0.12336617
  0.1660613   0.20078999  0.61403085  0.82653743  0.62580331  0.2125626 ] {'loss': [0.053475778549909592, 0.055736031383275986]}  
-4.603679656982422 -4.584468841552734 3.1333703994750977 [ 0.02333464  0.06020544  0.01190238  0.27696106  0.20969775  0.12336627
  0.1660613   0.20079051  0.61403143  0.82653745  0.62580291  0.21256206] {'loss': [0.043687310069799423, 0.034860022366046906]}  
