2.584282159805298 0.3910401463508606 0.2396986335515976 [[ 0.4568229   0.50053012  0.56088537  0.59368145  0.55981284  0.49917895
   0.46822792  0.42718533  0.41414902  0.41611883  0.41732171  0.42741612]] 
2.920013189315796 0.4696461260318756 0.2396986335515976 [[ 0.23378225  0.56084043  0.73537594  0.80137444  0.77298218  0.33657083
   0.20735437  0.16137151  0.16474928  0.1369804   0.20149606  0.18118256]] 
2.9200005531311035 0.4696490466594696 0.2396986335515976 [[ 0.23378225  0.56084043  0.73537594  0.80137444  0.77298218  0.33657083
   0.20735437  0.16137151  0.16474928  0.1369804   0.20149606  0.18118256]] 
2.9200005531311035 0.46965011954307556 0.2396986335515976 [ 0.01872778  0.15879306  0.30619933  1.          1.          1.          1.
  1.          1.          0.58952682  0.3261723   0.04901517] {'loss': [0.22545059025287628, 0.29249483346939087]}  
2.907845973968506 0.522545337677002 0.6813643574714661 [ 0.12521568  0.27919442  1.          1.          1.          1.          1.
  1.          0.6376004   0.39868049  0.08710633  0.01219528] {'loss': [0.18651653826236725, 0.1784047931432724]}  
2.881260633468628 0.4996095597743988 1.2313629388809204 [ 0.28845039  1.          1.          1.          1.          1.          1.
  0.62088538  0.3750316   0.07438829  0.01212656  0.1352595 ] {'loss': [0.14368139207363129, 0.13318566977977753]}  
2.870673179626465 0.46947363018989563 1.7313613891601562 [ 1.          1.          1.          1.          1.          1.
  0.61106152  0.3807034   0.08236405  0.01223684  0.12991206  0.28827505] {'loss': [0.1660616397857666, 0.16718943417072296]}  
2.5572404861450195 0.9526503682136536 2.281358242034912 [ 1.          1.          1.          1.          1.          0.89210117
  0.53685337  0.10534397  0.01253629  0.10881517  0.23098817  0.7104901 ] {'loss': [0.15866801142692566, 0.15726767480373383]}  
1.6728001832962036 1.515575647354126 2.831360101699829 [ 1.          1.          1.          1.          1.          0.99113859
  0.17466808  0.01374212  0.08753078  0.17806085  0.18924412  1.        ] {'loss': [0.18659190833568573, 0.18297030031681061]}  
0.6208378672599792 1.530622959136963 -2.9018237590789795 [ 0.68747501  0.8843672   1.          1.          0.99864877  0.15621161
  0.01546813  0.09104273  0.17776883  0.18365136  0.34080659  0.66545466] {'loss': [0.11439036577939987, 0.11931055039167404]}  
-0.30183765292167664 1.2439582347869873 -2.885157346725464 [ 0.35138626  0.64001665  1.          1.          0.67606615  0.09738703
  0.01732528  0.10735822  0.20442754  0.20745102  0.18184631  0.34626494] {'loss': [0.082393534481525421, 0.092542968690395355]}  
-1.1445103883743286 1.0406382083892822 -3.085157632827759 [ 0.23554616  0.32170323  0.83952458  1.          0.72268962  0.20486831
  0.02065255  0.07537912  0.19671116  0.24368929  0.16933528  0.19013789] {'loss': [0.07921823114156723, 0.080838523805141449]}  
-1.9900283813476562 0.8520376682281494 -2.7184903621673584 [ 0.14348322  0.57484069  0.87313868  0.74007916  0.3087215   0.02324841
  0.04331983  0.17355351  0.26361442  0.22344164  0.1057537   0.16063167] {'loss': [0.082873903214931488, 0.070188142359256744]}  
-2.8275296688079834 0.6434073448181152 -3.101823329925537 [ 0.11882549  0.21112963  0.57005928  0.71952678  0.5100648   0.15113501
  0.02679152  0.08814106  0.23798481  0.30038368  0.21293875  0.09414181] {'loss': [0.071620479226112366, 0.07392401248216629]}  
-3.6748058795928955 0.8203070163726807 2.731362819671631 [ 0.07672141  0.08924618  0.29911735  0.70038522  0.81472301  0.52779314
  0.12652529  0.03056722  0.10016934  0.23454717  0.27283693  0.17674895] {'loss': [0.08096013218164444, 0.072527922689914703]}  
-4.397589683532715 1.3049943447113037 2.5813634395599365 [ 0.0633139   0.07348993  0.28667275  0.95966558  1.          1.
  0.39178126  0.03532874  0.0463278   0.15508699  0.21795967  0.17207308] {'loss': [0.1194358691573143, 0.11730035394430161]}  
-5.199652194976807 1.6407151222229004 2.7813632488250732 [ 0.05248769  0.05834902  0.84926364  1.          1.          1.
  0.26235324  0.04029577  0.07525564  0.16386004  0.18215837  0.11185227] {'loss': [0.12373742461204529, 0.11233557015657425]}  
-6.106321334838867 1.9820163249969482 2.7813632488250732 [ 0.04252475  0.09876575  1.          1.          1.          1.
  0.46389846  0.04889991  0.0652647   0.14210595  0.15797495  0.09700276] {'loss': [0.11915367096662521, 0.11170852184295654]}  
-7.013014793395996 2.3234925270080566 2.7813632488250732 [ 0.03515093  0.21995652  1.          1.          1.          1.          1.
  0.06058577  0.05713528  0.12440514  0.13829749  0.08492003] {'loss': [0.15449921786785126, 0.15000861883163452]}  
-7.944127559661865 2.5634889602661133 3.0896973609924316 [ 0.03347228  1.          1.          1.          1.          1.
  0.07932685  0.0637099   0.09003281  0.12886015  0.10349168  0.0392959 ] {'loss': [0.15445984899997711, 0.15529042482376099]}  
-8.912712097167969 2.5439271926879883 -3.1184871196746826 [ 0.02832462  1.          1.          1.          0.02886789  0.08221658
  0.1067544   0.07794352  0.10013624  0.13002227  0.09493186  0.02995545] {'loss': [0.13096526265144348, 0.13753733038902283]}  
-9.860782623291016 2.697641611099243 2.7563657760620117 [ 0.02100565  0.82985075  1.          0.78475339  0.02578647  0.05777339
  0.129426    0.14650417  0.09192979  0.10722524  0.12137395  0.07616079] {'loss': [0.10733809322118759, 0.10891888290643692]}  
-10.625325202941895 3.282310962677002 2.256366491317749 [ 0.06062237  0.01902349  1.          0.91768894  0.18588595  0.02811413
  0.08469894  0.18229095  0.20113203  0.12238124  0.09029892  0.09963199] {'loss': [0.084230579435825348, 0.096809953451156616]}  
-11.01910400390625 4.159739017486572 1.7563645839691162 [ 0.07614283  0.04489229  0.88352913  0.95033734  0.56029973  0.03020544
  0.03248942  0.10879156  0.22527361  0.24230775  0.14285972  0.07079006] {'loss': [0.049599539488554001, 0.074822492897510529]}  
-11.197718620300293 5.111652851104736 1.7563645839691162 [ 0.05941727  0.03542653  0.7410963   0.8043268   0.47956606  0.03606127
  0.03913799  0.11696153  0.2454777   0.26642169  0.15884945  0.05474635] {'loss': [0.061966400593519211, 0.059145230799913406]}  
-11.376300811767578 6.0635905265808105 1.7563645839691162 [ 0.04753269  0.30190425  0.63363403  0.68769484  0.41002684  0.04410818
  0.04787145  0.12875386  0.27022735  0.29328297  0.17486508  0.04379603] {'loss': [0.044031456112861633, 0.041171103715896606]}  
-11.554903030395508 7.015539646148682 1.7563645839691162 [ 0.03888735  0.26107834  0.54794864  0.59469938  0.02629275  0.05518301
  0.05989119  0.14242546  0.29892121  0.32442501  0.19343296  0.03693714] {'loss': [0.071270465850830078, 0.080678224563598633]}  
-11.629319190979004 7.975809097290039 1.439697265625 [ 0.03299359  0.02839632  0.36748926  0.56803331  0.01583521  0.05096413
  0.07877594  0.06779943  0.2249349   0.34768494  0.29923912  0.1280432 ] {'loss': [0.07249758392572403, 0.0944066122174263]}  
-11.392577171325684 8.91069221496582 1.1480292081832886 [ 0.0502105   0.02806826  0.24166453  0.57896948  0.01904541  0.03718737
  0.08909188  0.10507108  0.10829748  0.25945418  0.30598918  0.20136736] {'loss': [0.10966315865516663, 0.096945203840732574]}  
-10.849257469177246 9.707254409790039 0.8480280041694641 [ 0.10070395  0.0240166   0.12196129  0.65233295  0.31945405  0.01857195
  0.08039467  0.13579596  0.12583329  0.13388701  0.22615073  0.20955925] {'loss': [0.067627273499965668, 0.086940079927444458]}  
-10.05016803741455 10.230454444885254 0.3480275273323059 [ 0.14516771  0.06710556  0.02227241  0.41693639  1.          0.0751646
  0.02125639  0.10374254  0.16981182  0.15339478  0.09817851  0.16070427] {'loss': [0.087019771337509155, 0.078560538589954376]}  
-9.09440803527832 10.309194564819336 -0.10197192430496216 [ 0.11474864  0.09653058  0.03975703  0.02233114  1.          0.79419685
  0.02691923  0.03051033  0.11970803  0.18028318  0.15166056  0.0761931 ] {'loss': [0.12791335582733154, 0.14134462177753448]}  
-8.13083267211914 10.210539817810059 -0.10197104513645172 [ 0.08468375  0.07123888  0.02934033  1.          1.          0.92834975
  0.0317671   0.02926519  0.11482244  0.17292515  0.14547056  0.05991327] {'loss': [0.098503969609737396, 0.094761848449707031]}  
-7.163673400878906 10.155780792236328 -0.051970258355140686 [ 0.06550034  0.05212022  1.          1.          1.          0.88331965
  0.03837366  0.03522261  0.12007867  0.17017271  0.13541064  0.05055454] {'loss': [0.066059008240699768, 0.086943954229354858]}  
-6.196132659912109 10.105484008789062 -0.05196937918663025 [ 0.05184744  0.67257338  1.          1.          1.          0.96533079
  0.04684197  0.03727328  0.1176224   0.16669148  0.1326404   0.04952013] {'loss': [0.082420982420444489, 0.061828780919313431]}  
-5.2285919189453125 10.055187225341797 -0.051968932151794434 [ 0.04205753  0.73806266  1.          1.          1.          1.
  0.05845716  0.04651574  0.11524057  0.16331598  0.12995438  0.04851735] {'loss': [0.073269866406917572, 0.080850660800933838]}  
-4.261202335357666 10.004926681518555 -0.051967594772577286 [ 0.03480069  0.81354682  1.          1.          1.          1.          0.0749929
  0.05967353  0.11293213  0.16004432  0.1273508   0.04754509] {'loss': [0.10166681557893753, 0.071871958673000336]}  
-3.2930591106414795 9.980019569396973 0.006366950925439596 [ 0.02934641  1.          1.          1.          1.          1.
  0.09997071  0.07442781  0.11990399  0.15870309  0.11815385  0.03880555] {'loss': [0.095927149057388306, 0.10058807581663132]}  
-2.3242721557617188 9.986144065856934 0.006368012633174658 [ 0.02502144  1.          1.          1.          1.          1.          0.1394021
  0.10378422  0.12019727  0.15909101  0.11844248  0.03890024] {'loss': [0.081600673496723175, 0.082800917327404022]}  
-1.3554248809814453 9.992266654968262 0.0063690743409097195 [ 0.02158642  1.          1.          1.          1.          0.99393713
  0.20776123  0.15467711  0.12049145  0.15948024  0.11873211  0.03899527] {'loss': [0.090540915727615356, 0.090093858540058136]}  
-0.3869542181491852 10.008906364440918 0.08970346301794052 [ 0.01869016  1.          1.          1.          1.          0.72651651
  0.33990363  0.23148745  0.13091474  0.15920807  0.10842672  0.02935211] {'loss': [0.070842832326889038, 0.056391742080450058]}  
0.5402712225914001 10.282469749450684 0.3397037088871002 [ 0.27694869  1.          1.          1.          1.          0.62348627
  0.57343664  0.27247806  0.17254136  0.15869085  0.07540463  0.01607224] {'loss': [0.040174972265958786, 0.044604465365409851]}  
1.4080015420913696 10.703981399536133 0.6563698053359985 [ 0.52002848  1.          1.          0.90721071  1.          1.
  0.97181227  0.23092873  0.21045771  0.13586853  0.03228598  0.01467429] {'loss': [0.095879912376403809, 0.09187614917755127]}  
1.9897300004959106 11.470973014831543 1.1563680171966553 [ 0.56501622  0.67249086  1.          1.          1.          1.
  0.64319392  0.3100572   0.20616771  0.05272621  0.01373796  0.23221308] {'loss': [0.053657848387956619, 0.059596151113510132]}  
2.134842872619629 12.419914245605469 1.6563669443130493 [ 0.34976198  1.          1.          1.          1.          1.
  0.57558848  0.39397547  0.10790513  0.01353816  0.1124537   0.28628714] {'loss': [0.091165997087955475, 0.061325889080762863]}  
1.8078088760375977 13.31846809387207 2.1563644409179688 [ 0.86392403  1.          1.          1.          1.          1.
  0.94758384  0.27673917  0.01408835  0.06507812  0.17371566  0.217903  ] {'loss': [0.092439942061901093, 0.095373593270778656]}  
1.088697075843811 13.946643829345703 2.6563658714294434 [ 0.87522287  1.          0.9558295   1.          1.          1.
  0.77604955  0.01538445  0.04560028  0.12792643  0.164801    0.31197961] {'loss': [0.069777779281139374, 0.10034281760454178]}  
0.1535712033510208 14.150629043579102 -3.1268184185028076 [ 0.50506901  1.          1.          1.          1.          1.
  0.01734455  0.03852202  0.11387222  0.15070673  0.12910019  0.38162445] {'loss': [0.063834793865680695, 0.065372355282306671]}  
-0.8099985122680664 14.052576065063477 -3.035151481628418 [ 0.27709855  1.          1.          1.          1.          0.73949222
  0.01955246  0.05428094  0.13070139  0.15460583  0.10208979  0.23425474] {'loss': [0.058495286852121353, 0.052149385213851929]}  
-1.7733863592147827 13.949636459350586 -3.035151481628418 [ 0.17593011  1.          1.          1.          1.          0.60104682
  0.0224971   0.0565591   0.13618686  0.16109456  0.10637449  0.14872854] {'loss': [0.052135873585939407, 0.050401270389556885]}  
-2.7367660999298096 13.846696853637695 -3.035151481628418 [ 0.12152669  1.          1.          1.          1.          0.49810313
  0.02616065  0.01727449  0.14202702  0.16800277  0.11093615  0.10273675] {'loss': [0.052953317761421204, 0.048141848295927048]}  
-3.69962739944458 13.743782997131348 -3.035151481628418 [ 0.08896154  0.88713286  1.          1.          1.          0.41952519
  0.03079498  0.02033464  0.14824944  0.17536323  0.1157964   0.07520667] {'loss': [0.026641791686415672, 0.031739737838506699]}  
-4.663015365600586 13.640843391418457 -3.035151481628418 [ 0.06791701  0.7573701   1.          1.          1.          0.35816038
  0.0367831   0.02428874  0.15489164  0.18322032  0.12098465  0.05741595] {'loss': [0.026085419580340385, 0.028269916772842407]}  
-5.626407623291016 13.537903785705566 -3.035151481628418 [ 0.05354387  0.65412827  1.          1.          1.          0.30933754
  0.0447041   0.02951917  0.16199039  0.19161745  0.12652944  0.04526514] {'loss': [0.028321543708443642, 0.021906182169914246]}  
-6.589345455169678 13.43508243560791 -3.035151481628418 [ 0.04329781  0.57072949  1.          1.          1.          0.26989805
  0.05548308  0.03663678  0.16957966  0.20059468  0.1324573   0.03660328] {'loss': [0.018349779769778252, 0.027657715603709221]}  
-7.552737712860107 13.33214282989502 -3.035151481628418 [ 0.03573116  0.50224825  1.          1.          0.94461272  0.23751343
  0.07069679  0.04668273  0.01252635  0.21022935  0.13881931  0.03490473] {'loss': [0.026319988071918488, 0.027938298881053925]}  
-8.516115188598633 13.229203224182129 -3.035151481628418 [ 0.02998773  0.44539214  1.          1.          0.83767874  0.21062575
  0.09314692  0.06150706  0.01546532  0.2205752   0.14565084  0.03662247] {'loss': [0.021397938951849937, 0.023752922192215919]}  
-9.453825950622559 13.008240699768066 -2.7018182277679443 [ 0.18010053  0.68632009  1.          0.84978135  0.34356257  0.12759204
  0.10617862  0.04292747  0.01543623  0.20329932  0.08219286  0.02569196] {'loss': [0.052011296153068542, 0.054927363991737366]}  
-10.185755729675293 12.382813453674316 -2.20181941986084 [ 0.38763058  0.59390486  0.50724229  0.21430428  0.16895072  0.14429729
  0.06096409  0.01659345  0.28782209  0.12160172  0.02276492  0.09469282] {'loss': [0.12162035703659058, 0.10087115317583084]}  
-10.718676567077637 11.57336711883545 -2.1518197059631348 [ 0.243759    0.34771049  0.27838112  0.15122547  0.21571583  0.17270463
  0.06520326  0.01866797  0.27930779  0.17637991  0.02123859  0.07047851] {'loss': [0.14232933521270752, 0.1287907212972641]}  
-11.143877983093262 10.705245971679688 -1.951818585395813 [ 0.19084852  0.21700403  0.13689327  0.23036675  0.26193823  0.16523927
  0.03696917  0.0207292   0.33611944  0.18057578  0.01962467  0.08458242] {'loss': [0.13452549278736115, 0.12990714609622955]}  
-11.397079467773438 9.771503448486328 -1.793483018875122 [ 0.1417342   0.13591232  0.16545511  0.29195489  0.27996238  0.14147013
  0.02315537  0.02220422  0.37751247  0.29103966  0.01762012  0.08032283] {'loss': [0.16277365386486053, 0.14105881750583649]}  
-11.608329772949219 8.825898170471191 -1.7518160343170166 [ 0.10279848  0.09510462  0.19829928  0.33428232  0.30926316  0.14826099
  0.02736707  0.0253188   0.33788725  0.56959185  0.01673964  0.06098099] {'loss': [0.10282833129167557, 0.13427458703517914]}  
-11.714552879333496 7.862826347351074 -1.6768171787261963 [ 0.07870437  0.06650468  0.24158006  0.36566006  0.30898047  0.12822107
  0.0332231   0.02807331  0.35550876  0.53810405  0.01544294  0.05199752] {'loss': [0.14925073087215424, 0.094020694494247437]}  
-11.817034721374512 6.899405479431152 -1.6768171787261963 [ 0.06099803  0.06479613  0.25736981  0.38955936  0.32917524  0.13660154
  0.03997003  0.03377442  0.33008261  0.49961869  0.42217465  0.0402995 ] {'loss': [0.10340887308120728, 0.10174724459648132]}  
-11.919557571411133 5.936074733734131 -1.6768171787261963 [ 0.04865921  0.06917602  0.27476678  0.41589173  0.35142588  0.14583515
  0.0490011   0.04140561  0.30728119  0.46510606  0.39301191  0.03214762] {'loss': [0.096559293568134308, 0.082001246511936188]}  
-12.022110939025879 4.973036289215088 -1.6768171787261963 [ 0.03972036  0.07401701  0.29399524  0.44499622  0.37601882  0.15604082
  0.06147374  0.05194491  0.02155615  0.43404099  0.36676188  0.026242  ] {'loss': [0.065074555575847626, 0.068833477795124054]}  
-12.104188919067383 4.00865364074707 -1.5434849262237549 [ 0.0333915   0.12726362  0.36575996  0.47716446  0.35007276  0.11157639
  0.08028885  0.0589041   0.01877413  0.41468907  0.30423761  0.02559553] {'loss': [0.057395696640014648, 0.047671809792518616]}  
-11.900947570800781 3.0646040439605713 -1.3101506233215332 [ 0.02780882  0.20888361  0.39044162  0.3909247   0.2098499   0.09986089
  0.09998443  0.05367202  0.01677899  0.44121228  0.23684435  0.02638869] {'loss': [0.065302185714244843, 0.08171498030424118]}  
-11.505472183227539 2.185525417327881 -1.0768156051635742 [ 0.07428486  0.23921689  0.33015378  0.25615866  0.1059385   0.14621044
  0.1134413   0.04040025  0.01895391  0.4879781   0.17378541  0.02450041] {'loss': [0.070298664271831512, 0.075615242123603821]}  
-11.038469314575195 1.3378654718399048 -0.9934818148612976 [ 0.07465252  0.20271178  0.25664757  0.18252421  0.16447839  0.20824142
  0.14809854  0.04419247  0.02020361  0.44146637  0.2003608   0.02151288] {'loss': [0.082989171147346497, 0.094401456415653229]}  
-10.37220287322998 0.6419616937637329 -0.6684813499450684 [ 0.1147649   0.18444284  0.16409854  0.18032057  0.28979961  0.25783453
  0.11639012  0.0217655   0.09667647  0.44841705  0.01902977  0.02474268] {'loss': [0.079379871487617493, 0.077383890748023987]}  
-9.534855842590332 0.15838268399238586 -0.5018141269683838 [ 0.10401164  0.13525784  0.10632988  0.30370986  0.39494775  0.28880548
  0.09142518  0.02533118  0.13551599  0.38707395  0.01820775  0.03641475] {'loss': [0.059334393590688705, 0.067854322493076324]}  
-8.619593620300293 -0.1390799880027771 -0.22681407630443573 [ 0.09421534  0.09074645  0.25945743  0.46048024  0.44352608  0.22554903
  0.02797644  0.03495981  0.21867218  0.38809529  0.01598299  0.05308558] {'loss': [0.038607779890298843, 0.055103767663240433]}  
-7.675523281097412 -0.35695338249206543 -0.22681407630443573 [ 0.07140197  0.06877306  0.30380607  0.53918934  0.51933724  0.26410169
  0.0331275   0.0319078   0.19112233  0.33920025  0.32671141  0.04023142] {'loss': [0.041869029402732849, 0.035188689827919006]}  
-6.725627422332764 -0.5378314852714539 -0.07681364566087723 [ 0.05853447  0.1228059   0.44784739  0.65395663  0.53502475  0.20998309
  0.04176272  0.05978664  0.21802933  0.31837128  0.2604706   0.04008599] {'loss': [0.017919061705470085, 0.033352367579936981]}  
-5.7584357261657715 -0.5766886472702026 0.01485347468405962 [ 0.04715346  0.1792292   0.51985504  0.68140234  0.50232344  0.16169752
  0.05175049  0.08219254  0.23839984  0.31248359  0.23036004  0.0359743 ] {'loss': [0.029151156544685364, 0.014504256658256054]}  
-4.7896647453308105 -0.5622966885566711 0.014854592271149158 [ 0.03860429  0.17711916  0.51373389  0.67337804  0.49640752  0.15979268
  0.06536321  0.08285817  0.24032989  0.31501307  0.23222437  0.02945201] {'loss': [0.015925547108054161, 0.035040434449911118]}  
-3.8210761547088623 -0.5478430986404419 0.014855708926916122 [ 0.03218673  0.17503752  0.50769455  0.66546074  0.49057044  0.15791341
  0.08514439  0.0835348   0.242292    0.31758439  0.23411962  0.02455595] {'loss': [0.017806129530072212, 0.017125032842159271]}  
-2.8525683879852295 -0.5334473848342896 0.014856827445328236 [ 0.02724629  0.17300031  0.50178454  0.65771376  0.48485846  0.15607428
  0.11547598  0.08512749  0.24427012  0.32017679  0.23603051  0.02078681] {'loss': [0.017320210114121437, 0.013288915157318115]}  
-1.8838108777999878 -0.5190528631210327 0.014857945032417774 [ 0.02336092  0.17099875  0.49597763  0.65010141  0.47924629  0.15426727
  0.16547109  0.12198312  0.24627245  0.32280102  0.23796464  0.07659983] {'loss': [0.010581079870462418, 0.019047191366553307]}  
-0.9150473475456238 -0.5046583414077759 0.014859062619507313 [ 0.02025102  0.16903168  0.49027099  0.64262058  0.47373085  0.19581083
  0.25665825  0.18920482  0.24829953  0.32545756  0.23992273  0.07722991] {'loss': [0.015426230616867542, 0.016238242387771606]}  
0.05316955968737602 -0.49013376235961914 0.014860180206596851 [ 0.01772448  0.16708099  0.48461202  0.63520224  0.46826164  0.34377114
  0.45059596  0.33217262  0.25037036  0.3281715   0.24192303  0.07787361] {'loss': [0.022913619875907898, 0.037806812673807144]}  
1.020626187324524 -0.45279067754745483 0.14819453656673431 [ 0.015343    0.23520933  0.53324123  0.60811608  0.38495909  0.85020284
  0.96958373  0.61378097  0.28723408  0.32756588  0.20736081  0.04682391] {'loss': [0.079481936991214752, 0.09103238582611084]}  
1.8324499130249023 -0.12204434722661972 0.6481944918632507 [ 0.1720981   0.40696778  0.47623501  1.          1.          1.          1.
  0.46131722  0.40501445  0.26417776  0.0644327   0.01392613] {'loss': [0.084918282926082611, 0.11251261830329895]}  
1.807065725326538 -0.1415073573589325 1.148192286491394 [ 0.40376211  0.48492007  0.94005873  1.          1.          1.
  0.49101493  0.40215808  0.27012216  0.0707795   0.01403806  0.16339579] {'loss': [0.079801537096500397, 0.081669628620147705]}  
1.9041447639465332 0.4355677366256714 1.4148586988449097 [ 0.33922656  0.40822639  1.          1.          1.          1.
  0.57046038  0.5136573   0.23626465  0.01363176  0.04309941  0.2080521 ] {'loss': [0.095977731049060822, 0.099104225635528564]}  
1.8021656274795532 1.3880568742752075 1.9148569107055664 [ 0.30823967  1.          1.          1.          1.          1.          1.
  0.62080956  0.05079349  0.02302269  0.12167901  0.20471156] {'loss': [0.16844834387302399, 0.16060374677181244]}  
1.8071805238723755 1.3581621646881104 2.414855480194092 [ 1.          1.          1.          1.          1.          1.
  0.66847554  0.06548293  0.01984723  0.11580867  0.2011956   0.26484497] {'loss': [0.16256034374237061, 0.15502798557281494]}  
1.8310050964355469 1.3372087478637695 2.914855718612671 [ 1.          1.          1.          1.          1.          0.68532175
  0.07855138  0.01721009  0.11196114  0.20103322  0.23660381  1.        ] {'loss': [0.16092391312122345, 0.19159270823001862]}  
1.2124148607254028 1.3611271381378174 3.0981903076171875 [ 1.          1.          1.          1.          1.          0.42852317
  0.01512932  0.04492392  0.14978467  0.2101178   0.27704089  0.92370548] {'loss': [0.17251038551330566, 0.15281455218791962]}  
0.2444593757390976 1.4031627178192139 3.098191738128662 [ 0.53834234  0.42425756  1.          1.          1.          0.45134888
  0.01710729  0.04407008  0.14693731  0.20612322  0.16244188  0.38376349] {'loss': [0.056725610047578812, 0.051438868045806885]}  
-0.7232933044433594 1.4451960325241089 3.0981931686401367 [ 0.29305357  0.35215691  1.          1.          1.          0.476047
  0.01949956  0.04324041  0.14417056  0.20224173  0.15938272  0.208907  ] {'loss': [0.045781597495079041, 0.038738816976547241]}  
-1.787675380706787 1.4913100004196167 3.0981945991516113 [ 0.17654926  0.37398489  1.          1.          1.          0.5055488
  0.02275961  0.04235689  0.14122414  0.19810812  0.15612487  0.12585558] {'loss': [0.056676659733057022, 0.066976919770240784]}  
-2.8512303829193115 1.4676357507705688 -3.0516560077667236 [ 0.11717525  0.56792534  1.          1.          1.          0.30248999
  0.02674122  0.06630477  0.16469793  0.19839988  0.13370859  0.09727085] {'loss': [0.058645185083150864, 0.047176331281661987]}  
-3.8158185482025146 1.3806332349777222 -3.0516550540924072 [ 0.08622138  0.5083853   1.          1.          1.          0.27077604
  0.03153839  0.06896213  0.17129848  0.20635082  0.1390669   0.07157514] {'loss': [0.03512287512421608, 0.043119300156831741]}  
-4.684264659881592 1.3023170232772827 -3.051654815673828 [ 0.06776121  0.46244758  1.          1.          0.93255746  0.2463082
  0.03705424  0.07149308  0.17758527  0.21392407  0.14417075  0.05625076] {'loss': [0.051355749368667603, 0.018583731725811958]}  
-5.742462158203125 1.1813124418258667 -2.9099879264831543 [ 0.06004779  0.56525009  1.          1.          0.65953328  0.04230117
  0.04408549  0.10500933  0.20762098  0.21637877  0.12252479  0.04809975] {'loss': [0.025624386966228485, 0.02904319204390049]}  
-6.658771514892578 0.6551561951637268 -2.4099881649017334 [ 0.33384163  0.675944    0.71610449  0.41416232  0.0516545   0.05472349
  0.13128889  0.26582653  0.28162034  0.16287641  0.03893919  0.04125271] {'loss': [0.078374594449996948, 0.058826461434364319]}  
-7.3836188316345215 0.013538025319576263 -2.4766547679901123 [ 0.1778801   0.39645661  0.44732559  0.02663162  0.05935621  0.06697213
  0.16794351  0.37430998  0.4223374   0.26399822  0.05763165  0.03645293] {'loss': [0.11057252436876297, 0.082470633089542389]}  
-8.265649795532227 -0.3543793559074402 -2.976654052734375 [ 0.03075419  0.14710327  0.31504055  0.34648915  0.03599105  0.07707948
  0.08477383  0.23407558  0.50130279  0.55134478  0.3341593   0.06693211] {'loss': [0.12244699150323868, 0.082473129034042358]}  
-9.219453811645508 -0.2530672550201416 2.806532382965088 [ 0.05525827  0.02589295  0.16288208  0.33567557  0.01649966  0.05155867
  0.10625462  0.11392407  0.23349624  0.4812008   0.51593382  0.30296259] {'loss': [0.10144517570734024, 0.10437709093093872]}  
-10.012041091918945 0.29269784688949585 2.3065338134765625 [ 0.20416225  0.03360927  0.02541638  0.24378249  0.36331763  0.0175217
  0.07311611  0.14518887  0.15176861  0.17302178  0.34357503  0.35914525] {'loss': [0.088449381291866302, 0.080989882349967957]}  
-10.449034690856934 1.1497442722320557 1.8065316677093506 [ 0.22377974  0.12304194  0.02045365  0.06487873  0.53581087  0.14651146
  0.01950105  0.09283948  0.1778499   0.1812624   0.11461596  0.21956677] {'loss': [0.072425827383995056, 0.10061017423868179]}  
-10.644207954406738 2.0988101959228516 1.7731987237930298 [ 0.15042829  0.08767101  0.01936331  0.17961602  0.83405534  0.14864113
  0.02289269  0.0926439   0.18924952  0.20170542  0.11755571  0.14113892] {'loss': [0.083799056708812714, 0.069167584180831909]}  
-10.789447784423828 3.054704427719116 1.6565330028533936 [ 0.11005517  0.07455289  0.0199318   1.          0.84259263  0.22526862
  0.02760432  0.07380674  0.18481816  0.22367506  0.15152062  0.09093628] {'loss': [0.048645898699760437, 0.065320685505867004]}  
-10.872417449951172 4.01993989944458 1.6565330028533936 [ 0.08169216  0.0553394   0.93857553  1.          0.76947836  0.20572135
  0.03264753  0.07680134  0.19231683  0.23275035  0.15766835  0.06750051] {'loss': [0.032507855445146561, 0.054229672998189926]}  
-10.955305099487305 4.9849138259887695 1.6565330028533936 [ 0.06303609  0.04270153  0.86057957  1.          0.70553437  0.03239703
  0.03920833  0.07997919  0.20027439  0.24238091  0.16419221  0.05208541] {'loss': [0.012369894422590733, 0.025215692818164825]}  
-11.038203239440918 5.9500555992126465 1.6565330028533936 [ 0.05010822  0.033944    0.79190873  0.95840279  0.64923548  0.03963497
  0.04796802  0.08335884  0.20873737  0.25262314  0.17113044  0.04575203] {'loss': [0.038226239383220673, 0.026882432401180267]}  
-11.120949745178223 6.915114402770996 1.6565330028533936 [ 0.04078474  0.29197794  0.73113638  0.88485342  0.59941184  0.04960025
  0.06002845  0.08695764  0.21774903  0.26352948  0.17851845  0.04772724] {'loss': [0.016321122646331787, 0.0096390983089804649]}  
-11.137299537658691 7.880112171173096 1.4065337181091309 [ 0.03326663  0.02968456  0.52716345  0.850216    0.75866698  0.04711129
  0.07598166  0.06780014  0.16267081  0.26235764  0.23410756  0.10617061] {'loss': [0.0081319157034158707, 0.0078527797013521194]}  
-10.799324035644531 8.781355857849121 1.0315321683883667 [ 0.05858136  0.02902021  0.29555104  0.90192421  1.          0.0248729
  0.0759039   0.10206755  0.0772001   0.16991621  0.22848529  0.17281784] {'loss': [0.029305398464202881, 0.028989454731345177]}  
-10.148594856262207 9.49172592163086 0.739865779876709 [ 0.09219976  0.02353149  0.14431447  1.          1.          0.02190919
  0.06030696  0.11899323  0.12383582  0.07944176  0.15674864  0.16312768] {'loss': [0.03698170930147171, 0.032555554062128067]}  
-9.296974182128906 9.925131797790527 0.2398652583360672 [ 0.1168456   0.06386596  0.02221127  1.          1.          0.35405664
  0.0247295   0.07521498  0.14320089  0.14530379  0.07942075  0.11515457] {'loss': [0.070123888552188873, 0.051526814699172974]}  
-8.343481063842773 10.093265533447266 0.16486632823944092 [ 0.0884386   0.05360608  1.          1.          1.          0.3998611
  0.02999411  0.06821687  0.14611276  0.16071093  0.09741315  0.08040529] {'loss': [0.043166399002075195, 0.054708581417798996]}  
-7.375779628753662 10.106409072875977 -0.010132679715752602 [ 0.06939233  0.05265498  1.          1.          1.          0.84498631
  0.0369211   0.04030955  0.12382607  0.16705036  0.12675796  0.05143711] {'loss': [0.045910928398370743, 0.073515847325325012]}  
-6.406951427459717 10.096567153930664 -0.01013178564608097 [ 0.0545747   0.80189438  1.          1.          1.          0.86021425
  0.04488909  0.04014803  0.12332963  0.16638038  0.12624952  0.0430679 ] {'loss': [0.08159356564283371, 0.086162872612476349]}  
-5.4381232261657715 10.086725234985352 -0.01013089157640934 [ 0.04404206  0.81647888  1.          1.          1.          0.87585574
  0.05574498  0.04229928  0.1228361   0.16571442  0.12574402  0.04289536] {'loss': [0.059593278914690018, 0.089109271764755249]}  
-4.469444751739502 10.081757545471191 0.0398699976503849 [ 0.0362569   0.95366167  1.          1.          1.          0.76626402
  0.07100804  0.05133372  0.12833198  0.16504255  0.11931382  0.03687479] {'loss': [0.10073060542345047, 0.083637766540050507]}  
-3.5050835609436035 10.17540454864502 0.09820453822612762 [ 0.03014985  0.99036685  1.          1.          1.          0.49708246
  0.09269968  0.06184038  0.14229913  0.16985895  0.11331364  0.02920853] {'loss': [0.075455762445926666, 0.083968915045261383]}  
-2.5413711071014404 10.270373344421387 0.09820602089166641 [ 0.02565475  0.84731955  1.          1.          1.          0.4252795
  0.12752844  0.08507462  0.14806543  0.17674179  0.117905    0.03039195] {'loss': [0.061494093388319016, 0.066551461815834045]}  
-1.5773054361343384 10.365287780761719 0.09820713847875595 [ 0.02209365  0.7332238   1.          1.          1.          0.36801083
  0.18645213  0.12438263  0.15418584  0.18404731  0.12277843  0.03164805] {'loss': [0.05157262459397316, 0.034841395914554596]}  
-0.6534213423728943 10.632673263549805 0.5065410733222961 [ 0.352884    1.          1.          1.          0.42081985  0.29492239
  0.22772591  0.15095539  0.20730868  0.16007453  0.05648701  0.01949803] {'loss': [0.043916154652833939, 0.07191012054681778]}  
-0.2560461163520813 10.927895545959473 1.0065397024154663 [ 0.75940402  1.          0.85047489  0.31556732  0.37657011  0.29864373
  0.17050348  0.24077665  0.19095103  0.0708521   0.01835452  0.22449605] {'loss': [0.090289019048213959, 0.09042070060968399]}  
-0.2730662226676941 10.900822639465332 1.506536841392517 [ 1.          0.89530663  0.34847361  0.37149232  0.30250623  0.16311953
  0.2369737   0.19296764  0.07510732  0.01834529  0.20998796  0.75682179] {'loss': [0.14059104025363922, 0.12648458778858185]}  
-0.3814045190811157 11.543815612792969 1.7398704290390015 [ 0.62377646  0.38016122  0.30866917  0.34102629  0.20783881  0.28655704
  0.31659604  0.19294978  0.03926464  0.01817405  0.26179205  0.56459183] {'loss': [0.10020971298217773, 0.064457423985004425]}  
-0.5445018410682678 12.498791694641113 1.7398704290390015 [ 0.32635182  0.19889554  0.28087518  0.3103187   0.25106513  0.5414578
  0.59821735  0.36458412  0.07419167  0.0185863   0.13696623  0.29538734] {'loss': [0.066050641238689423, 0.072898410260677338]}  
-0.845999002456665 13.409048080444336 2.1148664951324463 [ 0.15503182  0.20745069  0.27276419  0.39126254  1.          1.          1.
  0.3596984   0.01991614  0.05463629  0.15943931  0.20963717] {'loss': [0.089583039283752441, 0.1055678129196167]}  
-1.5381978750228882 14.066666603088379 2.6148681640625 [ 0.1455139   0.19661153  1.          1.          1.          1.          1.
  0.02197823  0.01670251  0.11640681  0.15728343  0.11952868] {'loss': [0.084339827299118042, 0.11050796508789062]}  
-2.463733673095703 14.30935001373291 3.1148688793182373 [ 0.13542384  1.          1.          1.          1.          1.
  0.02529039  0.01974371  0.1020662   0.14177152  0.11067827  0.09749637] {'loss': [0.056791156530380249, 0.078943870961666107]}  
-3.4003989696502686 14.090627670288086 -2.768315553665161 [ 0.66897762  1.          1.          1.          1.          0.11281975
  0.02564204  0.09359103  0.14985038  0.13290341  0.06018142  0.09635755] {'loss': [0.080076277256011963, 0.10810553282499313]}  
-4.30254602432251 13.737348556518555 -2.768315553665161 [ 0.34318431  1.          1.          1.          1.          0.05787634
  0.03013619  0.10801452  0.17294415  0.15338541  0.06889711  0.0739341 ] {'loss': [0.086203373968601227, 0.081478685140609741]}  
-5.204545021057129 13.384170532226562 -2.768315553665161 [ 0.20826389  0.95618548  1.          1.          0.609903    0.04050397
  0.03592326  0.12604283  0.20180966  0.17898638  0.08039649  0.05851802] {'loss': [0.056311476975679398, 0.053723771125078201]}  
-6.106682777404785 13.030891418457031 -2.768315553665161 [ 0.13968343  0.64131779  1.          0.91069914  0.4090644   0.0491077
  0.04355398  0.01956343  0.23856626  0.21158615  0.09503952  0.04746372] {'loss': [0.039337079972028732, 0.038935314863920212]}  
-7.008820533752441 12.6776123046875 -2.768315553665161 [ 0.10014279  0.45977769  0.73615864  0.65290446  0.29326928  0.06077501
  0.0539018   0.02421144  0.28636212  0.25397652  0.11408024  0.03926964] {'loss': [0.021102204918861389, 0.027854600921273232]}  
-7.910958290100098 12.324333190917969 -2.768315553665161 [ 0.07529159  0.3456804   0.55347541  0.49088131  0.22049245  0.07715382
  0.06842828  0.0307364   0.35010397  0.31050973  0.1394737   0.03302786] {'loss': [0.033049680292606354, 0.042656883597373962]}  
-8.81265926361084 11.971224784851074 -2.768315553665161 [ 0.05866837  0.26935939  0.43127656  0.38250209  0.17181113  0.10115553
  0.08971557  0.04029815  0.01740485  0.38821103  0.17437538  0.02816618] {'loss': [0.049254536628723145, 0.05180150642991066]}  
-9.714337348937988 11.618057250976562 -2.768315553665161 [ 0.04699737  0.21577518  0.34548184  0.30641035  0.13763241  0.1383829
  0.12273279  0.05512872  0.01825496  0.49921634  0.22423623  0.02430405] {'loss': [0.062015950679779053, 0.073510967195034027]}  
-10.567251205444336 11.167911529541016 -2.4516491889953613 [ 0.10990544  0.24148526  0.27001527  0.16696522  0.17558078  0.19632455
  0.12139823  0.02572827  0.01934873  0.49881192  0.10571454  0.02127052] {'loss': [0.073382042348384857, 0.077840626239776611]}  
-11.141440391540527 10.392313957214355 -2.084984540939331 [ 0.1454826   0.19188594  0.14235483  0.20200921  0.26644217  0.19766612
  0.06445671  0.02216047  0.22859124  0.47020874  0.02004519  0.0495481 ] {'loss': [0.088066130876541138, 0.080418750643730164]}  
-11.617897033691406 9.5490140914917 -2.084984540939331 [ 0.10365405  0.13671567  0.10142559  0.26263126  0.34640049  0.25698487
  0.0837999   0.02522829  0.15254077  0.44788887  0.01875841  0.03530223] {'loss': [0.077858291566371918, 0.091561339795589447]}  
-12.094408988952637 8.705503463745117 -2.084984540939331 [ 0.07757239  0.10231498  0.12100451  0.35529216  0.46861655  0.34765361
  0.11336597  0.02898126  0.10897308  0.31996573  0.42202262  0.0264194 ] {'loss': [0.063915424048900604, 0.083711527287960052]}  
-12.570883750915527 7.861949920654297 -2.084984540939331 [ 0.06022519  0.07943469  0.17276202  0.50726185  0.66905874  0.49635584
  0.16185615  0.03363872  0.02495564  0.23994402  0.3164769   0.02051134] {'loss': [0.063541896641254425, 0.048792485147714615]}  
-13.047358512878418 7.018348693847656 -2.084984540939331 [ 0.04810678  0.06345098  0.26651637  0.78254263  1.          0.76571869
  0.24969232  0.03951663  0.0293163   0.18657838  0.24608954  0.01638411] {'loss': [0.065765410661697388, 0.080377332866191864]}  
-13.523833274841309 6.174747467041016 -2.084984540939331 [ 0.03930941  0.05184758  0.4639152   1.          1.          1.
  0.43463041  0.04708137  0.03492837  0.14922141  0.19681727  0.14601324] {'loss': [0.064088203012943268, 0.067483440041542053]}  
-14.0003080368042 5.331146240234375 -2.084984540939331 [ 0.03272178  0.04315877  1.          1.          1.          1.
  0.93813036  0.05704603  0.04232087  0.01380037  0.16098718  0.11943182] {'loss': [0.078862376511096954, 0.082207299768924713]}  
-14.524430274963379 4.40318489074707 -2.084984540939331 [ 0.02722093  0.03590337  1.          1.          1.          1.          1.
  0.07215219  0.05352773  0.01745479  0.13180967  0.09778588] {'loss': [0.096290111541748047, 0.096844501793384552]}  
-14.920000076293945 3.5822761058807373 -2.084984540939331 [ 0.02340888  0.05535281  1.          1.          1.          1.          1.
  0.09131022  0.06774053  0.02208942  0.11412429  0.0846656 ] {'loss': [0.15429563820362091, 0.14240966737270355]}  
