1.0 0.0 9.986930308514275e-06 [ 0.015625    0.11111496  0.33333717  0.44444444  0.33332958  0.75000864
  0.99999976  0.74999133  0.33333716  0.44444444  0.33332949  0.11110726] {'loss': [0.062549054622650146, 0.069445930421352386]}  
1.0 0.0 0.14167766273021698 [ 0.01534882  0.16575701  0.38012344  0.43658864  0.37295332  0.85527777
  0.98232444  0.62704675  0.38012343  0.43658864  0.27868744  0.06432101] {'loss': [0.068725533783435822, 0.067140094935894012]}  
0.7035311460494995 -0.1952747404575348 0.6416782736778259 [ 0.17437158  0.41730316  0.49183498  0.3234351   0.65090946  0.76716412
  0.50449405  0.33466323  0.39443515  0.25938412  0.06456105  0.01597143] {'loss': [0.04357340931892395, 0.042535159736871719]}  
0.3857378661632538 -0.4449767768383026 1.1916759014129639 [ 0.54489123  0.62392305  0.39684801  0.49697414  0.56905612  0.36194963
  0.2812927   0.32209174  0.20486735  0.04684379  0.01661317  0.23878425] {'loss': [0.043959084898233414, 0.0413084477186203]}  
0.49412801861763 0.6366583704948425 1.7416728734970093 [ 0.3026762   0.25682246  0.55997915  0.62306953  0.38300311  0.60144418
  0.66920599  0.41136333  0.08575873  0.01621402  0.12475986  0.27202809] {'loss': [0.052554979920387268, 0.049089446663856506]}  
0.40340563654899597 0.9578350186347961 2.2916738986968994 [ 0.25356554  0.52927093  0.57234001  0.4099366   0.85566685  0.92529601
  0.54919526  0.10346525  0.01626406  0.10913975  0.22780903  0.24634682] {'loss': [0.1011943519115448, 0.10363339632749557]}  
-0.08014494180679321 1.1838573217391968 2.8416738510131836 [ 0.39083721  0.41080448  0.54126563  1.          1.          0.65196366
  0.10983393  0.0170759   0.10439145  0.20894951  0.21962445  0.19526277] {'loss': [0.0648360475897789, 0.052073881030082703]}  
-1.1661021709442139 1.1973456144332886 -2.891510248184204 [ 0.22066554  0.59898844  1.          1.          0.64902093  0.09654332
  0.0196115   0.10833139  0.20825098  0.21277527  0.11738013  0.21597335] {'loss': [0.14917577803134918, 0.13471104204654694]}  
-2.2022485733032227 0.8273211121559143 -2.791510581970215 [ 0.13199921  0.50605725  0.83523738  0.75962906  0.354841    0.02357916
  0.03183552  0.15908711  0.26257007  0.23880143  0.11154984  0.14513747] {'loss': [0.062215555459260941, 0.058507595211267471]}  
-3.2355284690856934 0.45004767179489136 -2.791510581970215 [ 0.09169293  0.36652604  0.60494401  0.55018255  0.25700348  0.02789103
  0.03914064  0.19559192  0.32282056  0.2935979   0.1371466   0.10081941] {'loss': [0.034364983439445496, 0.027316315099596977]}  
-4.26880407333374 0.07277470827102661 -2.791510581970215 [ 0.06738039  0.27765083  0.45825721  0.41677431  0.19468526  0.03350358
  0.04928213  0.24627052  0.40646456  0.36967016  0.17268181  0.07408696] {'loss': [0.012222708202898502, 0.015559215098619461]}  
-5.327241897583008 -0.2244867980480194 -2.8748440742492676 [ 0.05409316  0.19585922  0.36284776  0.36092809  0.19201997  0.03972875
  0.03951855  0.2597204   0.48115673  0.4786111   0.25462938  0.05438085] {'loss': [0.02190234512090683, 0.014777149073779583]}  
-6.408816337585449 -0.38521453738212585 -3.1248433589935303 [ 0.04549361  0.09241933  0.26693274  0.34912465  0.25680331  0.04110456
  0.05376121  0.15472842  0.44689879  0.58450456  0.42994009  0.13776997] {'loss': [0.0334036685526371, 0.023015899583697319]}  
-7.485569477081299 -0.5643730163574219 -2.733175754547119 [ 0.04830038  0.20265803  0.31354779  0.27007987  0.04472499  0.06919746
  0.10064445  0.42228248  0.65334582  0.56277095  0.24113292  0.03603925] {'loss': [0.032739829272031784, 0.024963691830635071]}  
-8.220730781555176 -1.0803691148757935 -2.441509246826172 [ 0.10132038  0.21584025  0.23656368  0.03585793  0.07638722  0.08372137
  0.43583343  0.92844523  1.          0.61411829  0.12150705  0.03093113] {'loss': [0.080930031836032867, 0.097854755818843842]}  
-8.9719820022583 -1.5608452558517456 -2.774843215942383 [ 0.02601247  0.11867692  0.18957268  0.014623    0.0667148   0.10656912
  0.25286141  1.          1.          1.          0.73041218  0.04125182] {'loss': [0.14293232560157776, 0.10374817997217178]}  
-9.854334831237793 -1.7174546718597412 -3.0331759452819824 [ 0.0240485   0.0628754   0.15084261  0.01415422  0.05205239  0.12487744
  0.14739621  0.84158496  1.          1.          1.          0.39231632] {'loss': [0.15163032710552216, 0.15580876171588898]}  
-10.750755310058594 -1.7661842107772827 3.0416767597198486 [ 0.02215586  0.03080503  0.11719309  0.01410216  0.03823778  0.14546961
  0.21628818  0.46439663  1.          1.          1.          0.88224667] {'loss': [0.16258661448955536, 0.14513523876667023]}  
-11.595295906066895 -1.4707465171813965 2.591677665710449 [ 0.47045115  0.01884478  0.04640343  0.1452422   0.01469319  0.07961138
  0.24918258  0.33925212  0.41531997  1.          1.          1.        ] {'loss': [0.12321769446134567, 0.11987119913101196]}  
-12.230308532714844 -0.8384335041046143 2.141678810119629 [ 0.62363925  0.18118109  0.0172319   0.07958704  0.07888222  0.01581202
  0.15420169  0.40994716  0.51308167  0.36047009  0.70923806  0.88766821] {'loss': [0.08596695214509964, 0.078861989080905914]}  
-12.533201217651367 0.004083519801497459 1.7500102519989014 [ 0.44356291  0.2667222   0.05221911  0.01606374  0.18022281  0.01565704
  0.02078698  0.27331305  0.5796201   0.63340166  0.38087553  0.40590068] {'loss': [0.029143661260604858, 0.02994767390191555]}  
-12.634810447692871 0.8973116278648376 1.633344054222107 [ 0.26916768  0.18754041  0.05348451  0.01630386  0.21036143  0.05999286
  0.01989244  0.21840228  0.5725026   0.71098979  0.49537642  0.21673899] {'loss': [0.043222431093454361, 0.032685939222574234]}  
-12.691046714782715 1.7955529689788818 1.633344054222107 [ 0.17691649  0.12326514  0.03515388  0.01618718  0.20399663  0.01826236
  0.02268     0.22916062  0.60070391  0.74601295  0.51977849  0.14823536] {'loss': [0.03403637558221817, 0.018310869112610817]}  
-12.776224136352539 2.689882278442383 1.8000102043151855 [ 0.1196617   0.06798507  0.01465691  0.26809832  0.15231834  0.02386084
  0.03856742  0.36890144  0.73207613  0.76491695  0.43458262  0.1145242 ] {'loss': [0.02008628286421299, 0.031230980530381203]}  
-13.002156257629395 3.5609867572784424 1.8250101804733276 [ 0.08834424  0.0478697   0.01452959  0.23491956  0.12729225  0.0281651
  0.06285264  0.48936319  0.92341159  0.93094987  0.50443946  0.08762887] {'loss': [0.037495512515306473, 0.031097149476408958]}  
-13.253645896911621 4.528852939605713 1.8250101804733276 [ 0.06696216  0.03628374  0.20622727  0.20791076  0.11265739  0.03358627
  0.08215987  0.63968673  1.          1.          0.65939413  0.09201379] {'loss': [0.058653976768255234, 0.05994730070233345]}  
-13.479981422424316 5.399922847747803 1.8250101804733276 [ 0.05372223  0.02910962  0.18587865  0.18739603  0.02115798  0.03992438
  0.1082951   0.84317268  1.          1.          0.86914785  0.12128357] {'loss': [0.078654199838638306, 0.066762633621692657]}  
-13.651885986328125 6.281540870666504 1.6500096321105957 [ 0.04664111  0.03184797  0.15085157  0.18389366  0.01672382  0.04241155
  0.05170127  0.70471874  1.          1.          1.          0.40518181] {'loss': [0.073322169482707977, 0.083216182887554169]}  
-13.654351234436035 7.177911281585693 1.3916758298873901 [ 0.06436265  0.03433459  0.10876453  0.17886687  0.16219598  0.03812379
  0.06269585  0.2660369   1.          1.          1.          0.91241514] {'loss': [0.13111826777458191, 0.14250771701335907]}  
-13.343055725097656 8.018616676330566 1.1583411693572998 [ 0.23793723  0.03281318  0.02154063  0.17689841  0.20817331  0.02848145
  0.06798603  0.08000565  0.52064633  1.          1.          0.96008854] {'loss': [0.13520953059196472, 0.13256967067718506]}  
-12.982257843017578 8.843157768249512 1.1583411693572998 [ 0.15998715  0.02838672  0.08809614  0.21028798  0.01544123  0.03655703
  0.08726268  0.10269033  0.35007875  0.83564817  0.98338655  0.64555632] {'loss': [0.073885567486286163, 0.084042124450206757]}  
-12.6214599609375 9.667698860168457 1.1583411693572998 [ 0.11489939  0.02479906  0.10645324  0.25410701  0.01616211  0.04862574
  0.11607106  0.13659188  0.25141902  0.60014458  0.7062472   0.46362508] {'loss': [0.024674221873283386, 0.028732568025588989]}  
-12.189434051513672 10.454270362854004 1.0166735649108887 [ 0.14197346  0.02221694  0.08713828  0.28124032  0.01728103  0.04257026
  0.13739615  0.1898286   0.14743531  0.37078171  0.51227757  0.39787373] {'loss': [0.032047092914581299, 0.03747263178229332]}  
-11.601040840148926 11.126105308532715 0.7416729927062988 [ 0.19098808  0.03178402  0.01919885  0.26477475  0.08266801  0.01782429
  0.11953742  0.23825259  0.24969198  0.1603067   0.31951064  0.3348517 ] {'loss': [0.052187457680702209, 0.040895190089941025]}  
-10.86369800567627 11.801650047302246 0.7416729927062988 [ 0.12863131  0.02140667  0.05250995  0.28385871  0.04723944  0.01976715
  0.1747283   0.34825462  0.36497562  0.20816991  0.21519188  0.22552405] {'loss': [0.043769616633653641, 0.042970370501279831]}  
-10.053365707397461 12.370702743530273 0.39167195558547974 [ 0.14042114  0.06017538  0.01671479  0.30208281  0.1294531   0.02301018
  0.08648535  0.36296468  0.56162632  0.48380807  0.20732869  0.16300722] {'loss': [0.03078191913664341, 0.019161801785230637]}  
-9.104771614074707 12.685766220092773 0.31667178869247437 [ 0.10506037  0.05180005  0.01560202  0.2681526   0.13221272  0.02601037
  0.07146167  0.40881633  0.70581538  0.66546025  0.32810538  0.11143151] {'loss': [0.016570543870329857, 0.014762487262487411]}  
-8.154511451721191 12.997159957885742 0.31667178869247437 [ 0.07780011  0.03835937  0.01499995  0.22784923  0.11234111  0.03061721
  0.09521228  0.54468859  0.94039764  0.88662837  0.43715288  0.08251811] {'loss': [0.0270510483533144, 0.031800638884305954]}  
-7.201216697692871 13.296412467956543 0.2166718691587448 [ 0.06301746  0.03559732  0.19893619  0.20694195  0.11689739  0.03488839
  0.06775017  0.63048211  1.          1.          0.73054799  0.11778294] {'loss': [0.04829411581158638, 0.054903123527765274]}  
-6.218961715698242 13.482109069824219 0.13334044814109802 [ 0.05122645  0.03235284  0.17196191  0.19572127  0.1236108   0.04023822
  0.04579778  0.65575064  1.          1.          1.          0.23906695] {'loss': [0.072856113314628601, 0.054658915847539902]}  
-5.221073627471924 13.544292449951172 0.058341894298791885 [ 0.04197197  0.02939171  0.15490827  0.19328848  0.13535405  0.0468904
  0.058508    0.56798961  1.          1.          1.          0.37843711] {'loss': [0.10166823118925095, 0.074757270514965057]}  
-4.222776889801025 13.60260009765625 0.05834323540329933 [ 0.0345345   0.02418343  0.15100598  0.18841901  0.13194391  0.0606805
  0.07571464  0.61627802  1.          1.          1.          0.41060686] {'loss': [0.058737490326166153, 0.084831558167934418]}  
-3.224480152130127 13.660907745361328 0.05834474787116051 [ 0.02891203  0.02024616  0.14724936  0.18373133  0.12866108  0.08158563
  0.101799    0.67099558  1.          1.          1.          0.44705832] {'loss': [0.076666064560413361, 0.093570418655872345]}  
-2.226145029067993 13.687174797058105 -0.10832109302282333 [ 0.0243963   0.0204782   0.1197087   0.17984142  0.1509585   0.09529978
  0.14317127  0.39538543  1.          1.          1.          0.79794551] {'loss': [0.09473070502281189, 0.11199019104242325]}  
-1.300834059715271 13.328559875488281 -0.6083210110664368 [ 0.47248433  0.02127532  0.01739786  0.14352471  0.20946975  0.17129355
  0.1454456   0.21227331  0.27715992  1.          1.          1.        ] {'loss': [0.098436497151851654, 0.085715286433696747]}  
-0.5470133423805237 12.67019271850586 -0.8333208560943604 [ 0.41054198  0.06704885  0.01827578  0.13401468  0.26540365  0.27691392
  0.15703554  0.2862706   0.29868595  0.35035794  0.69385129  0.72394319] {'loss': [0.047748584300279617, 0.042726080864667892]}  
0.015033713541924953 11.843006134033203 -0.983320951461792 [ 0.28868166  0.08388493  0.01773085  0.1439935   0.38286654  0.47922755
  0.33671547  0.35319959  0.44209408  0.31062471  0.3282491   0.4108638 ] {'loss': [0.030550917610526085, 0.028598926961421967]}  
0.7530307769775391 11.189855575561523 -0.4833192825317383 [ 0.06216231  0.0161627   0.22717085  0.63468641  0.81586479  0.58952741
  0.59986459  0.77110239  0.557183    0.21676439  0.27864209  0.20134121] {'loss': [0.078840270638465881, 0.080037012696266174]}  
1.23702871799469 11.020814895629883 0.06668154895305634 [ 0.01512055  0.29592485  0.78234691  0.97617464  0.68358047  1.          1.
  0.89815764  0.25904721  0.25176323  0.17630085  0.05084876] {'loss': [0.1654193252325058, 0.18117259442806244]}  
1.23702871799469 11.020814895629883 0.5666817426681519 [ 0.27492114  0.7634915   0.97832328  0.70458491  1.          1.          0.9257541
  0.28382114  0.25231738  0.18171794  0.05571174  0.01515383] {'loss': [0.17456382513046265, 0.16696864366531372]}  
1.676146149635315 11.49618148803711 1.11668062210083 [ 0.51418229  0.63956158  0.69541195  1.          1.          1.
  0.45428102  0.32460264  0.22654452  0.06485171  0.01432992  0.19560023] {'loss': [0.17548872530460358, 0.16354493796825409]}  
1.7817175388336182 12.382545471191406 1.666677713394165 [ 0.35736704  0.89181602  1.          1.          1.          0.48318712
  0.55796681  0.37713725  0.10030293  0.01408952  0.11857112  0.29587811] {'loss': [0.2066701203584671, 0.17187945544719696]}  
1.6816014051437378 12.820691108703613 2.2166736125946045 [ 0.81531799  1.          1.          1.          0.70860846  0.83132696
  0.54382496  0.13360561  0.01418841  0.09708143  0.23054731  0.27047381] {'loss': [0.17995446920394897, 0.17761518061161041]}  
1.058100938796997 13.265460968017578 2.7166736125946045 [ 0.90170713  1.          0.73134307  1.          1.          0.86752191
  0.22885823  0.01532795  0.07367603  0.18286457  0.22018407  0.36329717] {'loss': [0.15532663464546204, 0.15996299684047699]}  
-0.016778085380792618 13.417155265808105 -3.0581772327423096 [ 0.44623641  0.52222512  1.          1.          1.          0.29141125
  0.01761573  0.06657966  0.16747103  0.20320319  0.1462097   0.36776804] {'loss': [0.21579086780548096, 0.18665851652622223]}  
-1.1054294109344482 13.2723970413208 -2.9081757068634033 [ 0.22821867  0.64063353  1.          1.          0.71769773  0.11120414
  0.01951933  0.10279521  0.20011234  0.20629525  0.11516081  0.22137891] {'loss': [0.19157034158706665, 0.16388510167598724]}  
-2.175600290298462 13.017983436584473 -2.908175468444824 [ 0.14312585  0.48588361  0.94587368  0.97509771  0.54433191  0.08434188
  0.02290406  0.11618542  0.22617909  0.23316718  0.1301617   0.13883634] {'loss': [0.11046300083398819, 0.13439865410327911]}  
-3.120507001876831 12.69074821472168 -2.791508913040161 [ 0.09518959  0.4475495   0.73866947  0.67180177  0.31381407  0.02735497
  0.02487867  0.17102272  0.28226885  0.25671648  0.11991819  0.10466428] {'loss': [0.064847595989704132, 0.086977243423461914]}  
-4.123193264007568 12.240861892700195 -2.666508913040161 [ 0.11177881  0.37764649  0.5329913   0.42246931  0.15660166  0.03354832
  0.02659166  0.26544416  0.37463485  0.29694966  0.11007385  0.07930672] {'loss': [0.065488994121551514, 0.059368941932916641]}  
-5.113147735595703 11.763129234313965 -2.724842071533203 [ 0.06334595  0.25224725  0.3821991   0.32324981  0.13434879  0.0402071
  0.03400568  0.33688977  0.5104475   0.43171752  0.17943013  0.06053172] {'loss': [0.035446759313344955, 0.034109536558389664]}  
-6.119000434875488 11.31787395477295 -2.724842071533203 [ 0.0488778   0.19463424  0.29490522  0.24941988  0.1036637   0.04979578
  0.04211546  0.47741739  0.72337158  0.61180085  0.25427615  0.04787471] {'loss': [0.043903842568397522, 0.027727263048291206]}  
-7.0334153175354 10.913108825683594 -2.724842071533203 [ 0.03963214  0.15781745  0.23912132  0.20223994  0.0840548   0.06183454
  0.05229738  0.69824724  1.          0.89478982  0.37189174  0.03952188] {'loss': [0.060767337679862976, 0.055973213165998459]}  
-8.038395881652832 10.46520709991455 -2.683175563812256 [ 0.03717531  0.13432735  0.19536386  0.15924821  0.06209617  0.08138849
  0.06634272  0.02586923  1.          1.          0.5716289   0.0328291 ] {'loss': [0.088538147509098053, 0.095138050615787506]}  
-8.75502872467041 9.92252254486084 -2.424842596054077 [ 0.06783435  0.14063361  0.15138999  0.08934707  0.09103293  0.09799559
  0.05783494  0.02132299  1.          1.          0.46137842  0.0280006 ] {'loss': [0.085370190441608429, 0.08430027961730957]}  
-9.392210006713867 9.28787899017334 -2.2748422622680664 [ 0.0721858   0.12024344  0.11018036  0.07333523  0.12215809  0.11193477
  0.05288843  0.02547991  1.          1.          1.          0.02317931] {'loss': [0.11817159503698349, 0.12790781259536743]}  
-9.917569160461426 8.558060646057129 -2.1248421669006348 [ 0.07063638  0.09758347  0.07578406  0.11121786  0.15364642  0.11932292
  0.04257102  0.02969599  1.          1.          1.          0.02188993] {'loss': [0.13227446377277374, 0.11098702996969223]}  
-10.391097068786621 7.792691230773926 -2.1248421669006348 [ 0.05635116  0.07784857  0.06045779  0.13514982  0.18670815  0.14499903
  0.0517315   0.03403945  0.47514995  1.          1.          1.        ] {'loss': [0.12119609117507935, 0.14032807946205139]}  
-10.833117485046387 7.00907039642334 -2.008175849914551 [ 0.05199116  0.06288834  0.07505541  0.18776997  0.22712611  0.15376766
  0.04105286  0.0392752   0.39653118  0.99202254  1.          0.81238201] {'loss': [0.10681738704442978, 0.11532631516456604]}  
-11.189990997314453 6.1830902099609375 -1.8581748008728027 [ 0.04784011  0.04917013  0.13008613  0.25216527  0.2591758   0.14410717
  0.04317048  0.0443707   0.39912077  0.77367519  0.79518434  0.44213901] {'loss': [0.027055950835347176, 0.039279431104660034]}  
-11.444663047790527 5.3197736740112305 -1.8415082693099976 [ 0.03984351  0.04058691  0.15199161  0.29095504  0.29638364  0.16284893
  0.0527906   0.05377556  0.02954719  0.62312828  0.634755    0.34876791] {'loss': [0.04301317036151886, 0.040890391916036606]}  
-11.540348052978516 4.426661491394043 -1.5415080785751343 [ 0.03610442  0.0897277   0.25675747  0.33420635  0.24462543  0.07759572
  0.07152477  0.05235321  0.47566946  0.619151    0.4531937   0.02773759] {'loss': [0.0092368321493268013, 0.01648472435772419]}  
-11.312253952026367 3.565805435180664 -1.0915071964263916 [ 0.06105871  0.2085257   0.29575548  0.23551798  0.08805087  0.09129153
  0.07269788  0.02717885  0.73633597  0.58636351  0.21921815  0.03074832] {'loss': [0.02396886982023716, 0.020947748795151711]}  
-10.86981201171875 2.7839736938476562 -0.9498401284217834 [ 0.0782606   0.19473603  0.23482164  0.15843193  0.09700271  0.11697029
  0.07891877  0.02089955  1.          0.75025981  0.19868638  0.02677009] {'loss': [0.049000959843397141, 0.058014426380395889]}  
-10.209728240966797 2.182966709136963 -0.6331721544265747 [ 0.11456779  0.17418135  0.14775807  0.0956744   0.14545696  0.12339125
  0.05154303  0.02255705  1.          0.91582318  0.02416949  0.02853131] {'loss': [0.070881396532058716, 0.089936412870883942]}  
-9.484167098999023 1.6504344940185547 -0.6331721544265747 [ 0.08628122  0.13117621  0.11127688  0.11868643  0.18044296  0.15306985
  0.06394039  0.02524925  0.37155244  1.          0.18315559  0.02148699] {'loss': [0.055024083703756332, 0.041591938585042953]}  
-8.686809539794922 1.2466758489608765 -0.36650556325912476 [ 0.08834102  0.09887635  0.0871089   0.19169579  0.21455701  0.13283132
  0.0282444   0.03250852  0.52603662  1.          1.          0.04014324] {'loss': [0.066556759178638458, 0.068700656294822693]}  
-7.830080509185791 0.9822307229042053 -0.17483751475811005 [ 0.07615061  0.06935617  0.14729839  0.24353897  0.2218095   0.10383948
  0.03287185  0.11572971  0.58123884  0.96100409  0.87525992  0.04605778] {'loss': [0.050117343664169312, 0.037741564214229584]}  
-7.501816749572754 0.9271337985992432 -0.1748349964618683 [ 0.06899291  0.06283691  0.15212351  0.25151575  0.22907393  0.10723988
  0.03517124  0.10871748  0.54601564  0.90276349  0.82221317  0.04172874] {'loss': [0.045933544635772705, 0.030618766322731972]}  
-7.501816749572754 0.9271337985992432 -0.17483273148536682 [ 0.06899297  0.06283683  0.15212417  0.25151596  0.22907362  0.1072393
  0.03517127  0.10871894  0.54601775  0.90276415  0.82221196  0.04172894] {'loss': [0.021132782101631165, 0.031560476869344711]}  
-6.943787574768066 0.8256670236587524 -0.17483273148536682 [ 0.06025616  0.05487959  0.15957416  0.26383367  0.24029222  0.11249122
  0.03897182  0.09960405  0.50023986  0.82707727  0.75327849  0.03644464] {'loss': [0.016536634415388107, 0.0233477633446455]}  
-5.959023475646973 0.6517239809036255 -0.17483273148536682 [ 0.04780195  0.04353664  0.17510041  0.28950418  0.26367216  0.1234364
  0.04797544  0.08534388  0.4286215   0.70866604  0.64543281  0.30215514] {'loss': [0.01699284091591835, 0.027043519541621208]}  
-4.974259376525879 0.47778093814849854 -0.17483273148536682 [ 0.03884477  0.03843028  0.19300808  0.31911189  0.29063809  0.13606033
  0.06050176  0.07394049  0.37135043  0.61397648  0.55919231  0.26178219] {'loss': [0.017710885033011436, 0.0090708965435624123]}  
-4.071558952331543 0.3212321996688843 -0.17483273148536682 [ 0.03247884  0.04234958  0.21269182  0.35165635  0.32027857  0.14993629
  0.07756872  0.07064737  0.32694835  0.54056369  0.49232995  0.2304811 ] {'loss': [0.012990857474505901, 0.0051335855387151241]}  
-3.546358108520508 0.22570039331912994 -0.17483273148536682 [ 0.02973874  0.04465783  0.22428451  0.37082314  0.33773522  0.15810852
  0.08961342  0.08161734  0.30670912  0.5071009   0.46185307  0.21621355] {'loss': [0.019312949851155281, 0.020493792369961739]}  
-3.0649378299713135 0.18986853957176208 -0.049832094460725784 [ 0.0280112   0.08182831  0.27740805  0.39213498  0.31128196  0.11570219
  0.10847471  0.10543768  0.35744669  0.50527509  0.40109397  0.149085  ] {'loss': [0.010313105769455433, 0.01099599152803421]}  
-3.0649378299713135 0.18986853957176208 -0.04983110353350639 [ 0.02801121  0.08182863  0.27740843  0.39213496  0.31128168  0.11570185
  0.1084747   0.10543809  0.35744721  0.50527505  0.40109374  0.14908452] {'loss': [0.021191172301769257, 0.016050698235630989]}  
-3.0649378299713135 0.18986853957176208 -0.04983020946383476 [ 0.02801121  0.08182893  0.27740873  0.39213493  0.31128134  0.11570154
  0.10847471  0.1054385   0.35744767  0.50527509  0.4010933   0.1490841 ] {'loss': [0.014602150768041611, 0.0086793787777423859]}  
-3.0649378299713135 0.18986853957176208 -0.04982906952500343 [ 0.02801121  0.08182929  0.27740919  0.39213492  0.31128097  0.11570114
  0.1084747   0.10543896  0.3574482   0.50527506  0.40109286  0.14908362] {'loss': [0.0068428628146648407, 0.0064882207661867142]}  
-3.0649378299713135 0.18986853957176208 -0.04982774704694748 [ 0.02801121  0.0818297   0.27740961  0.39213515  0.31128059  0.11570066
  0.10847474  0.10543945  0.35744881  0.50527531  0.40109231  0.14908304] {'loss': [0.013970509171485901, 0.0084743490442633629]}  
-3.0649378299713135 0.18986853957176208 -0.04982655495405197 [ 0.02801122  0.0818301   0.27741009  0.39213514  0.31128025  0.11570023
  0.10847475  0.10543998  0.35744937  0.50527529  0.40109187  0.14908249] {'loss': [0.01429719477891922, 0.0046380176208913326]}  
