1.0 0.0 9.48756314755883e-06 [ 0.015625    0.11111478  0.06249796  0.01777778  0.25000819  0.750008
  0.99999976  0.7499918   0.33333697  0.44444444  0.33332968  0.11110748] {'loss': [0.092236340045928955, 0.090880043804645538]}  
1.0 0.0 1.0486297469469719e-05 [ 0.015625    0.11111514  0.06249775  0.01777778  0.25000909  0.75000903
  0.99999976  0.74999095  0.3333374   0.44444444  0.3333293   0.11110708] {'loss': [0.083955295383930206, 0.077164836227893829]}  
1.0 0.0 0.2833447754383087 [ 0.03277499  0.12169739  0.01670163  0.0737437   0.51321042  0.9394668
  0.9262563   0.48678952  0.4175408   0.41166946  0.2163509   0.01467917] {'loss': [0.098074615001678467, 0.090487457811832428]}  
1.0 0.0 0.7833444476127625 [ 0.12759659  0.01649291  0.06188758  0.48961366  0.92772615  0.93811241
  0.51038625  0.41232274  0.41693885  0.22683838  0.01449572  0.02750561] {'loss': [0.081176288425922394, 0.089907936751842499]}  
1.2320752143859863 0.5849295854568481 1.3333418369293213 [ 0.01559043  0.09539374  0.65445514  1.          1.          0.61384686
  0.61999943  0.6094493   0.31895811  0.03901696  0.02405752  0.10849983] {'loss': [0.10862249135971069, 0.120856873691082]}  
1.2358605861663818 0.5849295854568481 1.8833390474319458 [ 0.11531899  0.69707779  1.          1.          0.58819176  0.65332185
  0.62427173  0.31385215  0.0144556   0.02792579  0.10202377  0.01568835] {'loss': [0.11327462643384933, 0.10955920815467834]}  
0.9384196400642395 0.9096311330795288 2.433340311050415 [ 0.54847483  0.92913086  0.86296274  0.50466945  0.85492381  0.79404021
  0.38290258  0.01511888  0.02804142  0.1098386   0.01528414  0.10165031] {'loss': [0.10911142081022263, 0.10928281396627426]}  
-0.04930420219898224 1.35328209400177 2.9833409786224365 [ 0.42753446  0.38592882  0.86881893  1.          1.          0.59226536
  0.01732687  0.02587254  0.1259662   0.01455998  0.05369309  0.26141671] {'loss': [0.13583041727542877, 0.10198961943387985]}  
-0.9260820150375366 1.2993415594100952 -2.9081766605377197 [ 0.25070448  0.64957616  1.          1.          0.75243829  0.12126879
  0.01910022  0.09972415  0.07798009  0.01428608  0.12224476  0.2410255 ] {'loss': [0.16554303467273712, 0.17113995552062988]}  
-1.9495128393173218 0.8957936763763428 -2.699843645095825 [ 0.16262792  0.61617161  0.91456615  0.75941702  0.30587319  0.02318796
  0.04597885  0.17420672  0.01565999  0.02915362  0.11045856  0.16395059] {'loss': [0.094917319715023041, 0.088670879602432251]}  
-2.939959764480591 0.4172496795654297 -2.6915104389190674 [ 0.11542476  0.41707246  0.60658556  0.49445096  0.19280333  0.02721787
  0.06401074  0.2312945   0.33639226  0.02167459  0.07831827  0.11390522] {'loss': [0.07125844806432724, 0.069966025650501251]}  
-3.9304070472717285 -0.06129413843154907 -2.6915104389190674 [ 0.08194104  0.29608319  0.43062011  0.3510149   0.13687269  0.03229204
  0.08637737  0.31211334  0.45393411  0.015899    0.05744899  0.08355315] {'loss': [0.071573667228221893, 0.061006661504507065]}  
-4.939988613128662 -0.48960769176483154 -2.858177423477173 [ 0.05896125  0.17271862  0.31238897  0.30523356  0.15840786  0.03705151
  0.04908396  0.32741446  0.59218067  0.5786166   0.03336366  0.06034343] {'loss': [0.06410091370344162, 0.053888648748397827]}  
-5.996325969696045 -0.7958695292472839 -2.8831772804260254 [ 0.04631988  0.14112818  0.26145329  0.26007008  0.02473819  0.04582987
  0.05655147  0.41097221  0.76136478  0.75733691  0.40291629  0.04656625] {'loss': [0.089663289487361908, 0.074921287596225739]}  
-6.8877153396606445 -0.9119076728820801 -3.0331764221191406 [ 0.04070701  0.09147964  0.21946618  0.25904197  0.02104128  0.05047956
  0.05958241  0.31853164  0.7641801   0.90198277  0.59413696  0.0344879 ] {'loss': [0.1118837296962738, 0.1075865849852562]}  
-7.782514572143555 -0.853426992893219 3.0000100135803223 [ 0.03392715  0.03730009  0.16615402  0.26305218  0.01369126  0.04710423
  0.07457459  0.12144001  0.54095663  0.85643276  0.75239265  0.33287638] {'loss': [0.11233559995889664, 0.08902711421251297]}  
-8.669984817504883 -0.7055742740631104 2.866678237915039 [ 0.02748383  0.02762505  0.14320891  0.26911466  0.0151423   0.04893854
  0.09196411  0.09243665  0.38076954  0.71553274  0.71920934  0.38812254] {'loss': [0.11497835069894791, 0.072940513491630554]}  
-9.508505821228027 -0.3802275061607361 2.67501163482666 [ 0.11998572  0.0256039   0.10394984  0.2755618   0.01680554  0.03948193
  0.10466326  0.13078872  0.17841785  0.47296982  0.59102991  0.41453814] {'loss': [0.069000087678432465, 0.060466956347227097]}  
-10.276481628417969 0.08769580721855164 2.5333452224731445 [ 0.13956986  0.02262403  0.08353394  0.31147514  0.01779067  0.03200883
  0.11935207  0.17595338  0.14521139  0.2878608   0.4243753   0.35022976] {'loss': [0.060448143631219864, 0.063034825026988983]}  
-10.94027328491211 0.6950063705444336 2.2833456993103027 [ 0.16877478  0.01852651  0.02799763  0.31749005  0.1116854   0.0186972
  0.10460321  0.21542951  0.23087677  0.13549789  0.26833677  0.28757766] {'loss': [0.034645456820726395, 0.03241446241736412]}  
-11.355051040649414 1.4886162281036377 1.8333444595336914 [ 0.18834958  0.09959534  0.01821987  0.11773491  0.35670958  0.02039504
  0.02145342  0.15253631  0.28089828  0.27817714  0.14709421  0.19019204] {'loss': [0.030212879180908203, 0.026262370869517326]}  
-11.5623779296875 2.3646187782287598 1.741676926612854 [ 0.13707957  0.08242836  0.01672563  0.27114956  0.35630648  0.0220264
  0.02407017  0.14094042  0.2988952   0.32662874  0.19640756  0.12544034] {'loss': [0.031966935843229294, 0.012316185049712658]}  
-11.58777141571045 3.2632882595062256 1.5666776895523071 [ 0.10361186  0.07807896  0.01403007  0.597248    0.45006881  0.15145012
  0.02879171  0.08467049  0.25645111  0.34356693  0.25890209  0.08712165] {'loss': [0.032345041632652283, 0.028267830610275269]}  
-11.584063529968262 4.163274765014648 1.5666776895523071 [ 0.07905209  0.05957139  0.0140372   0.59896357  0.45136158  0.15188498
  0.03374879  0.08448683  0.25589467  0.34282144  0.25834029  0.0869326 ] {'loss': [0.02984117716550827, 0.034850846976041794]}  
-11.580355644226074 5.063261032104492 1.5666776895523071 [ 0.06229225  0.04694166  0.44837445  0.6006861   0.45265956  0.02993633
  0.04010562  0.0843037   0.25534009  0.34207819  0.25778034  0.08674418] {'loss': [0.021218821406364441, 0.039893399924039841]}  
-11.524394035339355 5.9585676193237305 1.3416767120361328 [ 0.04797027  0.04590606  0.33756904  0.59408244  0.56851845  0.28644103
  0.04608671  0.04410354  0.17989967  0.31660236  0.30297877  0.15265213] {'loss': [0.030694091692566872, 0.055705714970827103]}  
-11.298564910888672 6.829697608947754 1.3166767358779907 [ 0.03916644  0.03884537  0.38157148  0.7040986   0.69832664  0.0300638
  0.05547554  0.05502078  0.14889432  0.27474873  0.27249646  0.14438964] {'loss': [0.067357107996940613, 0.080593757331371307]}  
-11.068587303161621 7.699423313140869 1.2583435773849487 [ 0.03209285  0.03358301  0.42372637  0.84270127  0.88183018  0.03390886
  0.06743749  0.07056877  0.11907208  0.23680895  0.24780477  0.14106362] {'loss': [0.07213255763053894, 0.099208526313304901]}  
-10.677698135375977 8.507914543151855 1.091676115989685 [ 0.04582715  0.03037824  0.40392152  1.          1.          0.02709946
  0.07372508  0.09343639  0.06652206  0.16980996  0.21521078  0.15321934] {'loss': [0.1559123694896698, 0.18429623544216156]}  
-10.262041091918945 9.30589771270752 1.0666760206222534 [ 0.04059963  0.02658232  0.67214548  1.          0.0226703   0.03334541
  0.09399873  0.12140064  0.08814917  0.13879603  0.1792569   0.13015871] {'loss': [0.084698982536792755, 0.11105445027351379]}  
-9.664722442626953 9.963953018188477 0.6166739463806152 [ 0.09336174  0.02383579  0.08564684  1.          0.76817535  0.02457748
  0.05337923  0.12974228  0.1543241   0.10254281  0.11812591  0.14050683] {'loss': [0.12832602858543396, 0.05026659369468689]}  
-8.838464736938477 10.29428768157959 0.16667473316192627 [ 0.10326544  0.06244339  0.02001675  1.          1.          0.28219655
  0.0275228   0.07445712  0.15900147  0.17454585  0.10554578  0.09406902] {'loss': [0.086830258369445801, 0.087464064359664917]}  
-7.940985679626465 10.355892181396484 0.05834249034523964 [ 0.08076011  0.05655385  1.          1.          1.          0.43984429
  0.03310017  0.05595992  0.14794497  0.18459979  0.12926957  0.06472407] {'loss': [0.16326698660850525, 0.13628284633159637]}  
-7.042047023773193 10.37936019897461 -0.03332313895225525 [ 0.06362366  0.0495722   1.          1.          1.          0.58596463
  0.03936012  0.04156896  0.13510386  0.18727788  0.14591706  0.05238217] {'loss': [0.12749166786670685, 0.12985081970691681]}  
-6.042605876922607 10.346057891845703 -0.03332258760929108 [ 0.05017077  0.48827051  1.          1.          1.          0.61527876
  0.04850609  0.04097613  0.13317663  0.18460631  0.14383541  0.05163476] {'loss': [0.13904736936092377, 0.09952671080827713]}  
-5.0431647300720215 10.312755584716797 -0.03332214057445526 [ 0.04057384  0.51332594  1.          1.          1.          0.64685107
  0.06125385  0.04772571  0.13129033  0.18199149  0.14179795  0.05090339] {'loss': [0.10793605446815491, 0.13924108445644379]}  
-4.0437235832214355 10.27945327758789 -0.03332135081291199 [ 0.03348858  0.54036244  1.          1.          1.          0.68091493
  0.07977642  0.06215744  0.12944401  0.17943192  0.13980361  0.05018726] {'loss': [0.10953858494758606, 0.097779750823974609]}  
-3.0442824363708496 10.246150970458984 -0.033320456743240356 [ 0.02810931  0.5695904   1.          1.          1.          0.71774319
  0.10817178  0.08428151  0.12763622  0.1769259   0.13785092  0.04948616] {'loss': [0.10874669998884201, 0.09098217636346817]}  
-2.0522379875183105 10.352986335754395 0.15834739804267883 [ 0.02338548  0.87831816  1.          1.          1.          0.28205572
  0.15083999  0.09323178  0.16105157  0.18001316  0.11126325  0.02355181] {'loss': [0.11799719929695129, 0.089025162160396576]}  
-1.0647491216659546 10.510685920715332 0.15834739804267883 [ 0.02018131  0.70365352  1.          1.          1.          0.22596544
  0.23230137  0.14358172  0.17254453  0.19285926  0.11920319  0.02523252] {'loss': [0.061229441314935684, 0.078177846968173981]}  
-0.07868926227092743 10.677380561828613 0.2416810393333435 [ 0.0771125   0.68007345  1.          1.          0.7620938   0.37942223
  0.39117429  0.2183879   0.19545721  0.20151116  0.11250128  0.01743743] {'loss': [0.080770008265972137, 0.058820262551307678]}  
0.26680701971054077 10.79450798034668 0.7416796088218689 [ 0.55652898  1.          1.          0.68560697  0.48441642  0.51223742
  0.29554635  0.20460957  0.21636063  0.12483389  0.021556    0.05384982] {'loss': [0.12286757677793503, 0.13405425846576691]}  
0.553360104560852 11.319099426269531 1.24167799949646 [ 0.66221413  0.71826532  0.42792146  0.59497282  0.64533222  0.38447003
  0.26286273  0.28511198  0.16986137  0.03236134  0.0159689   0.31581881] {'loss': [0.084587596356868744, 0.087854482233524323]}  
0.5364035964012146 11.450911521911621 1.7416750192642212 [ 0.67533379  0.41512914  0.57940756  0.6446856   0.39628962  0.27037226
  0.3008331   0.18492271  0.03855138  0.01612592  0.27836653  0.60695259] {'loss': [0.069302186369895935, 0.082872740924358368]}  
0.1283225566148758 12.349043846130371 2.2416749000549316 [ 0.22696596  0.42280389  0.48265229  0.30589423  0.47490855  0.54213207
  0.34359131  0.07782642  0.01709559  0.13815384  0.31371002  0.35811603] {'loss': [0.053261656314134598, 0.040113050490617752]}  
-0.2032148540019989 12.554850578308105 2.741675853729248 [ 0.33477313  0.39214559  0.25607733  0.55471984  0.64978585  0.42432066
  0.10378905  0.01795299  0.11381261  0.26958699  0.3157879   0.20621448] {'loss': [0.030030382797122002, 0.019857702776789665]}  
-1.1781398057937622 12.758893966674805 2.9916763305664062 [ 0.22760179  0.2017727   0.48339929  0.77357326  0.68578566  0.30782397
  0.02037327  0.01806124  0.17363701  0.27786751  0.2463342   0.14222635] {'loss': [0.0094516053795814514, 0.019370213150978088]}  
-2.1768798828125 12.796399116516113 3.1166772842407227 [ 0.15109957  0.18821284  0.59911108  0.82230715  0.63460436  0.22370645
  0.02418515  0.01866458  0.20221101  0.27754387  0.21419088  0.11008718] {'loss': [0.013133709318935871, 0.0087974360212683678]}  
-3.1765642166137695 12.821290016174316 3.116678237915039 [ 0.10592421  0.19253625  0.6128716   0.84119274  0.64917912  0.22884404
  0.02843534  0.02194458  0.19958469  0.27393852  0.21140842  0.07717361] {'loss': [0.010309205390512943, 0.016829857602715492]}  
-4.176008701324463 12.824671745300293 -3.0831727981567383 [ 0.07813546  0.25612129  0.67701799  0.84468221  0.59145045  0.1705538
  0.03381705  0.02367886  0.21808851  0.27209848  0.19052468  0.06262605] {'loss': [0.012505034916102886, 0.024032304063439369]}  
-5.174305438995361 12.76630687713623 -3.083171844482422 [ 0.0601476   0.2428952   0.64205576  0.80106072  0.56090497  0.16174537
  0.04101225  0.02871694  0.22489499  0.28059037  0.19647033  0.0566551 ] {'loss': [0.0123079689219594, 0.0104217529296875]}  
-6.172605991363525 12.70795726776123 -3.0831711292266846 [ 0.04772529  0.23066809  0.60973323  0.760733    0.53266772  0.153602
  0.05077422  0.03555225  0.23202521  0.28948607  0.20269906  0.05845103] {'loss': [0.019031276926398277, 0.0071277772076427937]}  
-7.270732402801514 12.643755912780762 -3.083170175552368 [ 0.03803582  0.21825749  0.57692684  0.71980141  0.50400641  0.14533715
  0.06615591  0.04632249  0.01335771  0.29976637  0.20989709  0.06052672] {'loss': [0.019771398976445198, 0.020324762910604477]}  
-8.247823715209961 12.454065322875977 -2.824836015701294 [ 0.06061405  0.34663184  0.59838515  0.56412058  0.27810292  0.08325158
  0.07848446  0.03869166  0.31825567  0.30003185  0.14791107  0.03045493] {'loss': [0.018826423212885857, 0.03107810765504837]}  
-9.133394241333008 11.992144584655762 -2.599836587905884 [ 0.11629939  0.34115753  0.44976021  0.33350427  0.10864612  0.11508416
  0.08533672  0.02780025  0.01773365  0.32562777  0.10608016  0.02729641] {'loss': [0.07112661749124527, 0.064254738390445709]}  
-9.825757026672363 11.279314041137695 -2.099837064743042 [ 0.21826896  0.29571058  0.22532481  0.1095392   0.14840359  0.11308019
  0.03889256  0.01949581  0.56495828  0.19431061  0.02437584  0.07044194] {'loss': [0.15787515044212341, 0.098740696907043457]}  
-10.32323169708252 10.41185188293457 -2.091503858566284 [ 0.1457276   0.19365628  0.14475777  0.13664715  0.18158933  0.13573775
  0.04494371  0.02209401  0.59158421  0.46749243  0.02259014  0.04890012] {'loss': [0.13422319293022156, 0.084543459117412567]}  
-10.81815242767334 9.542525291442871 -2.0415031909942627 [ 0.1075161   0.13624961  0.09699369  0.17882978  0.22662156  0.16132784
  0.04824248  0.02519689  0.35629118  0.9691413   0.02095347  0.03952682] {'loss': [0.14678475260734558, 0.13277146220207214]}  
-11.26926326751709 8.539048194885254 -1.9915037155151367 [ 0.08097963  0.09616532  0.09807411  0.23771614  0.28229383  0.18722941
  0.04758741  0.02949073  0.27024858  0.65503993  0.77787627  0.03340962] {'loss': [0.094270534813404083, 0.097336612641811371]}  
-11.718103408813477 7.534641742706299 -1.974836826324463 [ 0.06099274  0.07176957  0.12956184  0.30922113  0.36385758  0.2388344
  0.05917511  0.03529022  0.19227746  0.45890294  0.53998669  0.0255556 ] {'loss': [0.055098805576562881, 0.061338614672422409]}  
-12.063361167907715 6.489952564239502 -1.8831700086593628 [ 0.05058024  0.0534003   0.20704981  0.41710853  0.44036404  0.25356088
  0.04350227  0.04204028  0.19289189  0.38858682  0.41025216  0.0251077 ] {'loss': [0.044692203402519226, 0.038025502115488052]}  
-12.336307525634766 5.425097942352295 -1.7831692695617676 [ 0.04212111  0.05258807  0.30807004  0.53587913  0.50820618  0.25272425
  0.05322909  0.05048032  0.00935109  0.34484379  0.32703597  0.02421489] {'loss': [0.028386324644088745, 0.03960954025387764]}  
-12.568187713623047 4.349819660186768 -1.7831692695617676 [ 0.03400985  0.0630634   0.36943611  0.64262416  0.60943878  0.30306563
  0.06982533  0.06621951  0.03293011  0.30139778  0.28583352  0.14214124] {'loss': [0.023789631202816963, 0.019989470019936562]}  
-12.76803207397461 3.2688493728637695 -1.6831696033477783 [ 0.02894473  0.12787035  0.51793732  0.79019584  0.6723883   0.28232193
  0.09893084  0.0841816   0.03534608  0.01589334  0.23718251  0.09958799] {'loss': [0.03049873560667038, 0.031571045517921448]}  
-12.822657585144043 2.1741700172424316 -1.4248380661010742 [ 0.02404328  0.31955276  0.72730292  0.83145052  0.52784676  0.12581753
  0.14383416  0.09131319  0.01370471  0.12490541  0.17009013  0.02103162] {'loss': [0.040022578090429306, 0.02267984114587307]}  
-12.374673843383789 1.1884331703186035 -0.8748329877853394 [ 0.23763159  0.51683781  0.57414158  0.35223936  0.19617012  0.21792033
  0.1336954   0.01478581  0.03392351  0.20711982  0.01847514  0.02052355] {'loss': [0.042874585837125778, 0.038539636880159378]}  
-11.569679260253906 0.6192339658737183 -0.38316628336906433 [ 0.29776153  0.33936038  0.21466975  0.25999566  0.29631851  0.18744273
  0.0161411   0.01839609  0.27230343  0.08266676  0.01901221  0.1314722 ] {'loss': [0.045236866921186447, 0.043962728232145309]}  
-10.549444198608398 0.2079887092113495 -0.38316628336906433 [ 0.17615734  0.20076737  0.14592428  0.33049277  0.37666438  0.2382673
  0.01865742  0.02126396  0.19753326  0.22385363  0.01796845  0.07777965] {'loss': [0.029698444530367851, 0.061189766973257065]}  
-9.691405296325684 -0.06005358695983887 -0.2831660509109497 [ 0.1324509   0.13551959  0.21941819  0.42263442  0.43242635  0.23900188
  0.02278003  0.02444435  0.20634085  0.39744565  0.01666717  0.0687642 ] {'loss': [0.036753956228494644, 0.033898238092660904]}  
-8.827261924743652 -0.3115108013153076 -0.2831660509109497 [ 0.09779598  0.1000618   0.26215053  0.5049439   0.51664283  0.2855482
  0.02622078  0.02682829  0.17607126  0.33914153  0.01612372  0.05077252] {'loss': [0.030302921310067177, 0.03754708543419838]}  
-7.9631171226501465 -0.5629678964614868 -0.2831660509109497 [ 0.07515542  0.0768967   0.3186995   0.61386653  0.62808917  0.34714476
  0.03050431  0.03121105  0.15200484  0.2927857   0.29956925  0.03901824] {'loss': [0.018431343138217926, 0.01957285962998867]}  
-7.098948001861572 -0.814424991607666 -0.2831660509109497 [ 0.05955487  0.06093468  0.39573392  0.76224689  0.77990729  0.43105444
  0.03593029  0.03676275  0.13255547  0.25532313  0.26123864  0.03091894] {'loss': [0.021936820819973946, 0.011904974468052387]}  
-6.234778881072998 -1.065882921218872 -0.2831660509109497 [ 0.04835184  0.05976485  0.50448939  0.97172799  0.99424148  0.54951699
  0.04294407  0.04393903  0.11661347  0.22461629  0.22982033  0.0251027 ] {'loss': [0.036502446979284286, 0.029940823093056679]}  
-5.370601654052734 -1.3173432350158691 -0.2831660509109497 [ 0.04003639  0.07879341  0.66511415  1.          1.          0.72447822
  0.05223158  0.05344173  0.10338342  0.19913305  0.20374676  0.02078559] {'loss': [0.057191628962755203, 0.045624464750289917]}  
-4.50643253326416 -1.5688035488128662 -0.2831660509109497 [ 0.03369523  0.10859928  0.91671246  1.          1.          0.99853218
  0.06489312  0.06639659  0.09228343  0.17775278  0.18187112  0.1005201 ] {'loss': [0.11603982001543045, 0.12586906552314758]}  
-3.6422688961029053 -1.8202638626098633 -0.2831660509109497 [ 0.02874944  0.15917225  1.          1.          1.          0.04297944
  0.0827853   0.08470333  0.08287968  0.15963964  0.1633383   0.090277  ] {'loss': [0.041385103017091751, 0.077049911022186279]}  
-2.7781126499176025 -2.0717222690582275 -0.2831660509109497 [ 0.02481775  0.25546571  1.          1.          0.02252627  0.05671511
  0.10924245  0.11177346  0.07484341  0.14416048  0.1475005   0.08152346] {'loss': [0.053519934415817261, 0.056575950235128403]}  
-1.9139564037322998 -2.323176145553589 -0.2831660509109497 [ 0.02164072  0.47529786  1.          0.2810551   0.02342778  0.07826493
  0.15075085  0.15424357  0.08525036  0.13082845  0.13385957  0.07398412] {'loss': [0.076897449791431427, 0.055924158543348312]}  
-1.0258458852767944 -2.4326982498168945 -0.016498345881700516 [ 0.02057618  0.81145665  0.28079131  0.02531633  0.0572561   0.17857212
  0.24269811  0.18550805  0.0997217   0.13553218  0.10359503  0.01513952] {'loss': [0.094460964202880859, 0.099171556532382965]}  
-0.12990035116672516 -2.496030330657959 -0.2248307764530182 [ 0.01733075  0.45138383  0.22591638  0.02435978  0.03654994  0.21807561
  0.381507    0.36341268  0.18188704  0.126826    0.12081081  0.06046546] {'loss': [0.076856449246406555, 0.095252268016338348]}  
0.6968225836753845 -2.8489837646484375 -0.45816364884376526 [ 0.01310834  0.29620654  0.20566329  0.02171254  0.02687785  0.22680989
  0.59109684  0.73171587  0.50804783  0.1437609   0.11730827  0.08144995] {'loss': [0.077105559408664703, 0.075318634510040283]}  
1.4211598634719849 -3.3766682147979736 -0.8414956331253052 [ 0.05451319  0.01349376  0.19739371  0.11321887  0.02668804  0.07039175
  0.70571282  1.          1.          0.85453402  0.14480234  0.09504212] {'loss': [0.18792463839054108, 0.20539999008178711]}  
1.8495174646377563 -4.163094520568848 -1.274828314781189 [ 0.07228792  0.03680704  0.01338709  0.15624073  0.01803355  0.03204234
  0.25279136  1.          1.          1.          1.          0.15133459] {'loss': [0.21946911513805389, 0.19215573370456696]}  
2.0264248847961426 -5.041808128356934 -1.566493034362793 [ 0.06261818  0.0462808   0.01049866  0.15831462  0.11700957  0.03038472
  0.03992818  1.          1.          1.          1.          1.        ] {'loss': [0.27021574974060059, 0.26716789603233337]}  
1.8274388313293457 -5.910082817077637 -2.016491174697876 [ 0.5348303   0.05052099  0.03420266  0.14002366  0.16936881  0.01572332
  0.03933452  0.04757799  0.97793419  1.          1.          1.        ] {'loss': [0.33210667967796326, 0.301129549741745]}  
1.269858956336975 -6.602212905883789 -2.4664924144744873 [ 0.82808939  0.17434664  0.04256042  0.02625489  0.18931786  0.21126655
  0.02244889  0.04917255  0.05487338  0.54916901  1.          1.        ] {'loss': [0.19045174121856689, 0.1674477607011795]}  
0.4646923243999481 -6.980398178100586 -2.9164927005767822 [ 0.60437746  0.33737575  0.05227085  0.03809367  0.15425879  0.30028931
  0.3095618   0.02925268  0.05694502  0.05870339  0.30116932  0.58627395] {'loss': [0.073881208896636963, 0.09304683655500412]}  
-0.41325318813323975 -7.177729606628418 -2.8164918422698975 [ 0.31585164  0.15570733  0.03710303  0.03497804  0.32372531  0.55883365
  0.52682792  0.03612468  0.06236055  0.05878901  0.19408464  0.33504032] {'loss': [0.073218569159507751, 0.069009169936180115]}  
-1.1720725297927856 -7.6537394523620605 -2.36649227142334 [ 0.12055996  0.03275687  0.03341764  0.56148367  1.          1.          0.0353413
  0.06779373  0.06916127  0.11190003  0.21465322  0.21898318] {'loss': [0.11766938120126724, 0.092699140310287476]}  
-1.651044487953186 -8.410703659057617 -1.9164901971817017 [ 0.027253    0.03009366  0.88249485  1.          1.          0.03708314
  0.07990874  0.08823786  0.07586976  0.16348821  0.18052906  0.1099515 ] {'loss': [0.11851558089256287, 0.1236717626452446]}  
-1.7785344123840332 -9.298135757446289 -1.6164891719818115 [ 0.02660782  0.56569403  1.          0.13548728  0.02557507  0.0857762
  0.12065451  0.09533169  0.12435501  0.17492036  0.13820828  0.05093095] {'loss': [0.077097930014133453, 0.088238425552845001]}  
-1.8725486993789673 -10.290706634521484 -1.833154320716858 [ 0.02136949  0.21985812  1.          0.16364963  0.02153704  0.08973424
  0.16556043  0.16418655  0.08698649  0.15839265  0.15707824  0.08322058] {'loss': [0.068408370018005371, 0.067605681717395782]}  
-2.2828545570373535 -11.048808097839355 -2.34148907661438 [ 0.06716911  0.01920943  0.64954829  0.44658557  0.04970787  0.02266762
  0.13614009  0.24284936  0.23481669  0.12007449  0.13584887  0.13135538] {'loss': [0.038348037749528885, 0.048458579927682877]}  
-2.2828545570373535 -11.048808097839355 -2.833156108856201 [ 0.12941817  0.0637998   0.01941193  0.75467177  0.42418442  0.04018638
  0.02486086  0.14216317  0.24540954  0.23135364  0.11405145  0.13728098] {'loss': [0.038516197353601456, 0.027176445350050926]}  
-2.2828545570373535 -11.048808097839355 2.9000306129455566 [ 0.13566931  0.13157668  0.06756992  0.01918404  0.63754314  0.44925066
  0.05090179  0.02270581  0.1354236   0.24252844  0.2352122   0.12079109] {'loss': [0.060464907437562943, 0.078131221234798431]}  
-2.2828545570373535 -11.048808097839355 2.4000301361083984 [ 0.11476506  0.13711853  0.12965497  0.06419903  0.01938896  0.74182106
  0.42683836  0.04126627  0.02443751  0.14144949  0.24511904  0.23177686] {'loss': [0.076498568058013916, 0.086015753448009491]}  
-2.2828545570373535 -11.048808097839355 1.900027871131897 [ 0.22811106  0.10876922  0.13842191  0.12760436  0.060845    0.01957326
  0.84839948  0.40453859  0.03260047  0.02810338  0.14744529  0.24744913] {'loss': [0.074598625302314758, 0.095332235097885132]}  
-2.2828545570373535 -11.048808097839355 1.4000272750854492 [ 0.24951347  0.22422227  0.10281602  0.13957667  0.12542886  0.0575148
  0.01973655  0.8339355   0.38239698  0.02492279  0.03199233  0.15339855] {'loss': [0.092579692602157593, 0.080812372267246246]}  
-2.2828545570373535 -11.048808097839355 0.9000245332717896 [ 0.15929482  0.25130727  0.22011975  0.09691983  0.14058013  0.12313405
  0.05421646  0.01987844  0.81867723  0.36046781  0.02425951  0.03609471] {'loss': [0.062121909111738205, 0.063548006117343903]}  
-2.2828545570373535 -11.048808097839355 0.4000234603881836 [ 0.04040235  0.16512207  0.25282686  0.21581205  0.09236856  0.14143016
  0.12072433  0.05095672  0.01999864  0.80265651  0.3387944   0.0244062 ] {'loss': [0.049712169915437698, 0.066232994198799133]}  
-2.2828545570373535 -11.048808097839355 -0.09997569024562836 [ 0.02452609  0.04490585  0.17086724  0.25406865  0.21130876  0.09558244
  0.14212488  0.1182051   0.04774286  0.02009688  0.78590716  0.31742625] {'loss': [0.071216769516468048, 0.068288147449493408]}  
-2.2828545570373535 -11.048808097839355 -0.5999740958213806 [ 0.29641138  0.0246189   0.04959465  0.17651756  0.25503016  0.20661983
  0.0987432   0.14266269  0.1155822   0.04458212  0.02017293  0.76846851] {'loss': [0.081363841891288757, 0.058639168739318848]}  
-2.2828545570373535 -11.048808097839355 -1.0999739170074463 [ 0.75037986  0.27579942  0.0246844   0.05445806  0.18205949  0.25570879
  0.20175643  0.10184335  0.14304234  0.11286163  0.04148195  0.0202266 ] {'loss': [0.063750430941581726, 0.077086374163627625]}  
-2.2828545570373535 -11.048808097839355 -1.5999714136123657 [ 0.0202578   0.73167972  0.25563224  0.02472248  0.05948602  0.18748207
  0.25610325  0.1967285   0.1048766   0.143263    0.11004904  0.03844863] {'loss': [0.057652641087770462, 0.090740509331226349]}  
