1.0 0.0 1.1385158359189518e-05 [ 0.015625    0.11111549  0.3333377   0.44444444  0.33332897  0.7500098
  0.99999976  0.74999013  0.33333771  0.44444444  0.33332896  0.11110673] {'loss': [0.060458887368440628, 0.063332982361316681]}  
1.0 0.0 1.2383892681100406e-05 [ 0.015625    0.11111589  0.3333381   0.44444444  0.33332855  0.75001069
  0.99999976  0.74998928  0.3333381   0.44444444  0.33332858  0.11110636] {'loss': [0.0580303855240345, 0.067234896123409271]}  
1.0 0.0 0.16668006777763367 [ 0.01523649  0.17657061  0.3877418   0.4333935   0.39728388  0.87241905
  0.97513541  0.60271612  0.38774179  0.43339348  0.26787383  0.05670265] {'loss': [0.062213484197854996, 0.055015116930007935]}  
1.0 0.0 0.6666795611381531 [ 0.1663604   0.38056164  0.43642345  0.37431084  0.85626372  0.98195274
  0.6256891   0.38056163  0.43642344  0.27808404  0.0638828   0.01534301] {'loss': [0.059683427214622498, 0.065364085137844086]}  
1.0 0.0 1.1666779518127441 [ 0.37302843  0.43897657  0.3516168   0.83931395  0.98769712  0.64838322
  0.37302839  0.43897657  0.28817036  0.07141601  0.01543277  0.15627414] {'loss': [0.063597671687602997, 0.060379412025213242]}  
1.0 0.0 1.6666749715805054 [ 0.44104684  0.32925193  0.82160729  0.99235539  0.67074807  0.36515879
  0.44104684  0.29811025  0.07928565  0.01550555  0.14633419  0.3651588 ] {'loss': [0.072932146489620209, 0.074915044009685516]}  
1.0 0.0 2.166675090789795 [ 0.30787981  0.80318669  0.99591663  0.69272962  0.35697195  0.44262951
  0.3078798   0.08747251  0.0155612   0.13656462  0.35697194  0.44262951] {'loss': [0.085315912961959839, 0.079790286719799042]}  
0.32513856887817383 0.5662840008735657 2.6666758060455322 [ 0.44821157  0.57070173  0.40830596  0.51971512  0.66174626  0.47344337
  0.1431095   0.01693827  0.09102336  0.24979346  0.31805866  0.22755362] {'loss': [0.033663645386695862, 0.041727274656295776]}  
-0.6397098302841187 0.7915576696395874 3.0500099658966064 [ 0.30495557  0.25361447  0.5447323   0.80992262  0.67356724  0.27202155
  0.01914611  0.04889723  0.18602219  0.27658276  0.23001841  0.20510499] {'loss': [0.036136016249656677, 0.037719380110502243]}  
-1.636310338973999 0.8691514134407043 3.116677761077881 [ 0.18867342  0.20127668  0.64069462  0.87938184  0.67865138  0.23923348
  0.02227278  0.06115819  0.19467588  0.26720132  0.20620911  0.13746252] {'loss': [0.062831535935401917, 0.052425459027290344]}  
-2.6359972953796387 0.8940637707710266 3.116678476333618 [ 0.12735017  0.20606471  0.65593414  0.90029794  0.69479251  0.24492294
  0.02600964  0.06037813  0.1921924   0.26379239  0.203578    0.09278411] {'loss': [0.058327570557594299, 0.04603717103600502]}  
-3.635164260864258 0.8807958960533142 -3.083172559738159 [ 0.09146201  0.26988672  0.71340407  0.89007936  0.62323726  0.17971993
  0.03068394  0.08013738  0.21183072  0.26429086  0.18505763  0.07330735] {'loss': [0.072669036686420441, 0.058915372937917709]}  
-4.6286301612854 0.7719724774360657 -2.9998373985290527 [ 0.06794788  0.30904566  0.69831877  0.79473246  0.50187275  0.03182035
  0.03621363  0.10674393  0.24119829  0.27449941  0.1733462   0.05970473] {'loss': [0.045833244919776917, 0.053629819303750992]}  
-5.588308334350586 0.5099034309387207 -2.658170223236084 [ 0.13753016  0.46464108  0.65576756  0.51978298  0.03172083  0.04476893
  0.06704451  0.22650763  0.31967966  0.2533887   0.09392551  0.05447771] {'loss': [0.046221598982810974, 0.055489812046289444]}  
-6.341030120849609 -0.14317767322063446 -2.3165042400360107 [ 0.22368821  0.39439268  0.377958    0.02863999  0.05049618  0.04839196
  0.25781504  0.45456266  0.43562073  0.21993114  0.04383013  0.04200369] {'loss': [0.063021324574947357, 0.047875333577394485]}  
-7.093862533569336 -0.792858362197876 -2.5248382091522217 [ 0.09445337  0.23318106  0.2798985   0.02126138  0.0524889   0.06300497
  0.26763029  0.66071042  0.79308246  0.53237463  0.13929452  0.03913038] {'loss': [0.047405466437339783, 0.045921046286821365]}  
-7.986578941345215 -1.228448748588562 -2.7831718921661377 [ 0.02922654  0.13445281  0.21948499  0.013348    0.04804018  0.07842227
  0.15378139  0.74482924  1.          1.          0.50484004  0.03378676] {'loss': [0.093293994665145874, 0.09747236967086792]}  
-8.945465087890625 -1.4900140762329102 -3.074838399887085 [ 0.02803005  0.06310837  0.16134292  0.01463331  0.03427823  0.08763577
  0.10732246  0.5547215   1.          1.          1.          0.3284168 ] {'loss': [0.098382323980331421, 0.085854507982730865]}  
-9.944668769836426 -1.4576137065887451 3.1000142097473145 [ 0.02395327  0.04321971  0.14343106  0.01473892  0.03319624  0.11016667
  0.15420779  0.36230683  1.          1.          1.          0.48358181] {'loss': [0.12322967499494553, 0.12627024948596954]}  
-10.924043655395508 -1.2712230682373047 2.791682004928589 [ 0.1531999   0.02004558  0.09147553  0.1252924   0.01458264  0.09971759
  0.21050145  0.22933714  0.57420229  1.          1.          0.79112517] {'loss': [0.1073787733912468, 0.12029159814119339]}  
-11.776144981384277 -0.7530750036239624 2.3916828632354736 [ 0.3726877   0.03820259  0.02524857  0.15165126  0.0152986   0.03431932
  0.2061336   0.36135671  0.34476588  0.4441901   0.77867527  0.74292443] {'loss': [0.074791193008422852, 0.055790875107049942]}  
-12.373929977416992 0.04781385511159897 2.050017833709717 [ 0.34611024  0.12497342  0.01693564  0.097763    0.09995003  0.01776285
  0.12580444  0.41168152  0.5724983   0.44743767  0.3184514   0.442849  ] {'loss': [0.036415908485651016, 0.032454144209623337]}  
-12.626811981201172 1.011112928390503 1.683349847793579 [ 0.25118507  0.16288985  0.03915074  0.01615002  0.19475035  0.01717873
  0.02000102  0.25551545  0.59917383  0.69761231  0.45239101  0.21574107] {'loss': [0.023916667327284813, 0.029546415433287621]}  
-12.554287910461426 2.00555157661438 1.4416834115982056 [ 0.16015593  0.13879995  0.0600718   0.01625025  0.26921102  0.11651301
  0.02311938  0.09912691  0.42354243  0.6599558   0.57195379  0.24753836] {'loss': [0.036335751414299011, 0.035590805113315582]}  
-12.511548042297363 3.002582550048828 1.5916837453842163 [ 0.11283865  0.08259985  0.02620514  0.32437359  0.2374472   0.02116208
  0.02754758  0.17321372  0.49572848  0.64531092  0.4723788   0.14986408] {'loss': [0.030483568087220192, 0.0206719059497118]}  
-12.532435417175293 4.00236701965332 1.5916837453842163 [ 0.08271871  0.06055153  0.01921022  0.32054813  0.2346468   0.02516562
  0.03275916  0.17615772  0.50415393  0.65627887  0.48040747  0.15241124] {'loss': [0.034661408513784409, 0.022844703868031502]}  
-12.55332088470459 5.0021514892578125 1.5916837453842163 [ 0.06322664  0.04628299  0.01468348  0.31679027  0.23189587  0.03042287
  0.03960274  0.17917715  0.51279541  0.6675278   0.48864189  0.15502367] {'loss': [0.021569704636931419, 0.034274589270353317]}  
-12.574206352233887 6.001935958862305 1.5916837453842163 [ 0.04989252  0.0365222   0.24052221  0.31309812  0.22919326  0.0375176
  0.04883826  0.1822749   0.5216605   0.67906844  0.49708986  0.15770377] {'loss': [0.017658630385994911, 0.010855714790523052]}  
-12.516037940979004 6.998659610748291 1.4666838645935059 [ 0.03997525  0.03370796  0.21154172  0.31943436  0.26935381  0.04042512
  0.06104313  0.10784321  0.42587334  0.64308163  0.54225986  0.22422957] {'loss': [0.011848657391965389, 0.023052098229527473]}  
-12.284502983093262 7.96232795715332 1.10834801197052 [ 0.10552648  0.03339709  0.11479654  0.29676335  0.36570522  0.02491124
  0.06439876  0.07935939  0.17131307  0.44286563  0.54574823  0.37707904] {'loss': [0.018645955249667168, 0.022237606346607208]}  
-11.732487678527832 8.794193267822266 0.9666807651519775 [ 0.12229886  0.02877006  0.02363484  0.35789092  0.52496098  0.01884008
  0.06942691  0.10183672  0.08365971  0.25673093  0.37657787  0.30936186] {'loss': [0.047539249062538147, 0.048518374562263489]}  
-11.164460182189941 9.617195129394531 0.9666807651519775 [ 0.08860425  0.02512773  0.1542252   0.5683297   0.0779801   0.02499123
  0.09209429  0.13508567  0.11097399  0.18599886  0.2728267   0.22412939] {'loss': [0.073668278753757477, 0.05831548199057579]}  
-10.56332015991211 10.413516998291016 0.8500129580497742 [ 0.08939512  0.02149878  0.16363808  0.89834099  0.08108944  0.01944474
  0.10559168  0.17989478  0.16784065  0.1158446   0.19736252  0.18413793] {'loss': [0.056834504008293152, 0.059430424124002457]}  
-9.903339385986328 11.16482162475586 0.8500129580497742 [ 0.06765476  0.01927292  0.48030437  0.38501069  0.03392587  0.02742082
  0.1505348   0.25646361  0.23927897  0.11616492  0.14936516  0.13935666] {'loss': [0.047256577759981155, 0.033230636268854141]}  
-9.231338500976562 11.903045654296875 0.7250127792358398 [ 0.0669215   0.01636609  0.46460846  0.26806595  0.04628893  0.02547423
  0.18291691  0.36934729  0.39055949  0.22534176  0.10968792  0.11598751] {'loss': [0.028004935011267662, 0.050010610371828079]}  
-8.392647743225098 12.442564010620117 0.5416792631149292 [ 0.06785337  0.02167335  0.34249331  0.25153449  0.08034379  0.03065447
  0.15935438  0.45890192  0.59929049  0.440132    0.14058457  0.09239017] {'loss': [0.025558294728398323, 0.027511442080140114]}  
-7.445371150970459 12.731822967529297 0.15834589302539825 [ 0.06894319  0.04261277  0.25164021  0.28126785  0.17384749  0.03679955
  0.03552584  0.30675534  0.67362264  0.75293379  0.4653772   0.09850964] {'loss': [0.015953162685036659, 0.031766612082719803]}  
-6.457889080047607 12.889522552490234 0.15834589302539825 [ 0.05387015  0.03329633  0.23160883  0.25887803  0.1600086   0.03874171
  0.04330307  0.35412758  0.77765035  0.86920949  0.53724546  0.11372264] {'loss': [0.039519123733043671, 0.024982845410704613]}  
-5.470407009124756 13.047222137451172 0.15834589302539825 [ 0.04324955  0.02673191  0.21387728  0.23905881  0.14775871  0.04826224
  0.05394455  0.41338482  0.90777674  1.          0.6271439   0.13275219] {'loss': [0.069968678057193756, 0.059861820191144943]}  
-4.482924938201904 13.20492172241211 0.15834589302539825 [ 0.03548605  0.0219334   0.19810679  0.22143151  0.13686357  0.0617774
  0.06905095  0.48886247  1.          1.          0.74165093  0.15699063] {'loss': [0.051733065396547318, 0.054558251053094864]}  
-3.494891405105591 13.357644081115723 0.10001268982887268 [ 0.03003842  0.01978805  0.17676978  0.20866234  0.13745806  0.0785868
  0.09276535  0.5143345   1.          1.          0.95963748  0.23988725] {'loss': [0.08485875278711319, 0.10409270972013474]}  
-2.495649814605713 13.39307975769043 0.016680220142006874 [ 0.02570301  0.01872438  0.15993097  0.20721199  0.15095174  0.10092917
  0.13076721  0.4208575   1.          1.          1.          0.35384276] {'loss': [0.10522810369729996, 0.11139868944883347]}  
-1.498646855354309 13.317502975463867 -0.08331827819347382 [ 0.02189912  0.01804634  0.14450345  0.21268647  0.17526787  0.13140931
  0.1934139   0.25793761  0.95812416  1.          1.          0.46191996] {'loss': [0.096978165209293365, 0.11106850951910019]}  
-0.5021167993545532 13.234304428100586 -0.08331737667322159 [ 0.01898563  0.0156454   0.15023248  0.22111828  0.18221603  0.21593329
  0.31781964  0.26190431  0.86975722  1.          1.          0.41931512] {'loss': [0.091300517320632935, 0.081529796123504639]}  
0.4662807881832123 13.0110502243042 -0.44998347759246826 [ 0.18884079  0.01667474  0.07968845  0.20101569  0.24430226  0.19717071
  0.49736584  0.60446872  0.41137585  0.84478122  1.          0.6987254 ] {'loss': [0.066805042326450348, 0.075175844132900238]}  
1.276297926902771 12.28066349029541 -0.9999831318855286 [ 0.39089117  0.11358357  0.01508606  0.10852628  0.28855946  0.36118328
  0.39492561  1.          1.          0.92347911  0.44447234  0.55633552] {'loss': [0.070546261966228485, 0.061237256973981857]}  
1.5844485759735107 11.337708473205566 -1.4999804496765137 [ 0.30460739  0.20801156  0.05666598  0.01445657  0.22551149  0.57196859
  0.69730044  0.63929786  1.          1.          1.          0.36773605] {'loss': [0.12199556082487106, 0.12853902578353882]}  
1.587776780128479 11.15445327758789 -2.0499775409698486 [ 0.41274366  0.26973342  0.19015433  0.05566347  0.01449688  0.25593276
  0.68441656  0.85936328  0.60582665  1.          1.          1.        ] {'loss': [0.1739882230758667, 0.16608181595802307]}  
1.2791436910629272 10.891870498657227 -2.549978256225586 [ 0.95038979  0.26094965  0.23886552  0.16367402  0.04494016  0.01495519
  0.34597834  0.88233737  1.          0.73936802  1.          1.        ] {'loss': [0.14209835231304169, 0.14621551334857941]}  
0.3576011061668396 10.525920867919922 -2.9666452407836914 [ 0.56785993  0.33961592  0.1782557   0.19394232  0.1159896   0.02235026
  0.05641876  0.71641772  1.          1.          0.98204619  0.52192968] {'loss': [0.054546210914850235, 0.072987481951713562]}  
-0.7377347350120544 10.428192138671875 -3.0583112239837646 [ 0.28945506  0.19667044  0.15689306  0.19039655  0.12936509  0.03483019
  0.01943778  0.63413136  1.          1.          1.          0.35419442] {'loss': [0.063804663717746735, 0.045267950743436813]}  
-1.8339247703552246 10.336673736572266 -3.0583112239837646 [ 0.17235901  0.11710948  0.15079     0.18299023  0.12433289  0.03347532
  0.02280043  0.72364998  1.          1.          1.          0.40419528] {'loss': [0.06017366424202919, 0.056769207119941711]}  
-2.9308714866638184 10.346467018127441 3.0582082271575928 [ 0.11420319  0.09411798  0.12439347  0.18310242  0.15089962  0.05998804
  0.0271205   0.40313502  1.          1.          1.          0.7222837 ] {'loss': [0.052769605070352554, 0.03745003417134285]}  
-4.011691093444824 10.532461166381836 2.866542100906372 [ 0.1278963   0.07714141  0.09696021  0.18450535  0.18714467  0.10223888
  0.03050617  0.03094256  0.84395166  1.          1.          0.88989766] {'loss': [0.083835102617740631, 0.064125247299671173]}  
-5.070352554321289 10.831186294555664 2.866542100906372 [ 0.08931122  0.05816003  0.11130551  0.21180301  0.2148328   0.11736522
  0.03733465  0.03786872  0.58933956  1.          1.          0.62142443] {'loss': [0.035658583045005798, 0.027858354151248932]}  
-6.129014015197754 11.129911422729492 2.866542100906372 [ 0.06587772  0.04541088  0.12908688  0.2456392   0.24915299  0.13611463
  0.04674144  0.04741008  0.43470858  0.82720583  0.83903878  0.45837488] {'loss': [0.019644234329462051, 0.017813593149185181]}  
-7.138513565063477 11.557565689086914 2.641542434692383 [ 0.1432543   0.03911833  0.09010116  0.25636168  0.33270558  0.24278903
  0.07652836  0.06420723  0.04685465  0.47988631  0.62279537  0.45447963] {'loss': [0.04477260634303093, 0.034589994698762894]}  
-8.114909172058105 12.059940338134766 2.7748758792877197 [ 0.0555702   0.0317651   0.1809668   0.39838697  0.44599966  0.27619249
  0.07287217  0.08158137  0.05052059  0.01540586  0.42170119  0.26114519] {'loss': [0.057165596634149551, 0.055679533630609512]}  
-9.173635482788086 12.321394920349121 3.1332101821899414 [ 0.02713185  0.1313421   0.40984752  0.55716716  0.42598067  0.14747519
  0.11646315  0.08904161  0.03082636  0.01703592  0.27721174  0.09597113] {'loss': [0.089095525443553925, 0.12101013213396072]}  
-10.247618675231934 12.099249839782715 -2.8749747276306152 [ 0.03330098  0.24217395  0.44873579  0.44642424  0.23755115  0.16344745
  0.16260558  0.08652564  0.01638287  0.1879496   0.20446914  0.02667371] {'loss': [0.064696244895458221, 0.059195529669523239]}  
-11.115830421447754 11.862151145935059 -2.8749747276306152 [ 0.028439    0.20681625  0.38321985  0.38124551  0.20286849  0.24394991
  0.24269318  0.12914186  0.01690929  0.06395361  0.23958049  0.03125409] {'loss': [0.079369388520717621, 0.072948478162288666]}  
-11.931937217712402 11.492767333984375 -2.5083084106445312 [ 0.11321036  0.27519572  0.32735644  0.21753178  0.34744566  0.41330055
  0.27464266  0.07012971  0.01877228  0.16224391  0.105588    0.01782083] {'loss': [0.069569423794746399, 0.061800200492143631]}  
-12.512540817260742 10.810220718383789 -2.0583083629608154 [ 0.18006189  0.23256779  0.17517302  0.49386511  0.63787532  0.46319393
  0.14450219  0.02082333  0.08976649  0.25307859  0.01664336  0.06386767] {'loss': [0.049277167767286301, 0.046037718653678894]}  
-12.850748062133789 9.976953506469727 -1.7999744415283203 [ 0.15270502  0.14878032  0.45075225  0.81216144  0.79128874  0.40900531
  0.04759524  0.02169804  0.1419946   0.21050062  0.01466702  0.08475168] {'loss': [0.067447163164615631, 0.039695631712675095]}  
-12.923872947692871 9.080885887145996 -1.6166421175003052 [ 0.11587614  0.19589458  0.65727042  0.92469828  0.73075071  0.26937412
  0.02712474  0.02143554  0.18441628  0.25945093  0.02454801  0.08236412] {'loss': [0.079438246786594391, 0.095552258193492889]}  
-12.965123176574707 8.1818265914917 -1.6166421175003052 [ 0.08713591  0.20391104  0.6841678   0.96253985  0.7606543   0.28039748
  0.031641    0.02500455  0.18059773  0.25407881  0.01845947  0.06193572] {'loss': [0.08831062912940979, 0.097017832100391388]}  
-13.010956764221191 7.1828718185424805 -1.6166421175003052 [ 0.06616374  0.21340953  0.71603713  1.          0.79608624  0.29345869
  0.0381203   0.03012487  0.17649226  0.24830291  0.01401661  0.04702882] {'loss': [0.096478842198848724, 0.098954327404499054]}  
-13.056790351867676 6.183917045593262 -1.6166421175003052 [ 0.05194342  0.22358705  0.75018589  1.          0.83405277  0.30745404
  0.04681444  0.03699548  0.17252535  0.24272186  0.19181287  0.03692111] {'loss': [0.10545330494642258, 0.11520455032587051]}  
-13.10262393951416 5.184962272644043 -1.6166421175003052 [ 0.04185954  0.23451075  0.78683727  1.          0.87480153  0.32247531
  0.0588612   0.04651554  0.01714688  0.23732689  0.18754929  0.02975352] {'loss': [0.099166296422481537, 0.074591465294361115]}  
-13.045757293701172 4.191464900970459 -1.383309245109558 [ 0.03661996  0.44899137  0.9394058   1.          0.60507581  0.11466195
  0.07364714  0.04379795  0.01383528  0.23516426  0.13985198  0.03079411] {'loss': [0.12546961009502411, 0.10486359149217606]}  
-12.859390258789062 3.2089896202087402 -1.383309245109558 [ 0.03050414  0.37400627  0.78251738  0.84752597  0.50402328  0.09551245
  0.09858636  0.0586293   0.01416223  0.25838616  0.15366215  0.02585645] {'loss': [0.0605316162109375, 0.073494061827659607]}  
-12.629555702209473 2.238111734390259 -1.2416411638259888 [ 0.07506133  0.40743363  0.69156516  0.64332394  0.31095135  0.13784001
  0.12822481  0.06197767  0.01574141  0.27030283  0.13065118  0.02381946] {'loss': [0.044474393129348755, 0.046421367675065994]}  
-12.306317329406738 1.2917944192886353 -1.2416411638259888 [ 0.05806403  0.3151722   0.53496322  0.4976464   0.24053783  0.20451919
  0.19025269  0.09195898  0.01641281  0.15150903  0.15735476  0.02063371] {'loss': [0.0312991663813591, 0.031564820557832718]}  
-11.950630187988281 0.36019277572631836 -1.0583068132400513 [ 0.101459    0.31868641  0.43461923  0.33332449  0.25306436  0.34512462
  0.26468794  0.09219085  0.01784986  0.13848119  0.12134312  0.01876784] {'loss': [0.042678739875555038, 0.03059503436088562]}  
-11.284226417541504 -0.37375956773757935 -0.6916391849517822 [ 0.17184093  0.28469652  0.25972554  0.33118561  0.54868997  0.50056373
  0.23493318  0.01893266  0.04147422  0.20952925  0.01647111  0.03401427] {'loss': [0.026423180475831032, 0.030805559828877449]}  
-10.387829780578613 -0.7859371304512024 -0.1999724805355072 [ 0.18320598  0.17144364  0.45422731  0.77679871  0.72692616  0.35448204
  0.03191069  0.02837051  0.15757071  0.078221    0.01928838  0.10712835] {'loss': [0.057137936353683472, 0.040994022041559219]}  
-9.407757759094238 -0.9845779538154602 -0.19997231662273407 [ 0.12430634  0.11632546  0.54769516  0.93664311  0.87650753  0.42742497
  0.038477    0.02560566  0.14221452  0.24320877  0.01408949  0.07268719] {'loss': [0.052311073988676071, 0.061934355646371841]}  
-8.423093795776367 -1.1537543535232544 -0.11663857847452164 [ 0.09214639  0.18270168  0.74997544  1.          0.98343065  0.41615756
  0.0300647   0.03642424  0.14951846  0.22933701  0.01463507  0.06007575] {'loss': [0.068716354668140411, 0.061960574239492416]}  
-7.429877758026123 -1.270126461982727 -0.11663857847452164 [ 0.06946073  0.20802227  0.85391259  1.          1.          0.47383209
  0.03604351  0.03446335  0.14146915  0.21699069  0.01275219  0.04528559] {'loss': [0.051214221864938736, 0.063829518854618073]}  
-6.436673641204834 -1.3864985704421997 -0.11663857847452164 [ 0.05422727  0.23899536  0.98105517  1.          1.          0.54438288
  0.04400058  0.0376163   0.13405276  0.20561514  0.17578135  0.03535399] {'loss': [0.065931595861911774, 0.067562036216259003]}  
-5.443465709686279 -1.5028706789016724 -0.11663857847452164 [ 0.04350625  0.27743864  1.          1.          1.          0.63194887
  0.05491584  0.04694781  0.12720465  0.19511129  0.16680156  0.02836431] {'loss': [0.092146128416061401, 0.091041088104248047]}  
-4.448150157928467 -1.4815021753311157 0.11669491231441498 [ 0.03566193  0.62394085  1.          1.          1.          0.27380998
  0.07049904  0.07090234  0.16753372  0.19595558  0.12774605  0.03048943] {'loss': [0.088333286345005035, 0.074362404644489288]}  
-3.4549460411071777 -1.3650728464126587 0.11669491231441498 [ 0.02977383  0.53794366  1.          1.          0.96922353  0.23607106
  0.09373541  0.07472994  0.17657787  0.20653412  0.13464234  0.02545537] {'loss': [0.072177164256572723, 0.084065459668636322]}  
-2.4617419242858887 -1.2486435174942017 0.11669491231441498 [ 0.02523216  0.4685741   1.          1.          0.84423874  0.20562886
  0.13068358  0.0851944   0.18637475  0.21799298  0.14211259  0.02157243] {'loss': [0.061926547437906265, 0.068051271140575409]}  
-1.4685417413711548 -1.1322141885757446 0.11669491231441498 [ 0.02165564  0.41180608  0.97304801  1.          0.74195867  0.18071676
  0.19471047  0.1269344   0.19701012  0.23043262  0.15022214  0.01851465] {'loss': [0.086203813552856445, 0.062535382807254791]}  
-0.4753357768058777 -1.0157920122146606 0.11669491231441498 [ 0.01878894  0.36476504  0.86189565  1.          0.6572039   0.27406169
  0.32055591  0.20897474  0.20858179  0.24396739  0.15904565  0.01606375] {'loss': [0.081416405737400055, 0.069234192371368408]}  
0.4795023500919342 -0.7418763041496277 0.5083616971969604 [ 0.18427388  0.58464595  0.80118957  0.61736075  0.44874968  0.61495928
  0.47386013  0.20566804  0.28184405  0.21717649  0.07633275  0.01674726] {'loss': [0.047887817025184631, 0.054999664425849915]}  
1.1950874328613281 -0.052429262548685074 1.008362054824829 [ 0.33555072  0.47282154  0.37420839  0.85246011  1.          0.95066917
  0.35141039  0.41674424  0.32982664  0.12191892  0.0152506   0.0996667 ] {'loss': [0.054745703935623169, 0.055727023631334305]}  
1.6784807443618774 0.8214100003242493 1.2416948080062866 [ 0.2500442   0.27120358  0.95677355  1.          1.          1.          0.7188343
  0.77966402  0.46449018  0.0884871   0.01390516  0.11925276] {'loss': [0.10980934649705887, 0.10672547668218613]}  
1.771427869796753 1.2279751300811768 1.7416930198669434 [ 0.21790498  1.          1.          1.          1.          1.          1.
  0.76251191  0.15895237  0.01384815  0.08982311  0.19584488] {'loss': [0.19504560530185699, 0.19715160131454468]}  
1.730639934539795 1.2936722040176392 2.2416903972625732 [ 0.97063527  1.          1.          1.          1.          1.
  0.81609384  0.18484316  0.01398144  0.0836191   0.18987124  0.21674417] {'loss': [0.23772220313549042, 0.25423532724380493]}  
0.9676200151443481 1.930713415145874 2.516690731048584 [ 0.65425195  0.98450262  0.82758808  1.          1.          1.          1.
  0.01547554  0.02796856  0.10951466  0.16479502  0.16708711] {'loss': [0.16593120992183685, 0.16619817912578583]}  
-0.02686275728046894 2.3629651069641113 2.9916913509368896 [ 0.43516972  1.          1.          1.          1.          1.
  0.23910425  0.0178033   0.08407215  0.13600051  0.12166007  0.26901099] {'loss': [0.080639414489269257, 0.099788010120391846]}  
-1.023918628692627 2.3477818965911865 -3.0081593990325928 [ 0.24669869  1.          1.          1.          1.          1.
  0.02002087  0.052046    0.11933609  0.13704952  0.09368645  0.21481331] {'loss': [0.12839791178703308, 0.11095980554819107]}  
-2.114539623260498 2.2055792808532715 -3.0498242378234863 [ 0.15361717  1.          1.          1.          1.          1.
  0.02376638  0.04910187  0.12154071  0.14611512  0.09825067  0.12778106] {'loss': [0.14294295012950897, 0.14333868026733398]}  
-3.2114601135253906 2.128469228744507 -3.099823236465454 [ 0.1046127   1.          1.          1.          1.          1.
  0.02857141  0.04361315  0.11932847  0.1516956   0.10834745  0.08229159] {'loss': [0.091269731521606445, 0.10804015398025513]}  
-4.2108941078186035 2.1183698177337646 3.1166961193084717 [ 0.07759537  1.          1.          1.          1.          1.
  0.03413039  0.0349449   0.11122992  0.15266473  0.11781449  0.05653519] {'loss': [0.11673563718795776, 0.12592218816280365]}  
-5.310562610626221 2.145749807357788 3.116697072982788 [ 0.05834717  1.          1.          1.          1.          1.
  0.04228746  0.03457404  0.11004925  0.15104402  0.11656364  0.04251119] {'loss': [0.099513202905654907, 0.086210489273071289]}  
-6.410190105438232 2.174499988555908 3.091697931289673 [ 0.04541421  1.          1.          1.          1.          1.
  0.05370095  0.04223291  0.10664589  0.14927651  0.11739794  0.04288881] {'loss': [0.10664701461791992, 0.094651997089385986]}  
-7.40440034866333 2.1768386363983154 -2.949819564819336 [ 0.21950733  1.          1.          1.          1.          0.06144384
  0.06624166  0.0639744   0.13292587  0.14330534  0.08473325  0.03323825] {'loss': [0.10243792086839676, 0.087522394955158234]}  
-8.38607406616211 1.9862372875213623 -2.9498181343078613 [ 0.14409279  1.          1.          1.          0.0389519   0.08093406
  0.0872536   0.06894928  0.14326242  0.15444876  0.09132196  0.02773886] {'loss': [0.098196767270565033, 0.12257356196641922]}  
-9.37695598602295 1.9262161254882812 2.983367919921875 [ 0.02566567  0.4556467   1.          0.75370011  0.02025887  0.07639559
  0.12225024  0.10837395  0.10102925  0.16166984  0.14331917  0.06432794] {'loss': [0.04553830623626709, 0.055386785417795181]}  
-10.301569938659668 2.297559976577759 2.666701555252075 [ 0.03005774  0.02265486  1.          0.51692592  0.02464296  0.05248131
  0.14152387  0.17850924  0.12645214  0.11371107  0.14342808  0.10160133] {'loss': [0.057332422584295273, 0.05989476665854454]}  
-11.190893173217773 2.754814386367798 2.666701555252075 [ 0.02545344  0.13197341  0.60518079  0.17903627  0.02651419  0.07961472
  0.21469316  0.27080046  0.19182928  0.09629266  0.12145745  0.08603783] {'loss': [0.059726163744926453, 0.057191070169210434]}  
-12.08021354675293 3.2120630741119385 2.666701555252075 [ 0.02183144  0.42881245  0.30376166  0.02267982  0.02860689  0.13486427
  0.36368196  0.45872554  0.32495128  0.0961334   0.10417419  0.07379477] {'loss': [0.081096254289150238, 0.081294767558574677]}  
-12.883562088012695 3.803654909133911 2.4250357151031494 [ 0.03763867  0.25880225  0.24036419  0.11590327  0.03055569  0.09192255
  0.49592879  0.84008507  0.78023352  0.37622763  0.08404398  0.07805639] {'loss': [0.087921671569347382, 0.10544514656066895]}  
-13.51852035522461 4.576179027557373 2.1333699226379395 [ 0.0498929   0.01481407  0.19703441  0.13980768  0.02884039  0.03643482
  0.51959112  1.          1.          1.          0.37401652  0.07031526] {'loss': [0.11706141382455826, 0.11276344209909439]}  
-13.8189058303833 5.521576404571533 1.6333668231964111 [ 0.05545442  0.03824989  0.13942661  0.17154526  0.11832395  0.03562942
  0.04383709  0.89615558  1.          1.          1.          0.54650747] {'loss': [0.083870582282543182, 0.10535662621259689]}  
-13.655251502990723 6.500973224639893 1.2833664417266846 [ 0.17022283  0.04213984  0.02315558  0.16988666  0.17306598  0.02643127
  0.05060081  0.13143433  1.          1.          1.          1.        ] {'loss': [0.25938695669174194, 0.31273788213729858]}  
-13.208218574523926 7.38803243637085 0.9500303864479065 [ 0.43080012  0.03700786  0.03096782  0.14808632  0.22169912  0.01259101
  0.04519404  0.06765978  0.21784773  0.84252685  1.          1.        ] {'loss': [0.21619822084903717, 0.26343700289726257]}  
-12.570531845092773 8.154563903808594 0.8166965246200562 [ 0.32370628  0.03604749  0.029658    0.16458194  0.29361521  0.01507737
  0.04487118  0.08005053  0.07740879  0.36690783  0.65456641  0.63296528] {'loss': [0.12284048646688461, 0.093056850135326385]}  
-11.885889053344727 8.883438110351562 0.8166965246200562 [ 0.19619867  0.02701233  0.0261209   0.25117754  0.44810285  0.01649394
  0.05613155  0.10013912  0.09683448  0.22238337  0.39673358  0.3836412 ] {'loss': [0.092777766287326813, 0.089995689690113068]}  
-11.11770248413086 9.516530990600586 0.5416965484619141 [ 0.19573906  0.06126383  0.02562001  0.23727352  0.67086989  0.01997457
  0.03600823  0.10181005  0.13169581  0.09577962  0.20806307  0.2691388 ] {'loss': [0.068653732538223267, 0.053993895649909973]}  
-10.169017791748047 9.794238090515137 0.10003019869327545 [ 0.17203631  0.11450733  0.02935564  0.02421126  0.94388745  1.
  0.02272038  0.05024136  0.12243173  0.14584985  0.09707764  0.14441361] {'loss': [0.13115589320659637, 0.12230992317199707]}  
-9.17401123046875 9.894087791442871 0.10003115981817245 [ 0.11801216  0.07854875  0.02013705  0.92937576  1.          0.85482848
  0.0265752   0.05222382  0.12726245  0.15160436  0.10090766  0.09906389] {'loss': [0.090479530394077301, 0.065994232892990112]}  
-8.17846393585205 9.984796524047852 0.016698909923434258 [ 0.08675156  0.06319622  1.          1.          1.          0.94463402
  0.03180079  0.04323943  0.12262911  0.1588789   0.11573906  0.06695828] {'loss': [0.075837865471839905, 0.095180392265319824]}  
-7.178981781005859 9.95288372039795 -0.03330061584711075 [ 0.06588089  0.97408249  1.          1.          1.          1.
  0.03831171  0.03484152  0.11323245  0.15695613  0.12228879  0.04752827] {'loss': [0.085302293300628662, 0.094672761857509613]}  
-7.0956950187683105 9.950663566589355 -0.033299773931503296 [ 0.06395153  0.98139772  1.          1.          1.          1.
  0.03920178  0.03478806  0.11305845  0.15671469  0.12210056  0.04613645] {'loss': [0.090032339096069336, 0.077158354222774506]}  
-7.0956950187683105 9.950663566589355 -0.033298879861831665 [ 0.06395153  0.98139936  1.          1.          1.          1.
  0.03920179  0.03478809  0.1130585   0.1567147   0.12210044  0.04613651] {'loss': [0.09285513311624527, 0.055002275854349136]}  
-7.0956950187683105 9.950663566589355 -0.033297985792160034 [ 0.06395154  0.98140389  1.          1.          1.          1.          0.0392018
  0.03478823  0.11305869  0.15671471  0.12210033  0.04613657] {'loss': [0.072412215173244476, 0.075378090143203735]}  
-7.0956950187683105 9.950663566589355 -0.0332970917224884 [ 0.06395154  0.98140754  1.          1.          1.          1.          0.0392018
  0.03478837  0.11305881  0.15671472  0.12210023  0.04613658] {'loss': [0.056366730481386185, 0.070735208690166473]}  
