1.0 0.0 2.7962760213995352e-05 [ 0.04        0.11112189  0.33334408  0.44444444  0.33332257  0.11110033
  0.03305785  0.11112189  0.33334408  0.44444444  0.33332258  0.03000097] {'loss': [0.031102389097213745, 0.032698534429073334]}  
1.0 0.0 2.8961385396542028e-05 [ 0.04        0.11112227  0.33334453  0.44444444  0.3333222   0.11109998
  0.03305785  0.11112227  0.33334451  0.44444444  0.3333222   0.03000101] {'loss': [0.039686236530542374, 0.032164055854082108]}  
1.0 0.0 2.9860148060834035e-05 [ 0.04        0.1111226   0.33334488  0.44444444  0.33332183  0.11109964
  0.03305785  0.11112262  0.33334488  0.44444444  0.33332185  0.03000103] {'loss': [0.028131039813160896, 0.037476770579814911]}  
1.183333158493042 6.15678982285317e-06 3.085884964093566e-05 [ 0.03882647  0.11112265  0.33334419  0.44444301  0.33332051  0.11109894
  0.03397821  0.11112334  0.33334623  0.44444588  0.33332249  0.02912089] {'loss': [0.037276308983564377, 0.031104834750294685]}  
2.1813130378723145 0.0395374596118927 0.12503184378147125 [ 0.03168402  0.15865002  0.36925855  0.42797807  0.27608896  0.06548044
  0.04057189  0.16585358  0.38602492  0.44741055  0.28862496  0.0273369 ] {'loss': [0.035263892263174057, 0.029841117560863495]}  
3.179591417312622 0.05826456844806671 -0.016633890569210052 [ 0.02710532  0.10076249  0.31436349  0.42732026  0.32667601  0.11307503
  0.05101367  0.10902438  0.34013933  0.4623578   0.35346144  0.12234648] {'loss': [0.029765941202640533, 0.032644357532262802]}  
4.179450035095215 0.04163191467523575 -0.01663299649953842 [ 0.02313899  0.10186753  0.31781043  0.4320053   0.33025724  0.11431447
  0.06482931  0.10780189  0.33632463  0.45717199  0.34949663  0.12097387] {'loss': [0.028217608109116554, 0.031020624563097954]}  
5.079333305358887 0.026663292199373245 -0.016632189974188805 [ 0.02026909  0.10287764  0.3209611   0.43628781  0.33353087  0.11544734
  0.08269345  0.10671923  0.33294617  0.45257915  0.3459853   0.1197583 ] {'loss': [0.03303036093711853, 0.023401563987135887]}  
5.979216575622559 0.011695392429828644 -0.016631385311484337 [ 0.01790179  0.10390282  0.3241589   0.44063398  0.33685305  0.11659711
  0.10910355  0.10565281  0.32961859  0.44805547  0.34252657  0.11856091] {'loss': [0.017769264057278633, 0.017594505101442337]}  
6.8790998458862305 -0.0032725022174417973 -0.01663058251142502 [ 0.01592623  0.10494337  0.32740451  0.44504555  0.34022522  0.11776405
  0.15052631  0.11507329  0.32634065  0.44359942  0.33911975  0.11738143] {'loss': [0.01566954143345356, 0.02282397449016571]}  
7.778983116149902 -0.01823895424604416 -0.01662977784872055 [ 0.01426053  0.10599945  0.33069901  0.44952312  0.34364793  0.16253797
  0.22093997  0.16890246  0.32311164  0.43920973  0.33576363  0.11621954] {'loss': [0.011396274901926517, 0.012965407222509384]}  
8.778853416442871 -0.03486749529838562 -0.01662888377904892 [ 0.01269879  0.1071917   0.33441787  0.45457767  0.34751162  0.27775315
  0.37755294  0.28862848  0.31958011  0.43440859  0.33209292  0.11494875] {'loss': [0.010853999294340611, 0.015122036449611187]}  
9.678741455078125 -0.049842484295368195 -0.016628077253699303 [ 0.0115026   0.10828278  0.33782056  0.45920305  0.35104743  0.53063018
  0.72129109  0.55140546  0.31644869  0.43015201  0.32883877  0.11382218] {'loss': [0.02531791478395462, 0.018617169931530952]}  
10.578624725341797 -0.06480668485164642 -0.016627272590994835 [ 0.0104678   0.10938963  0.34127349  0.46389597  0.44560083  1.          1.
  1.          0.50002777  0.42596055  0.3256342   0.11271271] {'loss': [0.056379113346338272, 0.057313691824674606]}  
11.12772274017334 -0.08822786808013916 -0.3082927465438843 [ 0.03661865  0.02320541  0.21790702  0.43059487  0.44858085  1.          1.
  1.          1.          0.45899924  0.39878318  0.22569568] {'loss': [0.077019818127155304, 0.074017420411109924]}  
11.12772274017334 -0.08822786808013916 -0.7582927942276001 [ 0.19485531  0.02112581  0.04046934  0.25259863  0.44802227  0.45095238
  1.          1.          1.          1.          0.39828662  0.3834357 ] {'loss': [0.075630657374858856, 0.081578902900218964]}  
11.471006393432617 -0.690868079662323 -1.208292007446289 [ 0.26165515  0.11802278  0.009335    0.09464997  0.43831104  0.7040101   1.
  1.          1.          1.          1.          0.3165193 ] {'loss': [0.098597191274166107, 0.099107749760150909]}  
11.59554672241211 -1.47662353515625 -1.6582906246185303 [ 0.19835108  0.1627018   0.0641504   0.00937107  0.31862637  1.          1.
  1.          1.          1.          1.          1.        ] {'loss': [0.11718166619539261, 0.11401250958442688]}  
11.59554672241211 -1.47662353515625 -2.108288288116455 [ 1.          0.19959305  0.15065735  0.05086397  0.00942975  0.42263671
  1.          1.          1.          1.          1.          1.        ] {'loss': [0.14380353689193726, 0.1298225075006485]}  
11.002750396728516 -2.0859274864196777 -2.558288097381592 [ 1.          0.8237528   0.15560502  0.10770142  0.03026018  0.02085282
  1.          1.          1.          1.          1.          1.        ] {'loss': [0.14092180132865906, 0.1282602846622467]}  
10.165702819824219 -2.388418674468994 -3.0082879066467285 [ 1.          0.76312266  0.17128208  0.13535289  0.08548805  0.00934439
  0.20855405  1.          1.          1.          1.          1.        ] {'loss': [0.12107022851705551, 0.11267545074224472]}  
9.269929885864258 -2.4674136638641357 3.1332316398620605 [ 0.54998691  0.41648223  0.14150796  0.13378254  0.10130796  0.03442138
  0.01193913  1.          1.          1.          1.          1.        ] {'loss': [0.10830894857645035, 0.10209771245718002]}  
8.369943618774414 -2.459894895553589 3.133232593536377 [ 0.30918294  0.2341312   0.09964449  0.13415123  0.10158704  0.03451612
  0.01320588  1.          1.          1.          1.          1.        ] {'loss': [0.10443899035453796, 0.1018676832318306]}  
7.469972610473633 -2.452376127243042 3.1332335472106934 [ 0.19780747  0.14979106  0.0999196   0.13452146  0.10186727  0.03461127
  0.01468547  1.          1.          1.          1.          1.        ] {'loss': [0.099547676742076874, 0.098194599151611328]}  
6.570012092590332 -2.444857358932495 3.1332345008850098 [ 0.13733467  0.1039975   0.10019581  0.13489317  0.1021487   0.0347068
  0.01642837  1.          1.          1.          1.          1.        ] {'loss': [0.10198838263750076, 0.10038918256759644]}  
5.670051574707031 -2.4373385906219482 3.133235216140747 [ 0.10088234  0.07639369  0.10047318  0.13526645  0.10243126  0.01374216
  0.018501    1.          1.          1.          1.          1.        ] {'loss': [0.10063963383436203, 0.11057397723197937]}  
4.770203113555908 -2.424823045730591 3.0749027729034424 [ 0.07697222  0.06168931  0.09474007  0.13529314  0.10843052  0.0146508
  0.02092202  1.          1.          1.          1.          1.        ] {'loss': [0.10025715082883835, 0.10594896227121353]}  
3.8727402687072754 -2.357361078262329 3.06657075881958 [ 0.06071343  0.04957286  0.09497958  0.13838984  0.11299605  0.0163892
  0.02387984  1.          1.          1.          1.          1.        ] {'loss': [0.10197415202856064, 0.10505553334951401]}  
2.9752774238586426 -2.2899110317230225 3.0665721893310547 [ 0.04919838  0.04017068  0.09741561  0.14193899  0.11589376  0.01893048
  0.02758257  1.          1.          1.          1.          1.        ] {'loss': [0.10064131021499634, 0.10420302301645279]}  
1.9780962467193604 -2.2149665355682373 3.066572904586792 [ 0.03986563  0.03255043  0.10023373  0.14604495  0.11924622  0.02251442
  0.03280451  1.          1.          1.          1.          1.        ] {'loss': [0.10010033845901489, 0.098315797746181488]}  
0.8811893463134766 -2.1325156688690186 3.0665738582611084 [ 0.03236663  0.02851775  0.10347727  0.15077073  0.12310471  0.02777193
  0.04046487  1.          1.          1.          1.          1.        ] {'loss': [0.10150572657585144, 0.096478104591369629]}  
-0.2157304584980011 -2.050492286682129 3.0749082565307617 [ 0.02680046  0.02945597  0.10688134  0.15573042  0.12715413  0.03511149
  0.05115886  0.84036866  1.          1.          1.          1.        ] {'loss': [0.095334291458129883, 0.094220452010631561]}  
-1.3153339624404907 -2.0221381187438965 3.1165759563446045 [ 0.02266003  0.0362452   0.11540279  0.15841435  0.0153545   0.04888792
  0.06710886  0.95896081  1.          1.          1.          1.        ] {'loss': [0.10139989852905273, 0.099502183496952057]}  
-2.398524522781372 -1.8550386428833008 2.9749104976654053 [ 0.09386594  0.01973071  0.09916261  0.16399125  0.01060272  0.0532872
  0.08812429  0.36119777  1.          1.          1.          1.        ] {'loss': [0.08901599794626236, 0.093959920108318329]}  
-3.394390344619751 -1.8903985023498535 -3.0416066646575928 [ 0.01678261  0.05714892  0.13927605  0.00756125  0.04289831  0.10454622
  0.12454929  1.          1.          1.          1.          0.54403997] {'loss': [0.09143567830324173, 0.091139934957027435]}  
-4.3856682777404785 -2.0201056003570557 -2.9832723140716553 [ 0.01458635  0.06325168  0.1389043   0.00736565  0.0735768   0.16157893
  0.18060793  1.          1.          1.          1.          0.52310368] {'loss': [0.083983689546585083, 0.085592426359653473]}  
-5.37315034866333 -2.177762269973755 -2.9832723140716553 [ 0.01297235  0.05945276  0.09319377  0.00742329  0.11863858  0.26053725
  0.29122047  1.          1.          1.          1.          0.74066808] {'loss': [0.082336746156215668, 0.082824252545833588]}  
-6.35209321975708 -2.378817319869995 -2.891604423522949 [ 0.01118898  0.06780704  0.02649951  0.03407987  0.27183979  0.51617606
  0.60991291  1.          1.          1.          1.          0.72760607] {'loss': [0.07872946560382843, 0.082122050225734711]}  
-7.275599956512451 -2.5969748497009277 -3.016603708267212 [ 0.01061189  0.04772553  0.0321654   0.02288357  0.48297086  1.          1.
  1.          1.          1.          1.          1.        ] {'loss': [0.10342048853635788, 0.10349377244710922]}  
-7.905848979949951 -2.5651485919952393 2.766582489013672 [ 1.          0.00984827  0.05101626  0.02136225  0.0816032   1.          1.
  1.          1.          1.          1.          1.        ] {'loss': [0.11234292387962341, 0.11041080951690674]}  
-8.65939712524414 -2.115173816680908 2.6749162673950195 [ 1.          0.00934973  0.04482213  0.02612229  0.08133789  1.          1.
  1.          1.          1.          1.          1.        ] {'loss': [0.10914520174264908, 0.1107722744345665]}  
-8.182361602783203 -2.2605676651000977 -3.1082677841186523 [ 0.00981397  0.03930776  0.03405876  0.00738836  1.          1.          1.
  1.          1.          1.          1.          1.        ] {'loss': [0.10722494870424271, 0.10859542340040207]}  
-8.182361602783203 -2.2605676651000977 -2.6582672595977783 [ 0.03023129  0.04366985  0.00737552  1.          1.          1.          1.
  1.          1.          1.          1.          0.01727083] {'loss': [0.10791891813278198, 0.10667514055967331]}  
-8.182361602783203 -2.2605676651000977 -2.1582677364349365 [ 0.04690306  0.0073545   1.          1.          1.          1.          1.
  1.          1.          1.          0.03807635  0.02750454] {'loss': [0.10171928256750107, 0.10485290735960007]}  
-8.216498374938965 -2.474057674407959 -1.741600513458252 [ 0.00707908  0.76678153  1.          1.          1.          1.          1.
  1.          1.          0.3492762   0.01622727  0.06032629] {'loss': [0.088272839784622192, 0.088484905660152435]}  
-8.172430992126465 -1.9772995710372925 -1.5415996313095093 [ 0.00756211  1.          1.          1.          1.          1.          1.
  1.          0.91750563  0.00982583  0.04302876  0.03471411] {'loss': [0.101188063621521, 0.10157980769872665]}  
-8.172430992126465 -1.9916157722473145 -1.041596531867981 [ 1.          1.          1.          1.          1.          1.          1.
  0.96516291  0.0098297   0.03998424  0.03773183  0.00757633] {'loss': [0.10905939340591431, 0.10652676224708557]}  
-7.474088668823242 -2.686957597732544 -0.5415962934494019 [ 1.          1.          1.          1.          1.          1.          1.
  0.02415242  0.02840075  0.05389165  0.0071398   0.40593496] {'loss': [0.1016785129904747, 0.10154514759778976]}  
-6.9676008224487305 -2.7681596279144287 -0.04159538820385933 [ 0.9984064   1.          1.          1.          1.          1.
  0.18208139  0.02503364  0.07357027  0.00706418  0.20826485  0.7062215 ] {'loss': [0.095340542495250702, 0.090159691870212555]}  
-6.000255584716797 -2.5513219833374023 0.4584055244922638 [ 1.          1.          1.          1.          1.          0.11863717
  0.02436981  0.08805955  0.00715919  0.08583164  0.31015033  0.45108472] {'loss': [0.080641128122806549, 0.084575258195400238]}  
-5.310595989227295 -1.979203462600708 0.9084048271179199 [ 1.          1.          1.          1.          0.08925573  0.02146554
  0.09745975  0.01581758  0.04016664  0.182368    0.29078923  0.561365  ] {'loss': [0.083373568952083588, 0.082967959344387054]}  
-4.917736530303955 -1.0676630735397339 1.4084008932113647 [ 1.          0.9933973   0.46189478  0.03256497  0.02818552  0.13936936
  0.0312156   0.02874507  0.14213609  0.23372954  0.2119319   0.66624047] {'loss': [0.077230118215084076, 0.076918639242649078]}  
-4.926904201507568 -0.06970849633216858 1.6250680685043335 [ 0.48071207  0.3382728   0.09862604  0.01392252  0.12263706  0.22079126
  0.00894144  0.07187772  0.19161572  0.24018475  0.16901584  0.38350475] {'loss': [0.060630921274423599, 0.062937468290328979]}  
-4.981149196624756 0.9288197755813599 1.6250680685043335 [ 0.2650724   0.18652903  0.05438398  0.01383371  0.26527987  0.20885529
  0.00985091  0.07383029  0.19682099  0.2467094   0.17360717  0.21147064] {'loss': [0.067835874855518341, 0.065978527069091797]}  
-5.035394191741943 1.927345633506775 1.6250680685043335 [ 0.16764862  0.11797283  0.03439589  0.01374574  0.67863638  0.19786164
  0.01090655  0.07586353  0.20224129  0.25350358  0.17838816  0.13374752] {'loss': [0.073428831994533539, 0.075280003249645233]}  
-5.114291667938232 2.9240872859954834 1.6584017276763916 [ 0.11503063  0.07774523  0.02067359  0.89041372  0.60179985  0.16002715
  0.01208181  0.08711055  0.21734846  0.26250077  0.17741522  0.09524443] {'loss': [0.071741260588169098, 0.071669608354568481]}  
-5.201781749725342 3.920252561569214 1.6584017276763916 [ 0.08409168  0.05683465  0.01511316  0.82096665  0.554863    0.14754586
  0.0135279   0.09116676  0.22746899  0.27472371  0.18567628  0.06962723] {'loss': [0.074878580868244171, 0.072909332811832428]}  
-5.289271831512451 4.916404724121094 1.6584017276763916 [ 0.06414294  0.04335198  0.62872578  0.7593383   0.51321048  0.1364699
  0.01525003  0.09551298  0.23831315  0.28782067  0.19452809  0.05310982] {'loss': [0.061640549451112747, 0.061478912830352783]}  
-5.36801290512085 5.81294059753418 1.6584017276763916 [ 0.05168969  0.03493526  0.58755839  0.70961842  0.47960668  0.12753416
  0.01709745  0.09969589  0.24874989  0.30042556  0.20304726  0.05399314] {'loss': [0.06173170730471611, 0.062564723193645477]}  
-5.446753978729248 6.709476470947266 1.6584017276763916 [ 0.04254007  0.22055569  0.55030564  0.66462692  0.44919856  0.1194482
  0.01930209  0.10415969  0.25988756  0.31387699  0.21213863  0.05641066] {'loss': [0.051532331854104996, 0.051399786025285721]}  
-5.513028621673584 7.6069488525390625 1.6250677108764648 [ 0.03578469  0.18926022  0.50454048  0.63242719  0.4450333   0.12975316
  0.02206934  0.09805773  0.26140797  0.32766734  0.23057655  0.06722648] {'loss': [0.052179325371980667, 0.049849066883325577]}  
-5.561849117279053 8.505636215209961 1.6250677108764648 [ 0.03039039  0.18211062  0.48548059  0.60853612  0.42822173  0.12485162
  0.02534475  0.10086073  0.2688804   0.33703395  0.23716777  0.0691482 ] {'loss': [0.04903089627623558, 0.051039859652519226]}  
-5.6106696128845215 9.404335021972656 1.6250677108764648 [ 0.02612982  0.17535845  0.46748095  0.58597385  0.41234485  0.1202225
  0.02940743  0.10378572  0.27667797  0.34680801  0.24404583  0.07115357] {'loss': [0.051150217652320862, 0.048651423305273056]}  
-5.65949010848999 10.303033828735352 1.6250677108764648 [ 0.02270622  0.16897507  0.45046358  0.56464329  0.39733476  0.11584621
  0.03453141  0.10683981  0.28481978  0.35701349  0.25122736  0.07324741] {'loss': [0.046906396746635437, 0.048031419515609741]}  
-5.708310604095459 11.201732635498047 1.6250677108764648 [ 0.01991391  0.16293403  0.43435915  0.5444569   0.38312953  0.11170459
  0.04112131  0.11003067  0.29332627  0.36767618  0.25873055  0.07543502] {'loss': [0.047757361084222794, 0.046224836260080338]}  
-5.7625555992126465 12.200286865234375 1.6250677108764648 [ 0.01737538  0.15659409  0.41745763  0.52327138  0.3682216   0.10735805
  0.05092475  0.1137467   0.30323276  0.38009361  0.26746858  0.07798266] {'loss': [0.045055609196424484, 0.046986546367406845]}  
-5.811376094818115 13.09898567199707 1.6250677108764648 [ 0.01548393  0.15119922  0.40307565  0.50524394  0.3555359   0.10365946
  0.06308746  0.11725454  0.31258389  0.39181512  0.27571692  0.08038755] {'loss': [0.044379610568284988, 0.043220516294240952]}  
-5.865621089935303 14.097539901733398 1.6250677108764648 [ 0.01372313  0.14552559  0.38795042  0.48628504  0.34219465  0.09976968
  0.08251107  0.12134578  0.3234906   0.40548638  0.28533723  0.08319243] {'loss': [0.043103437870740891, 0.041689377278089523]}  
-5.91986608505249 15.096094131469727 1.6250677108764648 [ 0.01224645  0.14016541  0.37366114  0.46837364  0.32959053  0.0960948
  0.11250889  0.12565498  0.33497836  0.41988586  0.29547005  0.08614675] {'loss': [0.039010968059301376, 0.041928354650735855]}  
-5.974111080169678 16.094642639160156 1.6250677108764648 [ 0.01099591  0.13509601  0.3601468   0.45143378  0.31766978  0.12957727
  0.16242147  0.13019804  0.34708936  0.4350662   0.30615232  0.08926126] {'loss': [0.036130484193563461, 0.036549199372529984]}  
-6.028356075286865 17.0931396484375 1.6250677108764648 [ 0.00992763  0.13029697  0.34735302  0.43539665  0.30638456  0.20322665
  0.25473889  0.17925742  0.35986876  0.4510849   0.31742427  0.09254776] {'loss': [0.029114698991179466, 0.029855241999030113]}  
-6.082601070404053 18.091636657714844 1.6250677108764648 [ 0.00900779  0.12574896  0.33522864  0.42019916  0.29569029  0.36356715
  0.45572181  0.32068681  0.37336716  0.4680049   0.32933063  0.09601916] {'loss': [0.021295830607414246, 0.020636547356843948]}  
-6.13684606552124 19.090133666992188 1.6250677108764648 [ 0.00821011  0.12143499  0.32372831  0.4057837   0.31074906  0.82841123
  1.          0.73070568  0.38763974  0.48589498  0.34191999  0.09968963] {'loss': [0.038896873593330383, 0.038544837385416031]}  
-6.203672409057617 20.087263107299805 1.7334015369415283 [ 0.00735861  0.15378504  0.3400586   0.38178034  1.          1.          1.
  1.          0.56315424  0.49759351  0.30919034  0.06641036] {'loss': [0.057700905948877335, 0.055114034563302994]}  
-6.327456474304199 20.502492904663086 2.233402729034424 [ 0.1338054   0.30830827  0.35513873  1.          1.          1.          1.
  1.          0.55052024  0.35260905  0.08210354  0.00711861] {'loss': [0.063317321240901947, 0.061978757381439209]}  
-6.70392370223999 20.80373764038086 2.733403444290161 [ 0.24383986  1.          1.          1.          1.          1.          1.
  0.75006414  0.49489258  0.12419434  0.0069788   0.10138749] {'loss': [0.073454514145851135, 0.07715403288602829]}  
-7.573276996612549 20.909391403198242 -3.04978084564209 [ 1.          1.          1.          1.          1.          1.          1.
  1.          0.34065452  0.00694587  0.06315368  0.15883415] {'loss': [0.089103914797306061, 0.0967058464884758]}  
-8.434333801269531 20.620786666870117 -2.5497806072235107 [ 1.          1.          1.          1.          1.          1.          1.
  1.          0.00714353  0.0411113   0.10834938  0.1349613 ] {'loss': [0.10254475474357605, 0.10374283045530319]}  
-8.726947784423828 20.181852340698242 -2.049781322479248 [ 1.          1.          1.          1.          1.          1.          1.
  0.0074051   0.03458535  0.09573453  0.12245977  1.        ] {'loss': [0.09989447146654129, 0.10513535141944885]}  
-8.868814468383789 19.452436447143555 -1.5497783422470093 [ 1.          1.          1.          1.          1.          1.
  0.00789826  0.03031262  0.08834979  0.11609305  0.46561926  1.        ] {'loss': [0.098186813294887543, 0.091140858829021454]}  
-8.847814559936523 18.452680587768555 -1.5497783422470093 [ 0.64108513  1.          1.          1.          1.          1.
  0.00864736  0.03138918  0.08980825  0.11688991  0.17215506  0.49255574] {'loss': [0.077896177768707275, 0.080085135996341705]}  
-8.796014785766602 17.45443344116211 -1.474778175354004 [ 0.91190113  1.          1.          1.          1.          1.
  0.00942679  0.04011075  0.0984868   0.11784529  0.11038397  0.27103394] {'loss': [0.082291744649410248, 0.083527691662311554]}  
-8.700308799743652 16.458988189697266 -1.4831113815307617 [ 0.41782264  1.          1.          1.          1.          1.
  0.01041331  0.04147013  0.10182467  0.12183931  0.0814994   0.16420626] {'loss': [0.074960812926292419, 0.075652278959751129]}  
-8.659887313842773 15.460759162902832 -1.60811185836792 [ 0.13256382  1.          1.          1.          1.          1.
  0.04777716  0.02728395  0.08957058  0.12474707  0.097637    0.09518306] {'loss': [0.086805336177349091, 0.086550891399383545]}  
-8.729101181030273 14.497251510620117 -1.69144606590271 [ 0.09370046  1.          1.          1.          1.          1.          0.7780102
  0.01103542  0.07796221  0.12018602  0.10320019  0.06078154] {'loss': [0.078390114009380341, 0.088826678693294525]}  
-8.48386287689209 15.205307960510254 -1.9581104516983032 [ 0.10158804  0.28404917  1.          1.          1.          1.          1.
  0.01186613  0.04987077  0.11377421  0.13025634  0.08283515] {'loss': [0.075800500810146332, 0.077679730951786041]}  
-8.618854522705078 14.62247085571289 -1.749775767326355 [ 0.09671528  1.          1.          1.          1.          1.
  0.84610416  0.01134677  0.07394937  0.12294057  0.11247341  0.05817477] {'loss': [0.081890605390071869, 0.084315843880176544]}  
-8.719998359680176 13.965245246887207 -1.5747748613357544 [ 0.08197693  1.          1.          1.          1.          1.
  0.01381395  0.02927251  0.09038754  0.12224853  0.09299456  0.06061171] {'loss': [0.085599698126316071, 0.083866916596889496]}  
-8.588247299194336 12.976165771484375 -1.5414386987686157 [ 0.06282117  1.          1.          1.          1.          1.
  0.01555195  0.03627553  0.10011207  0.12785507  0.09176137  0.04918975] {'loss': [0.083320267498493195, 0.088740818202495575]}  
-8.705028533935547 12.255831718444824 -1.8581055402755737 [ 0.04811374  1.          1.          1.          1.          1.          1.
  0.01624469  0.05831524  0.11302912  0.11616292  0.06458264] {'loss': [0.085499219596385956, 0.08424387127161026]}  
-8.748254776000977 11.38044261932373 -1.4247733354568481 [ 1.          1.          1.          1.          1.          1.
  0.01880352  0.04655904  0.1044266   0.11829377  0.07429339  0.03773841] {'loss': [0.095352344214916229, 0.088012814521789551]}  
-8.602743148803711 10.391100883483887 -1.4247733354568481 [ 0.54997385  1.          1.          1.          1.          1.
  0.02167361  0.04900671  0.10991645  0.12451266  0.0781991   0.03099806] {'loss': [0.082892894744873047, 0.080814607441425323]}  
-8.654008865356445 9.398050308227539 -1.7247744798660278 [ 0.02926628  1.          1.          1.          1.          1.
  0.76325798  0.02244725  0.07608734  0.12240384  0.1089927   0.04926511] {'loss': [0.084352731704711914, 0.083159223198890686]}  
-8.772457122802734 8.405790328979492 -1.633108377456665 [ 0.0253209   1.          1.          1.          1.          1.
  0.29419528  0.0244416   0.08339857  0.11966397  0.09633036  0.03673126] {'loss': [0.083263270556926727, 0.068951822817325592]}  
-8.834712982177734 7.407733917236328 -1.633108377456665 [ 0.0217262   1.          1.          1.          1.          1.
  0.55377536  0.02932953  0.08162773  0.11712312  0.09428492  0.03595135] {'loss': [0.075817890465259552, 0.072366110980510712]}  
-8.85673999786377 6.4098052978515625 -1.4664417505264282 [ 1.          1.          1.          1.          1.          1.
  0.04421633  0.02927292  0.09717452  0.11521139  0.07627447  0.01930065] {'loss': [0.088333465158939362, 0.08456120640039444]}  
-8.752598762512207 5.415256500244141 -1.4664417505264282 [ 0.72941552  1.          1.          1.          1.          1.          0.0552166
  0.03655555  0.0092501   0.11941801  0.07905941  0.02000536] {'loss': [0.08756265789270401, 0.081528760492801666]}  
-8.68779182434082 4.4177751541137695 -1.5331083536148071 [ 0.05873043  1.          1.          1.          1.          1.
  0.07162511  0.05140541  0.01564379  0.12341384  0.08857428  0.02695513] {'loss': [0.086021430790424347, 0.077445261180400848]}  
-8.403064727783203 3.47235369682312 -1.0331058502197266 [ 1.          1.          1.          1.          1.          0.09422531
  0.0701999   0.02308879  0.13615833  0.10144089  0.03336399  0.01308376] {'loss': [0.093279369175434113, 0.086679838597774506]}  
-7.890890598297119 2.6134603023529053 -1.033105731010437 [ 0.87980434  1.          1.          1.          0.79794618  0.12499503
  0.09222693  0.02974185  0.01009067  0.1225001   0.03950447  0.01188515] {'loss': [0.082520045340061188, 0.077849484980106354]}  
-7.378738880157471 1.7545669078826904 -1.033105731010437 [ 0.40770866  1.          1.          1.          0.36977489  0.17375675
  0.1282055   0.04134444  0.0106306   0.15270771  0.04924599  0.01084573] {'loss': [0.06495155394077301, 0.058626908808946609]}  
-6.866587162017822 0.8956735134124756 -1.033105731010437 [ 0.2342556   0.68061624  0.89289915  0.65882118  0.21246016  0.25780185
  0.19021775  0.06134248  0.01121506  0.19563954  0.06309088  0.00993693] {'loss': [0.031705301254987717, 0.044305149465799332]}  
-6.354435443878174 0.036780066788196564 -1.033105731010437 [ 0.15186149  0.44122489  0.57884216  0.42709578  0.32140302  0.42164789
  0.31111071  0.10032874  0.01184907  0.12303063  0.08371448  0.00913774] {'loss': [0.021785860881209373, 0.02495536208152771]}  
-5.842283725738525 -0.8221134543418884 -1.033105731010437 [ 0.10637109  0.30905522  0.40544894  0.29915846  0.61807693  0.81085413
  0.59828443  0.19293801  0.0125384   0.07346292  0.11638912  0.00843123] {'loss': [0.033014971762895584, 0.029691839590668678]}  
-5.3268351554870605 -1.678345799446106 -0.9747717976570129 [ 0.09206584  0.24058419  0.29826523  0.66184871  1.          1.          1.
  0.42349315  0.0132405   0.0571877   0.14302533  0.00777389] {'loss': [0.054194632917642593, 0.06433558464050293]}  
-4.671189785003662 -2.2782986164093018 -0.5247710347175598 [ 0.16045689  0.21631032  1.          1.          1.          1.          1.
  0.01434133  0.03504973  0.10750929  0.00739696  0.0523115 ] {'loss': [0.060530643910169601, 0.068045526742935181]}  
-3.817470073699951 -2.5311546325683594 -0.07477026432752609 [ 0.14981687  1.          1.          1.          1.          1.
  0.12340963  0.02380257  0.08836184  0.03808448  0.02742661  0.10181534] {'loss': [0.063096843659877777, 0.06570899486541748]}  
-2.9182357788085938 -2.50651216506958 0.07523070275783539 [ 0.10871781  1.          1.          1.          1.          1.
  0.01779228  0.04185751  0.10698278  0.00719589  0.03473923  0.08878931] {'loss': [0.067568905651569366, 0.066580101847648621]}  
-2.0207858085632324 -2.438868999481201 0.07523150742053986 [ 0.08243907  1.          1.          1.          1.          1.
  0.02013716  0.04290451  0.10965863  0.13427111  0.02634229  0.06732767] {'loss': [0.075618557631969452, 0.058696303516626358]}  
-1.123329520225525 -2.3712258338928223 0.07523231208324432 [ 0.06465279  1.          1.          1.          1.          1.
  0.02297811  0.04399129  0.11243616  0.13767191  0.02065898  0.05280173] {'loss': [0.058880958706140518, 0.045668661594390869]}  
-0.22587543725967407 -2.3035826683044434 0.07523312419652939 [ 0.05205813  1.          1.          1.          1.          1.
  0.02646558  0.04511991  0.11532055  0.14120356  0.01663456  0.04251575] {'loss': [0.060163360089063644, 0.067892074584960938]}  
0.6715787053108215 -2.2359395027160645 0.07523411512374878 [ 0.04281491  1.          1.          1.          1.          1.
  0.03081172  0.04629255  0.11831742  0.14487287  0.09940345  0.03496687] {'loss': [0.055757831782102585, 0.054701041430234909]}  
1.5690339803695679 -2.1682963371276855 0.07523491978645325 [ 0.03583149  1.          1.          1.          1.          1.
  0.03632344  0.04751145  0.1214326   0.14868713  0.10202045  0.02926354] {'loss': [0.039068005979061127, 0.049621623009443283]}  
2.466486930847168 -2.1006531715393066 0.07523573189973831 [ 0.03042707  1.          1.          1.          1.          0.93713668
  0.04345806  0.04877915  0.12467243  0.15265396  0.10474217  0.02484978] {'loss': [0.058884572237730026, 0.043799694627523422]}  
3.3639369010925293 -2.0330100059509277 0.07523684948682785 [ 0.02615917  1.          1.          1.          1.          0.81013321
  0.05292137  0.0500983   0.12804377  0.15678173  0.10757425  0.02136421] {'loss': [0.038543928414583206, 0.053764481097459793]}  
4.261390686035156 -1.965362310409546 0.07523765414953232 [ 0.02273008  1.          1.          1.          1.          0.70729539
  0.0658492   0.05147174  0.13155382  0.16107949  0.11052301  0.01856369] {'loss': [0.05101354792714119, 0.042918618768453598]}  
5.158853530883789 -1.8977127075195312 0.07523846626281738 [ 0.01993354  1.          1.          1.          1.          0.62286216
  0.08416497  0.05774885  0.13521038  0.16555653  0.11359477  0.01627977] {'loss': [0.030657798051834106, 0.023383351042866707]}  
6.056316375732422 -1.8300631046295166 0.07523927092552185 [ 0.01762306  0.93454449  1.          1.          1.          0.55269258
  0.11133811  0.07639334  0.13902149  0.17022289  0.11679643  0.01439281] {'loss': [0.035882439464330673, 0.039645161479711533]}  
6.953779220581055 -1.762413501739502 0.07524032145738602 [ 0.01569219  0.83487568  1.          1.          1.          0.49374461
  0.15415726  0.10577305  0.14299611  0.17508933  0.12013534  0.03308815] {'loss': [0.036652851849794388, 0.022667361423373222]}  
7.845876216888428 -1.6535700559616089 0.26690804958343506 [ 0.14713388  1.          1.          1.          1.          0.21258313
  0.21331913  0.1148573   0.17106521  0.1716575   0.09242541  0.01317851] {'loss': [0.02848491258919239, 0.027988201007246971]}  
8.630728721618652 -1.2222692966461182 0.7169081568717957 [ 0.55636644  1.          1.          0.75743465  0.30883785  0.33540187
  0.20013644  0.19654209  0.21344728  0.12736545  0.01148107  0.04444277] {'loss': [0.031066261231899261, 0.044681373983621597]}  
9.304224967956543 -0.6252847909927368 0.7252413034439087 [ 0.32099198  0.65650253  0.70028377  0.40855523  0.48626769  0.51869641
  0.30261456  0.26893579  0.28687073  0.16736433  0.02992276  0.02926331] {'loss': [0.0095693757757544518, 0.013164541684091091]}  
9.923955917358398 -0.12518146634101868 0.5002415776252747 [ 0.11669521  0.36266944  0.49205885  0.37547476  0.66505596  0.90232853
  0.68853864  0.29721152  0.40324761  0.30770553  0.10612734  0.01120156] {'loss': [0.023897068575024605, 0.023060202598571777]}  
10.731247901916504 0.11943115293979645 0.2585744857788086 [ 0.02520823  0.20078127  0.3811047   0.38585556  1.          1.          1.
  1.          0.4469291   0.45250037  0.24660269  0.0351335 ] {'loss': [0.073915183544158936, 0.073484703898429871]}  
10.902519226074219 0.2629154920578003 0.7085745334625244 [ 0.15917221  0.33899193  0.37147614  1.          1.          1.          1.
  0.46116401  0.50535558  0.30492017  0.06029363  0.01183646] {'loss': [0.053727250546216965, 0.045592453330755234]}  
11.207146644592285 0.5818886160850525 1.1585731506347656 [ 0.25980399  0.30847242  1.          1.          1.          1.          1.
  0.67684302  0.44882718  0.11402479  0.00969238  0.10721703] {'loss': [0.050944238901138306, 0.053505394607782364]}  
11.375903129577637 1.3453760147094727 1.425237774848938 [ 0.21218589  1.          1.          1.          1.          1.          1.
  1.          0.53004317  0.02897875  0.02952826  0.13334129] {'loss': [0.069390445947647095, 0.076978079974651337]}  
11.506451606750488 2.235860824584961 1.425237774848938 [ 0.14557793  1.          1.          1.          1.          1.          1.
  1.          1.          0.1271256   0.02025896  0.0914837 ] {'loss': [0.085527725517749786, 0.079977281391620636]}  
11.467682838439941 1.8058005571365356 1.35857093334198 [ 0.16276391  1.          1.          1.          1.          1.          1.
  1.          1.          0.12501943  0.0167647   0.09466751] {'loss': [0.073881193995475769, 0.078408233821392059]}  
11.211577415466309 0.9434814453125 1.2752366065979004 [ 0.22978669  0.33711651  1.          1.          1.          1.          0.9072607
  0.9407046   0.52912823  0.08410914  0.01283233  0.11707426] {'loss': [0.061915844678878784, 0.067066080868244171]}  
11.032723426818848 0.33481651544570923 1.5502369403839111 [ 0.35937968  0.96367309  1.          1.          1.          1.
  0.56265628  0.43619237  0.1550993   0.00995904  0.0810751   0.2606149 ] {'loss': [0.039748679846525192, 0.038275215774774551]}  
10.918683052062988 0.9902021884918213 1.6252363920211792 [ 0.25662199  1.          1.          1.          1.          0.7564039
  0.93913955  0.65416048  0.18644562  0.01004017  0.07888512  0.20668912] {'loss': [0.053364753723144531, 0.056025773286819458]}  
10.952866554260254 1.4564781188964844 1.175235390663147 [ 0.17033204  0.19498915  1.          1.          1.          1.          1.
  1.          1.          0.249232    0.00985526  0.0746733 ] {'loss': [0.073240369558334351, 0.077360831201076508]}  
10.354178428649902 0.6735126376152039 0.6752337217330933 [ 0.11624425  0.25456627  0.28403857  0.60802506  1.          1.
  0.91633918  0.66323627  0.74002233  0.45642953  0.09605056  0.01037974] {'loss': [0.042910143733024597, 0.052118811756372452]}  
9.549076080322266 0.29522329568862915 0.22523340582847595 [ 0.01960026  0.17262097  0.33596626  0.34629088  0.32264306  0.62794938
  0.64724692  0.36123817  0.50621404  0.52177059  0.29120811  0.04508902] {'loss': [0.033786781132221222, 0.034601423889398575]}  
8.721843719482422 0.28827527165412903 -0.274765282869339 [ 0.03770862  0.02393088  0.18325308  0.34428884  0.34600257  0.18668061
  0.34641773  0.34814201  0.26946126  0.50625355  0.50877332  0.27450113] {'loss': [0.033234898000955582, 0.035140387713909149]}  
8.721843719482422 0.28827527165412903 -0.33309876918792725 [ 0.05815576  0.01326336  0.15868001  0.33038354  0.35667009  0.21125343
  0.33242624  0.35887547  0.23332823  0.4858066   0.52445934  0.31063383] {'loss': [0.039884116500616074, 0.039065595716238022]}  
8.721843719482422 0.28827527165412903 -0.33309876918792725 [ 0.05815576  0.01326336  0.15868001  0.33038354  0.35667009  0.21125343
  0.33242624  0.35887547  0.23332823  0.4858066   0.52445934  0.31063383] {'loss': [0.044617757201194763, 0.037249337881803513]}  
8.721843719482422 0.28827527165412903 -0.33309876918792725 [ 0.05815576  0.01326336  0.15868001  0.33038354  0.35667009  0.21125343
  0.33242624  0.35887547  0.23332823  0.4858066   0.52445934  0.31063383] {'loss': [0.034679237753152847, 0.033117908984422684]}  
8.721843719482422 0.28827527165412903 -0.33309876918792725 [ 0.05815576  0.01326336  0.15868001  0.33038354  0.35667009  0.21125343
  0.33242624  0.35887547  0.23332823  0.4858066   0.52445934  0.31063383] {'loss': [0.047131914645433426, 0.035247672349214554]}  
8.721843719482422 0.28827527165412903 -0.33309876918792725 [ 0.05815576  0.01326336  0.15868001  0.33038354  0.35667009  0.21125343
  0.33242624  0.35887547  0.23332823  0.4858066   0.52445934  0.31063383] {'loss': [0.037997633218765259, 0.049338962882757187]}  
8.721843719482422 0.28827527165412903 -0.33309876918792725 [ 0.05815576  0.01326336  0.15868001  0.33038354  0.35667009  0.21125343
  0.33242624  0.35887547  0.23332823  0.4858066   0.52445934  0.31063383] {'loss': [0.028924763202667236, 0.041160844266414642]}  
8.721843719482422 0.28827527165412903 -0.33309876918792725 [ 0.05815576  0.01326336  0.15868001  0.33038354  0.35667009  0.21125343
  0.33242624  0.35887547  0.23332823  0.4858066   0.52445934  0.31063383] {'loss': [0.033284682780504227, 0.032252777367830276]}  
8.721843719482422 0.28827527165412903 -0.33309876918792725 [ 0.05815576  0.01326336  0.15868001  0.33038354  0.35667009  0.21125343
  0.33242624  0.35887547  0.23332823  0.4858066   0.52445934  0.31063383] {'loss': [0.028362341225147247, 0.038934525102376938]}  
8.721843719482422 0.28827527165412903 -0.33309876918792725 [ 0.05815576  0.01326336  0.15868001  0.33038354  0.35667009  0.21125343
  0.33242624  0.35887547  0.23332823  0.4858066   0.52445934  0.31063383] {'loss': [0.03486156091094017, 0.029633289203047752]}  
