1.0 0.0 1.3282753570820205e-05 [ 0.015625    0.11111625  0.06249713  0.01777778  0.25001144  0.75001133
  0.99999976  0.74998847  0.33333842  0.44444444  0.33332823  0.11110601] {'loss': [0.043718039989471436, 0.044391956180334091]}  
1.0 0.0 1.4181614460540004e-05 [ 0.015625    0.11111656  0.06249694  0.01777778  0.25001227  0.75001228
  0.99999976  0.7499877   0.33333879  0.44444444  0.33332786  0.11110566] {'loss': [0.044983569532632828, 0.03744986280798912]}  
1.0 0.0 1.5080475350259803e-05 [ 0.015625    0.11111691  0.06249675  0.01777778  0.25001304  0.75001305
  0.99999976  0.74998692  0.33333911  0.44444444  0.33332753  0.11110532] {'loss': [0.043306618928909302, 0.039134018123149872]}  
1.0 0.0 1.6079120541689917e-05 [ 0.015625    0.11111728  0.06249653  0.01777778  0.2500139   0.75001391
  0.99999976  0.74998611  0.33333952  0.44444444  0.33332714  0.11110494] {'loss': [0.045735884457826614, 0.041977327316999435]}  
0.5678853392601013 0.02632281929254532 -0.14998289942741394 [ 0.01610718  0.06097682  0.11753711  0.01737974  0.09654705  0.43016879
  0.6810943   0.59839806  0.27860015  0.44111286  0.38755444  0.17148318] {'loss': [0.027588771656155586, 0.0251661017537117]}  
0.3903712332248688 -0.022530514746904373 -0.6499820351600647 [ 0.16003343  0.01671087  0.06882212  0.12663841  0.01751313  0.08958434
  0.36937846  0.56757184  0.48597105  0.28670944  0.440546    0.37720801] {'loss': [0.021576939150691032, 0.020854750648140907]}  
1.0023081302642822 -0.8053424954414368 -1.1499803066253662 [ 0.23398377  0.09501174  0.01550819  0.13798768  0.08442125  0.0195498
  0.17117421  0.65671193  0.97986872  0.81748788  0.33195018  0.28046081] {'loss': [0.028181664645671844, 0.025746474042534828]}  
1.3505895137786865 -1.7422541379928589 -1.3583124876022339 [ 0.17287731  0.09822785  0.01364381  0.11239761  0.11469422  0.02058193
  0.06992515  0.66912976  1.          1.          0.7884669   0.1654437 ] {'loss': [0.037793006747961044, 0.045074302703142166]}  
1.3409318923950195 -2.7367477416992188 -1.683311939239502 [ 0.12211642  0.10392677  0.0436481   0.0147842   0.17806931  0.07478714
  0.02605116  0.23310393  0.94460096  1.          1.          0.51519883] {'loss': [0.027591636404395103, 0.027383795008063316]}  
1.2286510467529297 -3.730423927307129 -1.683311939239502 [ 0.08849141  0.07531031  0.0316295   0.22048458  0.18764254  0.02020129
  0.03082579  0.20443029  0.82840755  1.          1.          0.4518252 ] {'loss': [0.039331626147031784, 0.030698703601956367]}  
1.1275982856750488 -4.624741554260254 -1.683311939239502 [ 0.06883011  0.05857761  0.00994659  0.23140258  0.19693442  0.02381594
  0.03634151  0.18291796  0.74123345  1.          0.96259481  0.40427921] {'loss': [0.027187645435333252, 0.029175221920013428]}  
1.026545524597168 -5.5190629959106445 -1.683311939239502 [ 0.05506139  0.0468598   0.01007239  0.24315209  0.2069338   0.02849526
  0.04348183  0.16463085  0.66712913  1.          0.86635967  0.36386178] {'loss': [0.019118074327707291, 0.026486724615097046]}  
0.9142674207687378 -6.512753486633301 -1.683311939239502 [ 0.04410484  0.03753527  0.16861027  0.2572878   0.21896393  0.03551497
  0.05419343  0.1473531   0.59711473  0.9111563   0.7754367   0.32567505] {'loss': [0.025928592309355736, 0.024240495637059212]}  
0.801975667476654 -7.506447792053223 -1.683311939239502 [ 0.03612066  0.03074036  0.17870712  0.27269483  0.01345474  0.04548828
  0.06941204  0.13265734  0.53756419  0.8202862   0.69810206  0.29319519] {'loss': [0.029284583404660225, 0.03420310840010643]}  
0.6896983981132507 -8.500138282775879 -1.683311939239502 [ 0.03012346  0.02563646  0.18973737  0.28952629  0.01489     0.06033823
  0.09207206  0.12005683  0.48650352  0.74237145  0.6317923   0.26534594] {'loss': [0.021381532773375511, 0.021337233483791351]}  
0.46675220131874084 -9.466909408569336 -2.016643524169922 [ 0.11316139  0.02573171  0.1082348   0.27084686  0.01656683  0.0421489
  0.10547354  0.12759954  0.20668971  0.51722086  0.62572207  0.42369245] {'loss': [0.01816244050860405, 0.01165419165045023]}  
-0.15330982208251953 -10.239946365356445 -2.3666434288024902 [ 0.20506335  0.02779112  0.0214271   0.24171372  0.18747128  0.01689632
  0.08661734  0.16213227  0.16250025  0.2033354   0.38060757  0.38147157] {'loss': [0.026102026924490929, 0.032914090901613235]}  
-0.9160873889923096 -10.696819305419922 -2.8166444301605225 [ 0.23671171  0.11365683  0.02060663  0.09566083  0.51058656  0.05066434
  0.02294812  0.12248489  0.20674672  0.1914717   0.15142507  0.25559585] {'loss': [0.037259012460708618, 0.042155954986810684]}  
-1.8965277671813965 -10.87887191772461 -3.0999763011932373 [ 0.16870441  0.11932989  0.0351885   0.02072039  0.80124809  0.23627523
  0.02312058  0.06927466  0.18632938  0.234696    0.16600768  0.13393757] {'loss': [0.053861279040575027, 0.058361288160085678]}  
-2.868025541305542 -10.673714637756348 2.783209800720215 [ 0.10296562  0.11423521  0.06997506  0.01871359  1.          0.83344565
  0.17205368  0.02630608  0.08704762  0.18894759  0.20962784  0.12840815] {'loss': [0.074738949537277222, 0.077785797417163849]}  
-3.7263636589050293 -10.416058540344238 3.0165438652038574 [ 0.08770591  0.07636579  0.03330239  1.          1.          0.73752715
  0.03497031  0.02761979  0.11968476  0.18750586  0.1632619   0.07119697] {'loss': [0.071362905204296112, 0.076143570244312286]}  
-4.622926235198975 -10.426921844482422 -3.008307456970215 [ 0.06821049  0.04354406  1.          1.          1.          0.28706062
  0.0362586   0.07111639  0.16310522  0.18734567  0.11959728  0.05938479] {'loss': [0.11106506735086441, 0.088572591543197632]}  
-5.597769260406494 -10.645648956298828 -2.8833069801330566 [ 0.0509624   0.74483514  1.          1.          0.75537778  0.10314729
  0.04200738  0.10413007  0.19531387  0.19605088  0.10560396  0.05077083] {'loss': [0.09933578222990036, 0.09148900955915451]}  
-6.467912197113037 -10.875537872314453 -2.8833069801330566 [ 0.04199647  0.5723354   1.          1.          0.58043632  0.07925889
  0.05097699  0.1160237   0.21762258  0.21844366  0.11766604  0.0418386 ] {'loss': [0.081687480211257935, 0.063675694167613983]}  
-7.33805513381958 -11.105426788330078 -2.8833069801330566 [ 0.03520414  0.45349425  0.85060648  0.85381653  0.45991348  0.06292165
  0.06315905  0.13007797  0.24398356  0.24490411  0.13191911  0.03507181] {'loss': [0.060157362371683121, 0.061971154063940048]}  
-8.20820426940918 -11.335315704345703 -2.8833069801330566 [ 0.02993565  0.36816221  0.69055213  0.69315756  0.3733736   0.07999131
  0.08029313  0.1468493   0.27544126  0.27648056  0.148928    0.02982311] {'loss': [0.044027749449014664, 0.04716554656624794]}  
-9.078372955322266 -11.565204620361328 -2.8833069801330566 [ 0.02576697  0.30483046  0.57176187  0.57391932  0.30914552  0.10508174
  0.10547826  0.16708655  0.31339967  0.31458219  0.16945176  0.02567012] {'loss': [0.034144781529903412, 0.033155281096696854]}  
-10.04522705078125 -11.820636749267578 -2.8833069801330566 [ 0.02208029  0.2518922   0.47246703  0.47424976  0.25545773  0.14977694
  0.15034209  0.19489663  0.36556237  0.36694173  0.19765555  0.02698993] {'loss': [0.027044294402003288, 0.023722901940345764]}  
-9.584555625915527 -11.748324394226074 -3.108306407928467 [ 0.02508047  0.15173264  0.4152826   0.52801433  0.37719759  0.11364776
  0.13784734  0.10863526  0.29732768  0.37803995  0.27006025  0.08136784] {'loss': [0.023843845352530479, 0.01274226326495409]}  
-10.050731658935547 -11.540982246398926 2.674879789352417 [ 0.06631927  0.0234925   0.18774971  0.48951181  0.60611036  0.4209463
  0.12975422  0.16066082  0.11157961  0.27238613  0.33726672  0.23423304] {'loss': [0.027517644688487053, 0.027253815904259682]}  
-10.715270042419434 -11.002874374389648 2.2248804569244385 [ 0.15565975  0.03527366  0.02085716  0.37717056  0.85664398  0.97803951
  0.6199607   0.18718062  0.2137061   0.13546434  0.21508604  0.24556599] {'loss': [0.05144670233130455, 0.050203222781419754]}  
-10.424456596374512 -11.723529815673828 1.774878978729248 [ 0.34563615  0.19868994  0.03391025  0.02118732  0.25202139  0.50675848
  0.53432798  0.30715984  0.173673    0.18312137  0.16302287  0.32780255] {'loss': [0.038146212697029114, 0.030360309407114983]}  
-10.344145774841309 -11.227890014648438 1.3248779773712158 [ 0.27250925  0.26552655  0.13726194  0.02119388  0.0206508   0.4046415
  0.72915618  0.71047198  0.36727324  0.17490517  0.17042336  0.15122761] {'loss': [0.032013777643442154, 0.032156035304069519]}  
-9.869619369506836 -10.363443374633789 0.8248761892318726 [ 0.10354968  0.18052413  0.17149914  0.08549979  0.02298104  0.18941334
  1.          1.          1.          0.92276484  0.14640011  0.13908116] {'loss': [0.066384531557559967, 0.047507937997579575]}  
-9.036836624145508 -9.835782051086426 0.3248748183250427 [ 0.10152555  0.08619893  0.14551261  0.13477241  0.06471844  0.02648033
  0.5898518   1.          1.          1.          1.          0.19746114] {'loss': [0.050835594534873962, 0.062073457986116409]}  
-8.148491859436035 -9.757905960083008 -0.1251244693994522 [ 0.09612853  0.07256809  0.09337214  0.14324513  0.12248142  0.05184478
  0.03155848  1.          1.          1.          1.          1.        ] {'loss': [0.081230126321315765, 0.063135825097560883]}  
-7.166156768798828 -9.945636749267578 -0.1917906552553177 [ 0.16585593  0.05875266  0.08887883  0.1503201   0.13943521  0.06710907
  0.03705794  0.48438064  1.          1.          1.          1.        ] {'loss': [0.038873646408319473, 0.073624260723590851]}  
-6.282649993896484 -10.117177963256836 -0.1917906552553177 [ 0.11846164  0.04740664  0.09522083  0.16104629  0.14938471  0.07189766
  0.04442075  0.34596603  1.          1.          1.          1.        ] {'loss': [0.051611494272947311, 0.030673259869217873]}  
-5.300975799560547 -10.307779312133789 -0.1917906552553177 [ 0.08623136  0.03826669  0.10309751  0.17436806  0.16174187  0.07784507
  0.05550227  0.05148326  1.          1.          1.          1.        ] {'loss': [0.036334235221147537, 0.049795985221862793]}  
-4.419144153594971 -10.488260269165039 -0.275123655796051 [ 0.12784313  0.03362765  0.09668829  0.18175035  0.18272519  0.09863795
  0.06703705  0.06739661  0.0363818   1.          1.          0.92885804] {'loss': [0.051096305251121521, 0.066191233694553375]}  
-3.5931015014648438 -10.841052055358887 -0.30845707654953003 [ 0.11643603  0.02960974  0.10218936  0.2072981   0.21989734  0.12738776
  0.08229598  0.08729782  0.0505721   1.          1.          0.66576078] {'loss': [0.036833707243204117, 0.040928877890110016]}  
-2.703477144241333 -10.90432357788086 0.14154422283172607 [ 0.0261277   0.08920938  0.20462813  0.2350587   0.15007046  0.10395036
  0.11940902  0.0762352   0.01767581  1.          0.68668354  0.15855684] {'loss': [0.030550479888916016, 0.02582591213285923]}  
-1.8716583251953125 -10.57408618927002 0.5915446877479553 [ 0.06271685  0.16538118  0.20606249  0.1440796   0.13326504  0.16604624
  0.11610012  0.03337271  0.0215433   1.          0.31215523  0.02322383] {'loss': [0.019943738356232643, 0.02943442203104496]}  
-1.2376651763916016 -9.937116622924805 0.8665446639060974 [ 0.09201231  0.15331166  0.14051228  0.12806012  0.2133748   0.19556103
  0.09243257  0.02299213  0.14926025  0.76666472  0.13577338  0.01879001] {'loss': [0.025337217375636101, 0.035789418965578079]}  
-0.822856605052948 -9.143523216247559 1.3082094192504883 [ 0.11007889  0.11116033  0.13374109  0.2529391   0.25542399  0.13871077
  0.0249833   0.02522873  0.41761255  0.78981336  0.01868068  0.05820406] {'loss': [0.028578199446201324, 0.040258321911096573]}  
-0.6175210475921631 -8.267169952392578 1.3415422439575195 [ 0.0849065   0.08199477  0.16209094  0.28866408  0.27876489  0.14229249
  0.02962488  0.02860895  0.37766421  0.67257376  0.01772831  0.04767678] {'loss': [0.031513456255197525, 0.023934712633490562]}  
-0.44470474123954773 -7.384757995605469 1.4748742580413818 [ 0.06924459  0.05788158  0.223032    0.33338745  0.27859229  0.11344182
  0.03640091  0.0304181   0.40707999  0.60850137  0.50848886  0.04632377] {'loss': [0.020748330280184746, 0.016784431412816048]}  
-0.3585076630115509 -6.4888916015625 1.4748742580413818 [ 0.05535792  0.06088796  0.23461628  0.35070342  0.29306216  0.11933389
  0.0435595   0.03640011  0.38091469  0.56938955  0.47580552  0.03703377] {'loss': [0.02336496114730835, 0.011070407927036285]}  
-0.2723105847835541 -5.593025207519531 1.4748742580413818 [ 0.04526533  0.06413473  0.24712687  0.36940422  0.30868939  0.12569725
  0.05305782  0.0443373   0.35719342  0.5339311   0.44617487  0.03028194] {'loss': [0.02048649825155735, 0.018518762663006783]}  
-0.1861128956079483 -4.6971588134765625 1.4748742580413818 [ 0.03770074  0.06764834  0.26066564  0.38964185  0.32560079  0.13258346
  0.06603871  0.05518468  0.01208719  0.50168435  0.41922814  0.17070823] {'loss': [0.035656392574310303, 0.022534219548106194]}  
-0.09991513192653656 -3.8012924194335938 1.4748742580413818 [ 0.03188533  0.07145879  0.27534827  0.41158948  0.34394097  0.14005155
  0.0844388   0.07056053  0.01194771  0.47227304  0.39465089  0.16070041] {'loss': [0.027721310034394264, 0.030086694285273552]}  
-0.03256988152861595 -2.9044227600097656 1.6082078218460083 [ 0.0275445   0.11995567  0.33722127  0.43489908  0.31531132  0.09804579
  0.11272458  0.08172778  0.01383122  0.45353152  0.32882027  0.10224638] {'loss': [0.033634856343269348, 0.020941860973834991]}  
-0.26766353845596313 -2.0455057621002197 2.058206081390381 [ 0.08035974  0.2687065   0.37744264  0.29783207  0.10970962  0.15410524
  0.12160123  0.04470153  0.01835451  0.41719708  0.15336485  0.02395108] {'loss': [0.029821237549185753, 0.02974219061434269]}  
-0.7824411392211914 -1.3116071224212646 2.316540002822876 [ 0.12791523  0.25664849  0.27020553  0.15502933  0.19188955  0.2020258
  0.11591149  0.01789258  0.06601623  0.43676505  0.074084    0.02049659] {'loss': [0.032642673701047897, 0.036154530942440033]}  
-1.4709851741790771 -0.7349802255630493 2.4665403366088867 [ 0.12338532  0.19784428  0.17568536  0.17186476  0.27557937  0.24471402
  0.11013391  0.02127445  0.10598998  0.48856426  0.01929388  0.02676742] {'loss': [0.026139022782444954, 0.035067237913608551]}  
-2.2117068767547607 -0.23355914652347565 2.724874258041382 [ 0.12366269  0.14755737  0.12831836  0.31356847  0.37415767  0.24949655
  0.02020338  0.02410718  0.18013752  0.44019789  0.01821692  0.05060519] {'loss': [0.02375965379178524, 0.033561360090970993]}  
-3.086933135986328 -0.048156917095184326 3.0248751640319824 [ 0.10766389  0.09205034  0.27578817  0.42305602  0.36170397  0.15308385
  0.02764856  0.07218122  0.29637148  0.45463054  0.01709368  0.07018558] {'loss': [0.022072464227676392, 0.026657022535800934]}  
-3.9808053970336914 0.056649476289749146 3.0248751640319824 [ 0.08174254  0.07202699  0.29573815  0.45365906  0.38786887  0.16415766
  0.03230166  0.06730706  0.27635839  0.42393077  0.0148924   0.05328758] {'loss': [0.034227408468723297, 0.041559699922800064]}  
-4.876621246337891 0.08373021334409714 -2.991642951965332 [ 0.0637214   0.18010416  0.40706156  0.46333274  0.29264635  0.03338966
  0.03800535  0.15947692  0.36044087  0.41026723  0.02476945  0.05598255] {'loss': [0.021868906915187836, 0.025854766368865967]}  
-5.756351470947266 -0.10684525221586227 -2.9249746799468994 [ 0.05013131  0.18981358  0.37917896  0.39800678  0.22746912  0.04224092
  0.04433836  0.21577114  0.43103259  0.45243517  0.25857619  0.04775982] {'loss': [0.018755955621600151, 0.013599246740341187]}  
-6.635412693023682 -0.29946476221084595 -2.941641330718994 [ 0.04152294  0.16508127  0.33410069  0.35384474  0.02533346  0.05127126
  0.05430118  0.24315236  0.49210529  0.52118684  0.30131524  0.03920603] {'loss': [0.01468771044164896, 0.019056718796491623]}  
-7.527459621429443 -0.2659635841846466 2.891545057296753 [ 0.03423415  0.03350494  0.19356328  0.3508554   0.34338211  0.03693544
  0.06694968  0.06552364  0.2808412   0.50905625  0.49821333  0.25915519] {'loss': [0.012081547640264034, 0.0098111946135759354]}  
-8.319361686706543 0.15210354328155518 2.4415462017059326 [ 0.16719695  0.03048238  0.05841329  0.28602099  0.46871609  0.01587706
  0.05275452  0.08645136  0.07816756  0.24374548  0.39943712  0.36116297] {'loss': [0.034270342439413071, 0.023317338898777962]}  
-8.864591598510742 0.8646602630615234 2.099879264831543 [ 0.20412053  0.02150706  0.02849534  0.21472475  0.63611802  0.84281177
  0.02692358  0.07976061  0.10567722  0.07875679  0.20672217  0.27389238] {'loss': [0.032486725598573685, 0.052369322627782822]}  
-9.318852424621582 1.641603946685791 2.099879264831543 [ 0.14097192  0.01994806  0.02642978  0.51877011  1.          0.02227082
  0.03138758  0.0929851   0.12319874  0.09181489  0.14276868  0.18915848] {'loss': [0.058928828686475754, 0.048486638814210892]}  
-9.691874504089355 2.5630955696105957 1.7248783111572266 [ 0.12813524  0.07877839  0.02174885  0.44224581  1.          1.
  0.02498532  0.05685312  0.12399006  0.13797857  0.08483014  0.11514468] {'loss': [0.060893569141626358, 0.058585375547409058]}  
-9.723138809204102 3.562098503112793 1.5832120180130005 [ 0.09430846  0.06972089  1.          1.          1.          1.
  0.03030483  0.03746238  0.10925451  0.14360633  0.10616609  0.07174908] {'loss': [0.10520681738853455, 0.085682027041912079]}  
-9.73431396484375 4.462033271789551 1.5832120180130005 [ 0.07279775  1.          1.          1.          1.          1.
  0.03567533  0.03762156  0.1097187   0.14421647  0.10661715  0.05538392] {'loss': [0.10998169332742691, 0.12970156967639923]}  
-9.74673080444336 5.461960792541504 1.5832120180130005 [ 0.05651948  1.          1.          1.          1.          1.
  0.04350446  0.03779959  0.11023792  0.14489897  0.1071217   0.04299954] {'loss': [0.10647917538881302, 0.10205265134572983]}  
-9.759150505065918 6.461888313293457 1.5832120180130005 [ 0.04514806  1.          1.          1.          1.          1.
  0.05422481  0.04008761  0.110761    0.14558649  0.10762998  0.03484797] {'loss': [0.10496921092271805, 0.10810878872871399]}  
-9.771576881408691 7.461828231811523 1.5832120180130005 [ 0.03689255  1.          1.          1.          1.          1.          0.0694575
  0.05134893  0.11128806  0.14627929  0.10814215  0.0350138 ] {'loss': [0.12139412015676498, 0.11499469727277756]}  
-9.7839937210083 8.461755752563477 1.5832120180130005 [ 0.03071057  1.          1.          1.          1.          0.0701003
  0.09214126  0.06811868  0.1118185   0.1469765   0.1086576   0.03518069] {'loss': [0.095218472182750702, 0.091220520436763763]}  
-9.683445930480957 9.449448585510254 1.2498778104782104 [ 0.0235468   0.36452096  1.          1.          0.02373513  0.0573499
  0.11557135  0.12204263  0.07029239  0.1286332   0.1358359   0.07823682] {'loss': [0.054323121905326843, 0.057372722774744034]}  
-9.21691608428955 10.20630931854248 0.7998759150505066 [ 0.05753324  0.02176778  1.          1.          0.16361627  0.02459401
  0.08965707  0.16188306  0.15797252  0.08183586  0.11380903  0.11105977] {'loss': [0.060788687318563461, 0.041012410074472427]}  
-8.466691970825195 10.684864044189453 0.39154139161109924 [ 0.08082509  0.03516434  1.          1.          0.53582786  0.02973426
  0.03100892  0.13378269  0.2092392   0.18192207  0.07914831  0.09296166] {'loss': [0.05047626793384552, 0.057638451457023621]}  
-7.633732795715332 11.024682998657227 0.34154143929481506 [ 0.06561248  0.03065968  0.96246868  0.87553946  0.40912593  0.03411593
  0.0310346   0.14748992  0.24349588  0.22150348  0.10350527  0.07212692] {'loss': [0.031939826905727386, 0.039285369217395782]}  
-6.7467041015625 11.143735885620117 0.041542116552591324 [ 0.05909727  0.04222115  0.68465125  0.87058133  0.62197353  0.18743485
  0.04174763  0.07706096  0.21094473  0.26823104  0.19163356  0.0577497 ] {'loss': [0.039262499660253525, 0.033116091042757034]}  
-5.847490310668945 11.181123733520508 0.04154292121529579 [ 0.04801714  0.03430507  0.66135896  0.84096288  0.60081318  0.18105796
  0.05062984  0.07857661  0.21509325  0.27350595  0.195402    0.05888535] {'loss': [0.024817423895001411, 0.022984756156802177]}  
-4.948276519775391 11.218511581420898 0.04154390096664429 [ 0.03978431  0.23352198  0.63923562  0.81283203  0.58071367  0.17500046
  0.06268049  0.08013733  0.21936542  0.27893801  0.19928249  0.0600546 ] {'loss': [0.023923879489302635, 0.017648527398705482]}  
-4.049062728881836 11.255899429321289 0.04154480993747711 [ 0.03350065  0.22583931  0.61820387  0.78608741  0.56160648  0.16924188
  0.07960737  0.08174513  0.22376613  0.28453353  0.20327998  0.06125908] {'loss': [0.026289122179150581, 0.026467904448509216]}  
-3.149836540222168 11.29328727722168 0.04154561832547188 [ 0.02859606  0.21852947  0.59819315  0.76064201  0.54342669  0.16376283
  0.10444603  0.08340187  0.22830055  0.29029927  0.20739891  0.06250014] {'loss': [0.014627642929553986, 0.0099264867603778839]}  
-2.2538740634918213 11.37820053100586 0.09988013654947281 [ 0.02450343  0.2421076   0.59015038  0.70314764  0.46810175  0.12005851
  0.14167551  0.10366647  0.25269261  0.30107613  0.20043341  0.05140705] {'loss': [0.015285439789295197, 0.0089401556178927422]}  
-1.358359932899475 11.467962265014648 0.09988094121217728 [ 0.02138461  0.22478244  0.54791938  0.65282982  0.43460368  0.17234788
  0.20534731  0.13670443  0.26568112  0.31655125  0.21073515  0.05404912] {'loss': [0.0064333691261708736, 0.0083776703104376793]}  
-0.46284571290016174 11.557723999023438 0.09988224506378174 [ 0.01882544  0.20925352  0.51006445  0.60772601  0.40457611  0.27195148
  0.32402159  0.21570805  0.27969743  0.33325085  0.22185215  0.0569002 ] {'loss': [0.010149274952709675, 0.012533392757177353]}  
0.4326733350753784 11.647492408752441 0.0998830497264862 [ 0.01669961  0.19527807  0.4759991   0.5671376   0.37755529  0.49150299
  0.58560966  0.38985273  0.29485405  0.3513091   0.23387367  0.05998324] {'loss': [0.01678791269659996, 0.017685838043689728]}  
1.3109779357910156 11.827645301818848 0.3915503919124603 [ 0.0708951   0.31451572  0.49716903  0.43620184  0.83871077  1.          1.
  0.513552    0.38503579  0.33781935  0.14914586  0.01479647] {'loss': [0.060531124472618103, 0.066205687820911407]}  
1.4448827505111694 11.792891502380371 0.8415493369102478 [ 0.27353433  0.47686387  0.45302054  0.93253567  1.          1.
  0.76996343  0.38014574  0.36113856  0.18004142  0.01795168  0.04636195] {'loss': [0.068222172558307648, 0.054526310414075851]}  
1.1610558032989502 11.446484565734863 1.2498801946640015 [ 0.62584923  0.66683985  0.51573854  1.          1.          0.65368161
  0.27778354  0.29597741  0.17243223  0.03069348  0.01471369  0.30651029] {'loss': [0.057654324918985367, 0.049248781055212021]}  
1.4168142080307007 12.30881404876709 1.4165452718734741 [ 0.36664996  0.32953859  0.94891554  1.          1.          0.63640077
  0.51860933  0.46611701  0.21378939  0.01446204  0.0469767   0.22536905] {'loss': [0.043985169380903244, 0.042518522590398788]}  
1.5085593461990356 12.36683464050293 1.866544246673584 [ 0.31548849  0.93313481  1.          1.          0.84222235  0.56567965
  0.55035706  0.28390064  0.03276701  0.01351341  0.18031122  0.32427208] {'loss': [0.06070258840918541, 0.071264356374740601]}  
1.9557890892028809 11.598309516906738 2.316542148590088 [ 1.          1.          1.          1.          0.32669171  0.33735882
  0.19355763  0.03283103  0.01332204  0.26044093  0.5225458   0.55014689] {'loss': [0.087593682110309601, 0.079781390726566315]}  
1.7783255577087402 11.621747970581055 2.766542434692383 [ 1.          1.          1.          0.39475913  0.33994843  0.21510178
  0.0485136   0.01388017  0.22402948  0.50758152  0.57863024  1.        ] {'loss': [0.084623880684375763, 0.089497387409210205]}  
0.8998336791992188 11.804240226745605 2.9832096099853516 [ 0.912712    0.81660301  0.37188914  0.38004156  0.34002315  0.15484998
  0.0153652   0.06524978  0.30829224  0.49880995  0.44628524  0.56410648] {'loss': [0.039324264973402023, 0.045929983258247375]}  
0.011098936200141907 11.94616985321045 2.9832096099853516 [ 0.44639094  0.39938588  0.2571685   0.41609283  0.37227822  0.16953928
  0.01723425  0.05909843  0.27922843  0.45178519  0.40421217  0.27589439] {'loss': [0.02251451276242733, 0.01773957721889019]}  
-0.8776358366012573 12.088099479675293 2.9832096099853516 [ 0.26387024  0.23608467  0.28277787  0.45752823  0.40935045  0.18642239
  0.01946627  0.05377764  0.2540887   0.41110959  0.36781974  0.16750896] {'loss': [0.018690494820475578, 0.017448963597416878]}  
-1.7663604021072388 12.230042457580566 2.9832096099853516 [ 0.17408657  0.15575521  0.31241523  0.50548067  0.45225352  0.20596089
  0.02216172  0.01982808  0.23219543  0.37568708  0.33612718  0.15307569] {'loss': [0.020240336656570435, 0.023893067613244057]}  
-2.660468816757202 12.315637588500977 3.1165435314178467 [ 0.1262441   0.1267958   0.40374308  0.55424205  0.42779452  0.1508473
  0.02611246  0.08325049  0.26508625  0.3638997   0.28087764  0.09904202] {'loss': [0.030719034373760223, 0.023827932775020599]}  
-3.6601531505584717 12.340700149536133 3.116544485092163 [ 0.09102817  0.12919633  0.41138596  0.56473364  0.43589187  0.15370219
  0.0309047   0.0238539   0.26112226  0.35845807  0.2766773   0.09756067] {'loss': [0.03006439097225666, 0.026883507147431374]}  
-4.659846782684326 12.365762710571289 3.1165449619293213 [ 0.06872809  0.13166536  0.41924777  0.57552556  0.44422121  0.15663932
  0.03714829  0.02867304  0.25724687  0.3531378   0.27257032  0.09611254] {'loss': [0.032712254673242569, 0.029283590614795685]}  
-5.659545421600342 12.390825271606445 3.1165456771850586 [ 0.05372126  0.13420618  0.42733697  0.58662936  0.45279184  0.15966095
  0.04549443  0.03511499  0.25345692  0.3479347   0.26855433  0.0946962 ] {'loss': [0.024594575166702271, 0.03610379621386528]}  
-6.559274196624756 12.413381576538086 3.116546392440796 [ 0.04405252  0.13655599  0.43481904  0.59690071  0.46071921  0.16245624
  0.05566799  0.04296748  0.25011711  0.34334979  0.26501546  0.09344825] {'loss': [0.025567622855305672, 0.030202748253941536]}  
-7.5589728355407715 12.438444137573242 3.116547107696533 [ 0.03608193  0.13924039  0.4433657   0.60863238  0.46977423  0.16564883
  0.0715551   0.05522993  0.01947484  0.33836093  0.26116452  0.09209009] {'loss': [0.037913333624601364, 0.027567006647586823]}  
-8.558670997619629 12.463506698608398 3.1165475845336914 [ 0.03009397  0.14200473  0.45216661  0.62071336  0.47909807  0.1689362
  0.09535745  0.07360173  0.02595292  0.33348001  0.25739681  0.0907614 ] {'loss': [0.028642846271395683, 0.02737748809158802]}  
-9.557051658630371 12.450298309326172 -2.9833035469055176 [ 0.02493236  0.24088856  0.53662786  0.60529569  0.37822483  0.11562562
  0.13042129  0.081495    0.01777294  0.32499432  0.20433594  0.04456286] {'loss': [0.018357841297984123, 0.023264475166797638]}  
-10.53426456451416 12.237419128417969 -2.9249701499938965 [ 0.02440164  0.24027962  0.47998804  0.5038189   0.28794107  0.17963057
  0.18854901  0.10775894  0.01805049  0.0819392   0.20666738  0.03461845] {'loss': [0.035982679575681686, 0.033387653529644012]}  
-11.510903358459473 12.022499084472656 -2.9249701499938965 [ 0.02099425  0.20672748  0.41296367  0.43346703  0.24773361  0.29307749
  0.30762843  0.17581483  0.0294504   0.0168816   0.23699169  0.03969802] {'loss': [0.032083474099636078, 0.024806173518300056]}  
-12.487542152404785 11.807579040527344 -2.9249701499938965 [ 0.01825375  0.17974223  0.35905716  0.37688386  0.28091928  0.56117117
  0.58903259  0.33664207  0.05639026  0.01737484  0.15242936  0.04598347] {'loss': [0.033788476139307022, 0.036384735256433487]}  
-13.464180946350098 11.592658996582031 -2.9249701499938965 [ 0.01601682  0.15771538  0.31505612  0.33069806  0.73971176  1.          1.
  0.88643957  0.14848575  0.01789003  0.09264783  0.05388901] {'loss': [0.060380812734365463, 0.061190012842416763]}  
-13.96591854095459 11.42004680633545 -2.4416375160217285 [ 0.12695688  0.27428246  0.30337954  1.          1.          1.          1.
  0.45334984  0.01869854  0.06597992  0.08277432  0.01350785] {'loss': [0.06332937628030777, 0.061010640114545822]}  
-13.997406959533691 11.327315330505371 -1.9416388273239136 [ 0.26253517  0.29791594  1.          1.          1.          1.
  0.53218822  0.01895918  0.06175695  0.09725176  0.01357777  0.11672787] {'loss': [0.058004353195428848, 0.055594887584447861]}  
-14.105831146240234 11.472734451293945 -1.4416358470916748 [ 0.30810817  1.          1.          1.          1.          0.76155103
  0.01894889  0.05546338  0.10466553  0.01347804  0.11283168  0.26461473] {'loss': [0.055801782757043839, 0.060796361416578293]}  
-13.835078239440918 11.014593124389648 -0.9416317343711853 [ 1.          1.          1.          1.          0.52145659  0.02005787
  0.05743435  0.14069937  0.01394799  0.08697319  0.21306186  0.25459957] {'loss': [0.071844153106212616, 0.068446405231952667]}  
-13.188658714294434 10.253294944763184 -0.808298647403717 [ 0.58626971  1.          1.          0.66434082  0.10434928  0.02146601
  0.10571702  0.20073316  0.01442496  0.08450685  0.16522587  0.17085268] {'loss': [0.054013848304748535, 0.058599323034286499]}  
-12.370269775390625 9.688976287841797 -0.5332986116409302 [ 0.43844211  0.59119294  0.44837531  0.15280666  0.02474159  0.0836655
  0.25674765  0.01686691  0.03459813  0.1061727   0.14316273  0.14287368] {'loss': [0.042696896940469742, 0.042425110936164856]}  
-11.442339897155762 9.333429336547852 -0.27496445178985596 [ 0.29808616  0.30232239  0.16514102  0.02430409  0.02464949  0.31805031
  0.60513918  0.01793612  0.06093768  0.11594323  0.11759095  0.15666875] {'loss': [0.049051698297262192, 0.048421766608953476]}  
-11.074244499206543 9.23108196258545 -0.6332974433898926 [ 0.170702    0.25688783  0.21595875  0.0888435   0.02646429  0.15612813
  0.61145598  0.76703824  0.02018423  0.07904898  0.11896009  0.10000658] {'loss': [0.056738842278718948, 0.060063984245061874]}  
-10.541093826293945 8.520635604858398 -1.1332948207855225 [ 0.07865791  0.13766812  0.20125854  0.16483065  0.06481233  0.02972147
  0.30745996  1.          1.          0.01796669  0.06569585  0.09604147] {'loss': [0.059121821075677872, 0.063755154609680176]}  
-10.360678672790527 7.546130657196045 -1.6332951784133911 [ 0.07275387  0.05803499  0.13030152  0.18514522  0.14768837  0.05538784
  0.0355221   0.44340383  1.          1.          1.          0.05120277] {'loss': [0.064247317612171173, 0.077081672847270966]}  
-10.668844223022461 6.608316898345947 -2.1332929134368896 [ 0.04148941  0.05732512  0.04737976  0.15293413  0.21130626  0.16412398
  0.0585696   0.04290861  0.32865725  1.          1.          1.        ] {'loss': [0.10515094548463821, 0.094023250043392181]}  
-11.390141487121582 5.936801433563232 -2.633294105529785 [ 0.54245228  0.03642266  0.04895661  0.07370412  0.2247279   0.30206224
  0.22837281  0.07734908  0.04980958  0.0376583   0.53379428  0.71748568] {'loss': [0.057688474655151367, 0.049413379281759262]}  
-12.347721099853516 5.689754962921143 -3.066627264022827 [ 0.36206436  0.24850874  0.03749523  0.0459245   0.17608593  0.4502904
  0.55151943  0.37854431  0.10434041  0.05262932  0.03612301  0.29560899] {'loss': [0.046169891953468323, 0.042034205049276352]}  
-13.24511432647705 5.620960712432861 -3.0416269302368164 [ 0.22358631  0.15036892  0.03754181  0.04513921  0.41674118  1.          1.
  0.83436132  0.21928565  0.05330825  0.03585151  0.18595443] {'loss': [0.067513413727283478, 0.072239227592945099]}  
-13.929543495178223 5.423505783081055 -2.5916268825531006 [ 0.12085789  0.03338601  0.04360193  0.92776715  1.          1.          1.
  0.81875708  0.05635507  0.04139066  0.01068285  0.16455295] {'loss': [0.085381694138050079, 0.083669126033782959]}  
-13.929543495178223 5.423505783081055 -2.141627550125122 [ 0.03055026  0.04348158  0.71044189  1.          1.          1.          1.
  0.05619952  0.04490029  0.00977546  0.16409864  0.13110566] {'loss': [0.079793676733970642, 0.077253364026546478]}  
-14.061100959777832 4.891718864440918 -1.691625952720642 [ 0.03887902  0.66420027  1.          1.          1.          1.
  0.07461835  0.05405989  0.02339888  0.15382184  0.13331765  0.02494996] {'loss': [0.07028546929359436, 0.049272149801254272]}  
-14.094985008239746 3.9924418926239014 -1.5999596118927002 [ 0.03328598  1.          1.          1.          1.          1.          0.0805836
  0.06249064  0.0099154   0.15401769  0.11943701  0.02413066] {'loss': [0.068778902292251587, 0.062674529850482941]}  
-14.121244430541992 3.09281849861145 -1.5999596118927002 [ 0.02842667  1.          1.          1.          1.          1.
  0.10591521  0.08213468  0.02922214  0.01363544  0.11821511  0.0206079 ] {'loss': [0.075499400496482849, 0.065838448703289032]}  
-14.150426864624023 2.0932486057281494 -1.5999596118927002 [ 0.02417835  1.          1.          1.          1.          1.
  0.15108421  0.1171622   0.04168436  0.01358908  0.11687904  0.01752808] {'loss': [0.057695049792528152, 0.069668419659137726]}  
-14.176691055297852 1.1936298608779907 -1.5999596118927002 [ 0.0211194   1.          1.          1.          1.          1.
  0.22193198  0.17210292  0.06123134  0.01354755  0.11569583  0.0153105 ] {'loss': [0.075582817196846008, 0.072213791310787201]}  
-14.138920783996582 0.19724205136299133 -1.424959659576416 [ 0.1152193   1.          1.          1.          1.          0.74225576
  0.37145223  0.23334326  0.05162403  0.01332226  0.09296521  0.0158772 ] {'loss': [0.048823658376932144, 0.057305306196212769]}  
-14.0081148147583 -0.6932041645050049 -1.424959659576416 [ 0.08670434  1.          1.          1.          1.          0.62244854
  0.70524834  0.44303126  0.09801467  0.0135279   0.09788007  0.01412118] {'loss': [0.064033083617687225, 0.057814281433820724]}  
-13.864890098571777 -1.5809530019760132 -1.3166252374649048 [ 0.18657284  1.          1.          1.          1.          1.          1.
  0.95841836  0.13966411  0.0132176   0.08690764  0.01353422] {'loss': [0.096875585615634918, 0.095771573483943939]}  
-13.678367614746094 -2.027362823486328 -0.8166241645812988 [ 1.          1.          1.          1.          1.          1.          1.
  0.37251053  0.01368119  0.07287726  0.01258091  0.11125546] {'loss': [0.10072147101163864, 0.095306523144245148]}  
-13.341706275939941 -2.1763970851898193 -0.31662383675575256 [ 1.          1.          1.          1.          1.          1.          0.5789901
  0.01433953  0.06563155  0.01219811  0.05886921  0.66062861] {'loss': [0.088864870369434357, 0.085399948060512543]}  
-12.353747367858887 -2.3094727993011475 -0.04995610564947128 [ 0.58386877  1.          1.          1.          1.          1.
  0.01683736  0.02859411  0.09912472  0.01330887  0.11795112  0.40889145] {'loss': [0.070275880396366119, 0.062754504382610321]}  
-11.356058120727539 -2.247124671936035 0.07504480332136154 [ 0.30509034  1.          1.          1.          1.          1.
  0.01921023  0.04607015  0.11779284  0.01336564  0.0974314   0.2491143 ] {'loss': [0.065200872719287872, 0.057933777570724487]}  
-10.358877182006836 -2.172151565551758 0.07504570484161377 [ 0.18733065  1.          1.          1.          1.          1.
  0.02217754  0.04741457  0.12123012  0.01348257  0.05982475  0.15296053] {'loss': [0.067690245807170868, 0.063330218195915222]}  
-9.361696243286133 -2.0971784591674805 0.07504680752754211 [ 0.1266049   1.          1.          1.          1.          0.93061716
  0.02588948  0.04881877  0.12482006  0.01360105  0.04043187  0.10337646] {'loss': [0.071832664310932159, 0.064554423093795776]}  
-8.36451530456543 -2.022205352783203 0.07504770904779434 [ 0.09124905  1.          1.          1.          1.          0.79286776
  0.03061774  0.05028625  0.12857191  0.15746158  0.02914091  0.07450748] {'loss': [0.062812037765979767, 0.062204796820878983]}  
-7.367334365844727 -1.947227120399475 0.07504860311746597 [ 0.06887316  1.          1.          1.          1.          0.68357629
  0.03677028  0.05182099  0.13249574  0.1622669   0.02199509  0.05623697] {'loss': [0.068154491484165192, 0.04926178976893425]}  
-6.370153427124023 -1.8722468614578247 0.07505006343126297 [ 0.05382169  1.          1.          1.          1.          0.5954149
  0.04498238  0.05342717  0.13660215  0.16729571  0.01718838  0.04394708] {'loss': [0.053538769483566284, 0.051383901387453079]}  
-5.37297248840332 -1.7972666025161743 0.07505105435848236 [ 0.04321467  0.8836157   1.          1.          1.          0.04596042
  0.05628736  0.05510923  0.1409024   0.17256205  0.11842848  0.03528615] {'loss': [0.056118592619895935, 0.049993056803941727]}  
-4.4755096435546875 -1.729784369468689 0.07505185902118683 [ 0.0361374   0.79196131  1.          1.          1.          0.05760361
  0.0705466   0.05669185  0.14494863  0.17751724  0.1218291   0.02950736] {'loss': [0.044500291347503662, 0.046703394502401352]}  
-3.5780467987060547 -1.6623021364212036 0.07505285739898682 [ 0.03066634  0.71386201  1.          1.          0.02906167  0.07430422
  0.0909996   0.06245243  0.14917165  0.18268902  0.12537828  0.0250401 ] {'loss': [0.056243240833282471, 0.048403132706880569]}  
-2.680583953857422 -1.5948199033737183 0.07505343109369278 [ 0.02634983  0.64677007  1.          0.0221467   0.03890808  0.09947913
  0.12183098  0.08361176  0.15358195  0.18809009  0.12908494  0.02151553] {'loss': [0.050654593855142593, 0.048671212047338486]}  
-1.6834006309509277 -1.5198396444320679 0.07505343109369278 [ 0.02254215  0.58274513  0.4567226   0.02190095  0.05709896  0.145989
  0.17879106  0.1227031   0.15871555  0.1943771   0.13339967  0.01840644] {'loss': [0.043698146939277649, 0.037603944540023804]}  
-0.6862136721611023 -1.4448593854904175 0.07505343109369278 [ 0.01950391  0.52485941  0.14463419  0.02165925  0.09181958  0.23476182
  0.28751014  0.1973162   0.1641108   0.20098466  0.13793439  0.01592561] {'loss': [0.04895247146487236, 0.048399940133094788]}  
0.3109709620475769 -1.369879126548767 0.07505343109369278 [ 0.01704094  0.25408211  0.07001684  0.02142155  0.1714082   0.4382518
  0.53672207  0.36834856  0.169786    0.207935    0.14270431  0.03932471] {'loss': [0.042362436652183533, 0.043157011270523071]}  
1.2085243463516235 -1.304476261138916 0.041720155626535416 [ 0.01525003  0.16187524  0.01689558  0.02127876  0.35380747  0.95143715
  1.          0.84746634  0.24983659  0.21513454  0.15215249  0.0448552 ] {'loss': [0.072285138070583344, 0.081500329077243805]}  
2.0502355098724365 -1.4081424474716187 -0.19161242246627808 [ 0.01330235  0.13935926  0.06615239  0.020933    0.49404966  1.          1.
  1.          1.          0.19901135  0.18291435  0.08682754] {'loss': [0.099158473312854767, 0.09214889258146286]}  
2.0502355098724365 -1.4081424474716187 -0.6416118741035461 [ 0.07209169  0.01359453  0.13146267  0.05492539  0.02139279  0.71732073
  1.          1.          1.          1.          0.20338263  0.17254977] {'loss': [0.10427800565958023, 0.12160271406173706]}  
2.316913604736328 -1.6826941967010498 -1.1416089534759521 [ 0.14967104  0.05981021  0.01324028  0.11609411  0.01515926  0.02238749
  1.          1.          1.          1.          1.          0.18107001] {'loss': [0.14577941596508026, 0.16508905589580536]}  
2.3917269706726074 -2.2602133750915527 -1.4832748174667358 [ 0.14621306  0.09883052  0.02628685  0.04901989  0.09239482  0.02009097
  0.08181528  1.          1.          1.          1.          1.        ] {'loss': [0.1652417778968811, 0.14210629463195801]}  
2.4891037940979004 -3.153891086578369 -1.3499394655227661 [ 0.10254359  0.05893876  0.01186204  0.1271824   0.07310036  0.02562226
  0.66307163  1.          1.          1.          1.          1.        ] {'loss': [0.17361904680728912, 0.19756656885147095]}  
2.566803455352783 -4.043963432312012 -1.6999365091323853 [ 0.31559611  0.06920048  0.02950602  0.1270125   0.10908068  0.02110673
  0.03254448  1.          1.          1.          1.          1.        ] {'loss': [0.15137000381946564, 0.13748829066753387]}  
2.1966967582702637 -4.958651542663574 -2.1999356746673584 [ 1.          0.06319666  0.05288467  0.02158682  0.14562686  0.12186452
  0.02603784  0.03898305  1.          1.          1.          1.        ] {'loss': [0.13887526094913483, 0.15622794628143311]}  
1.4318785667419434 -5.580267906188965 -2.6999359130859375 [ 1.          0.53470216  0.05430867  0.04427361  0.01009283  0.19982724
  0.1629035   0.03068528  0.04463332  0.31989922  1.          1.        ] {'loss': [0.091613374650478363, 0.10942074656486511]}  
0.4595746397972107 -5.765780448913574 -3.1166019439697266 [ 0.63598163  0.46331851  0.14552637  0.05203929  0.0379111   0.25288527
  0.32765517  0.23869991  0.03617241  0.04686741  0.17306051  0.4908525 ] {'loss': [0.054018784314393997, 0.05099945142865181]}  
-0.44014444947242737 -5.788259506225586 -3.11660099029541 [ 0.3444213   0.25091383  0.07881077  0.05177336  0.03771733  0.45880793
  0.59446172  0.43307033  0.03634918  0.04709639  0.09372267  0.26582566] {'loss': [0.050796996802091599, 0.050909083336591721]}  
-0.936921238899231 -5.835306644439697 -2.683267116546631 [ 0.20925042  0.08160837  0.05096377  0.04154668  0.64260678  0.93470242
  0.76198765  0.29717791  0.04736625  0.04882503  0.17646703  0.25667965] {'loss': [0.052510675042867661, 0.056536450982093811]}  
-0.936921238899231 -5.835306644439697 -2.183267831802368 [ 0.08732316  0.05075826  0.04247582  0.62179617  0.93093279  0.77902863
  0.31798835  0.04717524  0.04414539  0.1707522   0.25564443  0.21392998] {'loss': [0.044736042618751526, 0.044529255479574203]}  
-1.0633437633514404 -6.299893379211426 -1.7332671880722046 [ 0.04539336  0.04116334  0.62617244  1.          0.93382348  0.43424951
  0.05074188  0.04601345  0.14344677  0.23590834  0.21392499  0.09948005] {'loss': [0.040924660861492157, 0.0521547831594944]}  
-0.9923588037490845 -7.256804466247559 -1.3582648038864136 [ 0.03644603  0.44895776  0.90259075  0.95157646  0.02994948  0.06021082
  0.06347863  0.11293583  0.22704768  0.23937011  0.1375807   0.03456983] {'loss': [0.050360187888145447, 0.046484354883432388]}  
-0.9923588037490845 -7.256804466247559 -1.3582648038864136 [ 0.03633034  0.44738674  0.89943269  0.94824662  0.03007564  0.06046447
  0.06374603  0.11313484  0.22744777  0.23979188  0.13782308  0.0344601 ] {'loss': [0.050454583019018173, 0.045914147049188614]}  
-0.9923588037490845 -7.256804466247559 -1.3582648038864136 [ 0.03633034  0.44738674  0.89943269  0.94824662  0.03007564  0.06046447
  0.06374603  0.11313484  0.22744777  0.23979188  0.13782308  0.0344601 ] {'loss': [0.043690051883459091, 0.045004751533269882]}  
-0.9923588037490845 -7.256804466247559 -1.3582648038864136 [ 0.03633034  0.44738674  0.89943269  0.94824662  0.03007564  0.06046447
  0.06374603  0.11313484  0.22744777  0.23979188  0.13782308  0.0344601 ] {'loss': [0.038610946387052536, 0.054413240402936935]}  
-0.9923588037490845 -7.256804466247559 -1.3582648038864136 [ 0.03633034  0.44738674  0.89943269  0.94824662  0.03007564  0.06046447
  0.06374603  0.11313484  0.22744777  0.23979188  0.13782308  0.0344601 ] {'loss': [0.037059146910905838, 0.038885805755853653]}  
-0.9923588037490845 -7.256804466247559 -1.3582648038864136 [ 0.03633034  0.44738674  0.89943269  0.94824662  0.03007564  0.06046447
  0.06374603  0.11313484  0.22744777  0.23979188  0.13782308  0.0344601 ] {'loss': [0.041076067835092545, 0.035002481192350388]}  
-0.9923588037490845 -7.256804466247559 -1.3582648038864136 [ 0.03633034  0.44738674  0.89943269  0.94824662  0.03007564  0.06046447
  0.06374603  0.11313484  0.22744777  0.23979188  0.13782308  0.0344601 ] {'loss': [0.045092727988958359, 0.032415743917226791]}  
-0.9923588037490845 -7.256804466247559 -1.3582648038864136 [ 0.03633034  0.44738674  0.89943269  0.94824662  0.03007564  0.06046447
  0.06374603  0.11313484  0.22744777  0.23979188  0.13782308  0.0344601 ] {'loss': [0.028592342510819435, 0.039193753153085709]}  
