1.0 0.0 1.717760824249126e-05 [ 0.19653257  0.02715128  0.06518134  0.08690672  0.06517875  0.05349709
  1.          1.          0.45125974  0.03179839  0.02384832  0.14740234] {'loss': [0.063357993960380554, 0.093925289809703827]}  
1.0 0.0 1.8176233425037935e-05 [ 0.19653257  0.02715125  0.0651814   0.08690672  0.06517867  0.05349716
  1.          1.          0.45125814  0.03179839  0.02384829  0.14740253] {'loss': [0.07852461189031601, 0.05038626492023468]}  
1.0 0.0 1.917485860758461e-05 [ 0.19653257  0.02715122  0.06518149  0.08690672  0.0651786   0.05349723
  1.          1.          0.45125668  0.03179839  0.02384826  0.14740269] {'loss': [0.075536586344242096, 0.079520523548126221]}  
0.9666666984558105 -1.0036811772806686e-06 2.0073621271876618e-05 [ 0.19653257  0.02715119  0.06518154  0.08690672  0.06517854  0.05349729
  1.          1.          0.45125508  0.03179839  0.02384824  0.14740282] {'loss': [0.070602387189865112, 0.092539161443710327]}  
0.12024583667516708 0.04853423684835434 -0.2916455864906311 [ 0.27958506  0.04067594  0.04099566  0.07898162  0.08082421  0.04468083
  0.65741009  0.67274708  0.37190457  0.02956899  0.03025881  0.14511951] {'loss': [0.049130391329526901, 0.034271497279405594]}  
0.5112654566764832 -0.24492788314819336 -0.741644561290741 [ 0.13813575  0.23940385  0.03620118  0.05110346  0.08856768  0.08375421
  0.04147649  0.95475879  0.90286951  0.44711606  0.02930643  0.02771369] {'loss': [0.039208773523569107, 0.034253448247909546]}  
1.0151571035385132 -0.9856617450714111 -1.1916438341140747 [ 0.02320849  0.12256218  0.19268402  0.03101758  0.07310077  0.11492409
  0.10036327  0.04456688  0.07006504  1.          0.68053089  0.02657561] {'loss': [0.053256001323461533, 0.064940012991428375]}  
1.1485086679458618 -1.8691508769989014 -1.6416420936584473 [ 0.02344981  0.01888149  0.12772643  0.03504876  0.03212098  0.11261973
  0.16163076  0.13014304  0.05156011  0.07399858  0.73916661  0.68373631] {'loss': [0.075869657099246979, 0.08207317441701889]}  
0.8847675323486328 -2.719489097595215 -2.091641426086426 [ 0.38173133  0.02072462  0.0533421   0.15603127  0.03688792  0.06154257
  0.18001849  0.23698097  0.1754675   0.05699161  0.06947462  0.29019965] {'loss': [0.050270494073629379, 0.041833847761154175]}  
0.19230659306049347 -3.420689582824707 -2.5916428565979004 [ 0.16473843  0.17154593  0.0187163   0.08058831  0.12949869  0.04218201
  0.09768865  0.27133188  0.34770515  0.25043499  0.07679177  0.05844448] {'loss': [0.037376902997493744, 0.032442424446344376]}  
-0.7543371915817261 -3.701253890991211 -3.0916428565979004 [ 0.04700008  0.14224127  0.07817524  0.01792121  0.15517724  0.0948109
  0.05159058  0.12690935  0.3355588   0.41872455  0.29324082  0.08459131] {'loss': [0.033927857875823975, 0.041196543723344803]}  
-1.7233922481536865 -3.4924910068511963 2.6915433406829834 [ 0.06836138  0.03832541  0.15463103  0.01506648  0.01831223  0.36285212
  0.09808434  0.0650044   0.12117735  0.3057113   0.37157016  0.25289522] {'loss': [0.030301531776785851, 0.040712621062994003]}  
-2.477600336074829 -2.8455135822296143 2.1915442943573 [ 0.17210364  0.04340034  0.03301061  0.10687221  0.01679806  0.01989128
  0.59192191  0.1492683   0.07951192  0.09113929  0.21984255  0.26032487] {'loss': [0.029191447421908379, 0.022738343104720116]}  
-2.818197011947632 -2.0178277492523193 1.7415450811386108 [ 0.1740577   0.10468229  0.02774771  0.07712245  0.08289423  0.02008531
  0.25974034  1.          0.27726465  0.08630475  0.07507903  0.15925604] {'loss': [0.021213198080658913, 0.0077930185943841934]}  
-2.725020170211792 -2.024553060531616 1.2915443181991577 [ 0.16727805  0.16892102  0.09173424  0.02948457  0.13748259  0.07466129
  0.02103027  0.4137309   1.          0.17259322  0.08164185  0.08844818] {'loss': [0.042275205254554749, 0.044936332851648331]}  
-2.290588140487671 -1.248651146888733 0.841542661190033 [ 0.07466316  0.12722617  0.11871865  0.05764813  0.03296772  0.15569256
  0.07560215  0.02460957  0.28597767  1.          0.61086544  0.06925825] {'loss': [0.058790687471628189, 0.044610217213630676]}  
-1.5603272914886475 -0.7417754530906677 0.3915417194366455 [ 0.05409984  0.07015438  0.1085698   0.09353987  0.04009447  0.03877058
  0.20390722  0.08740181  0.0274618   0.16439347  0.69022223  1.        ] {'loss': [0.084617190062999725, 0.047528684139251709]}  
-2.0956482887268066 -0.768398106098175 -0.05845792591571808 [ 1.          0.05709891  0.07804137  0.11035516  0.08763024  0.03259153
  0.03584143  0.15297682  0.01963705  0.02776796  0.39608351  1.        ] {'loss': [0.094223588705062866, 0.077474579215049744]}  
-1.4059556722640991 -1.017012119293213 -0.5084573030471802 [ 0.71450876  0.06129123  0.04473061  0.09182897  0.11918545  0.08698205
  0.03127719  0.05074587  0.18950898  0.02066616  0.02682275  0.25108137] {'loss': [0.037768952548503876, 0.054913327097892761]}  
-0.7454981207847595 -1.6226812601089478 -0.9584569931030273 [ 0.17934039  0.43946915  0.05179385  0.04998707  0.12249203  0.14639823
  0.09779946  0.03871992  0.0590808   0.25009121  0.02024339  0.02419419] {'loss': [0.026350423693656921, 0.028836613520979881]}  
-0.34592205286026 -2.4272499084472656 -1.0417869091033936 [ 0.09983901  0.30155266  0.04778911  0.05112642  0.15442164  0.20659224
  0.15546759  0.05217233  0.05105649  0.37027434  0.124258    0.02162671] {'loss': [0.01574365608394146, 0.021027475595474243]}  
0.26771026849746704 -3.0700974464416504 -0.5917856693267822 [ 0.19356719  0.04181849  0.05339169  0.19454826  0.2839824   0.23226001
  0.09110348  0.05844784  0.14664755  0.25234042  0.01956147  0.05312249] {'loss': [0.030733531340956688, 0.022231290116906166]}  
1.0506742000579834 -3.5125536918640137 -0.5084525346755981 [ 0.12966239  0.03604612  0.096918    0.28092749  0.36810343  0.27126997
  0.08726044  0.07172405  0.14401281  0.41743699  0.01849665  0.05124234] {'loss': [0.041385341435670853, 0.031212309375405312]}  
1.8368232250213623 -3.95070219039917 -0.5084525346755981 [ 0.09602211  0.03121296  0.12891307  0.37366881  0.48962376  0.36082312
  0.11606724  0.08959694  0.10664938  0.309135    0.0174417   0.03721476] {'loss': [0.036968652158975601, 0.043433401733636856]}  
2.6229782104492188 -4.388862133026123 -0.5084525346755981 [ 0.07395743  0.02729047  0.17982616  0.52124604  0.68299642  0.50332698
  0.161907    0.11508886  0.08481353  0.23809961  0.31198545  0.01214069] {'loss': [0.031628772616386414, 0.033461842685937881]}  
3.4091272354125977 -4.827010631561279 -0.5084525346755981 [ 0.05870864  0.02406348  0.26813979  0.77723252  1.          0.75051326
  0.24142023  0.15323595  0.11292564  0.18900761  0.24765945  0.01148561] {'loss': [0.060620497912168503, 0.063260816037654877]}  
4.2046990394592285 -5.243859767913818 -0.3667859435081482 [ 0.02721712  0.03604724  0.63851413  1.          1.          1.
  0.22110861  0.21013484  0.13155562  0.17553721  0.19831717  0.02625453] {'loss': [0.094700388610363007, 0.068577133119106293]}  
5.088690280914307 -5.358916282653809 0.08321499824523926 [ 0.01874518  0.62858456  1.          1.          1.          0.37269059
  0.3374764   0.23165605  0.15488543  0.18972277  0.00993382  0.03590513] {'loss': [0.10658284276723862, 0.10238704830408096]}  
4.683749675750732 -5.574801445007324 0.5332156419754028 [ 0.65867905  1.          1.          1.          0.65284794  0.28053126
  0.21008682  0.13231757  0.17616223  0.0106577   0.04384497  0.01977058] {'loss': [0.09093000739812851, 0.12442081421613693]}  
4.6133880615234375 -5.573491096496582 0.9832149147987366 [ 1.          1.          1.          0.92181368  0.26244694  0.21364455
  0.11740713  0.17050738  0.01143473  0.04169679  0.01999706  0.55656846] {'loss': [0.10713967680931091, 0.089089661836624146]}  
4.859701633453369 -5.060937404632568 1.4332114458084106 [ 1.          1.          0.51874429  0.29732667  0.26244197  0.13446737
  0.21407689  0.18895974  0.03509623  0.01895828  0.18315618  0.82810864] {'loss': [0.064670450985431671, 0.059230506420135498]}  
4.800145149230957 -4.819653034210205 1.8832104206085205 [ 0.99084467  0.49824567  0.28161829  0.26913319  0.13533355  0.22856616
  0.21843297  0.0313201   0.01857695  0.09757729  0.59017606  1.        ] {'loss': [0.054754149168729782, 0.066298604011535645]}  
4.6627092361450195 -4.514066219329834 2.3332087993621826 [ 0.4123518   0.25045929  0.2590125   0.14519008  0.26352983  0.27252934
  0.0280591   0.02400507  0.04050354  0.36376866  0.71132594  0.7356172 ] {'loss': [0.033393122255802155, 0.047923002392053604]}  
4.6627092361450195 -4.514066219329834 2.7832090854644775 [ 0.23814185  0.26660311  0.16509819  0.25056946  0.28051602  0.00976693
  0.03696545  0.01942382  0.30722779  0.67634272  0.7571748   0.46889258] {'loss': [0.036549173295497894, 0.024577446281909943]}  
4.6627092361450195 -4.514066219329834 -3.0499751567840576 [ 0.27138264  0.18439059  0.23529938  0.28554509  0.01090824  0.04899005
  0.01977205  0.25243567  0.63512518  0.77074946  0.52368487  0.223629  ] {'loss': [0.034488793462514877, 0.039637964218854904]}  
4.6627092361450195 -4.514066219329834 -2.5999748706817627 [ 0.2026505   0.21804937  0.28750797  0.01198847  0.04539854  0.01990796
  0.20057601  0.58856367  0.7760476   0.57554436  0.20723464  0.27324827] {'loss': [0.025941051542758942, 0.031598329544067383]}  
4.6627092361450195 -4.514066219329834 -2.149975299835205 [ 0.19919284  0.28636198  0.23093659  0.04147255  0.01982861  0.15277121
  0.53766559  0.77295432  0.62334891  0.23845519  0.27215912  0.21948278] {'loss': [0.031833849847316742, 0.025921940803527832]}  
4.813152313232422 -4.419131278991699 -2.399976968765259 [ 0.15644796  0.27336655  0.28395764  0.02697468  0.0256512   0.03671341
  0.33865155  0.66640841  0.6922271   0.39028906  0.2671309   0.27748036] {'loss': [0.033553939312696457, 0.025717036798596382]}  
4.341250419616699 -4.675492286682129 -2.599977970123291 [ 0.17485999  0.20301319  0.26768293  0.01178438  0.04883454  0.02075673
  0.22687696  0.66574429  0.87781673  0.65102201  0.21215511  0.23577549] {'loss': [0.026254778727889061, 0.034451566636562347]}  
3.5682857036590576 -5.125233173370361 -2.799978733062744 [ 0.14768048  0.12571764  0.20753152  0.0132461   0.046488    0.0225747
  0.16742673  0.83708705  1.          1.          0.58727651  0.16235589] {'loss': [0.057915568351745605, 0.049948718398809433]}  
2.6814942359924316 -5.2179789543151855 3.0332071781158447 [ 0.11878479  0.09971473  0.13375618  0.20096142  0.01230119  0.06799546
  0.02649306  0.27732821  1.          1.          1.          0.55994789] {'loss': [0.071448750793933868, 0.081801235675811768]}  
1.784958839416504 -5.1726555824279785 3.0665416717529297 [ 0.08950033  0.07240407  0.14310848  0.03956033  0.01198928  0.06424409
  0.03102377  0.30111588  1.          1.          1.          0.479383  ] {'loss': [0.056756675243377686, 0.06145879253745079]}  
0.9335089921951294 -4.898245811462402 2.6165425777435303 [ 0.28189491  0.0706142   0.0597687   0.17650088  0.01535622  0.05115783
  0.05698559  0.03646095  0.29566217  0.87310979  1.          0.85934221] {'loss': [0.045791104435920715, 0.044634271413087845]}  
0.28310152888298035 -4.281785488128662 2.1665430068969727 [ 0.44732882  0.12140188  0.05929661  0.10304535  0.15378701  0.016459
  0.08874721  0.05871488  0.04126774  0.21306164  0.53898866  0.65612214] {'loss': [0.023990834131836891, 0.023557119071483612]}  
-0.3520621061325073 -3.659970760345459 2.5832104682922363 [ 0.12013738  0.05141134  0.1014569   0.14575324  0.01797845  0.08410445
  0.13687911  0.04729911  0.08904771  0.29668393  0.41604682  0.32777366] {'loss': [0.014733810909092426, 0.026438532397150993]}  
-1.186065435409546 -3.3325648307800293 2.7498779296875 [ 0.04749934  0.04216942  0.18690294  0.01621198  0.01848121  0.27350965
  0.08490997  0.05616613  0.12886927  0.29197626  0.33284479  0.21060642] {'loss': [0.022258006036281586, 0.02700304239988327]}  
-1.91193687915802 -2.8073625564575195 2.2998788356781006 [ 0.14120791  0.03368634  0.04242509  0.11433376  0.01835291  0.06847447
  0.51626728  0.08756701  0.06575643  0.11651369  0.23377051  0.24611761] {'loss': [0.022693231701850891, 0.02232351154088974]}  
-2.6075849533081055 -2.253096342086792 2.683212995529175 [ 0.03983127  0.0325571   0.10896537  0.01752785  0.0219063   1.
  0.36430913  0.08293329  0.05917397  0.15690725  0.1961026   0.13756461] {'loss': [0.044691115617752075, 0.051451593637466431]}  
-3.458306074142456 -1.9650222063064575 2.874880075454712 [ 0.02609823  0.10741694  0.05868248  0.02128309  1.          1.
  0.20698364  0.10148354  0.08429263  0.16039906  0.16269281  0.08888   ] {'loss': [0.065241441130638123, 0.062054220587015152]}  
-4.343000888824463 -1.80216383934021 2.966548442840576 [ 0.02367819  0.07644224  0.01382079  1.          1.          1.
  0.14337425  0.13061102  0.09481737  0.15681133  0.14285191  0.0668986 ] {'loss': [0.076914325356483459, 0.07034590095281601]}  
-5.239531517028809 -1.7415770292282104 3.1082160472869873 [ 0.02130416  0.05258078  1.          1.          1.          1.
  0.21557078  0.16797154  0.1134206   0.15723096  0.12251349  0.04398565] {'loss': [0.10285375267267227, 0.094423949718475342]}  
-6.1348700523376465 -1.789155125617981 -2.90830135345459 [ 0.05150001  1.          1.          1.          1.          0.35093603
  0.32706831  0.18476652  0.14575989  0.15163349  0.08566036  0.01716197] {'loss': [0.11073822528123856, 0.10754344612360001]}  
-6.933557510375977 -2.193952798843384 -2.4583020210266113 [ 0.82235896  1.          1.          1.          0.51194835  0.57657909
  0.35962696  0.16248039  0.18299268  0.11413717  0.02476939  0.0442759 ] {'loss': [0.10237330943346024, 0.089305609464645386]}  
-7.479549884796143 -2.90439772605896 -2.0083014965057373 [ 0.7563906   0.92355811  0.63175039  0.7777746   0.94966865  0.64961104
  0.21134754  0.25805693  0.17652113  0.04827607  0.01562062  0.29741465] {'loss': [0.060625504702329636, 0.070351026952266693]}  
-7.664132595062256 -3.779035806655884 -1.5582995414733887 [ 0.46126494  0.34428759  0.88361613  1.          0.87516067  0.32293155
  0.42851299  0.31984144  0.10558874  0.01533014  0.02896242  0.34761389] {'loss': [0.059307634830474854, 0.076620824635028839]}  
-7.575491905212402 -4.67213249206543 -1.316632866859436 [ 0.25527242  0.52103597  0.99550561  1.          0.55540878  0.79248317
  0.80616472  0.44213968  0.06443266  0.01607029  0.13133905  0.25094014] {'loss': [0.066653653979301453, 0.065002575516700745]}  
-7.160755157470703 -5.458850860595703 -0.866631805896759 [ 0.30297017  0.64997008  0.71565643  0.88405446  1.          1.          1.
  0.25486208  0.01580993  0.02519502  0.16403129  0.18060832] {'loss': [0.080814555287361145, 0.10454100370407104]}  
-6.443592071533203 -5.983994007110596 -0.4166315793991089 [ 0.35986901  0.42936306  1.          1.          1.          1.          1.
  0.0176935   0.03287933  0.12375823  0.14765718  0.14728954] {'loss': [0.08101142942905426, 0.083592869341373444]}  
-5.566798686981201 -6.143001079559326 0.033369675278663635 [ 0.26130408  1.          1.          1.          1.          1.
  0.02013936  0.03786285  0.01023759  0.13912142  0.10134584  0.20168587] {'loss': [0.094093173742294312, 0.09514346718788147]}  
-4.700554370880127 -5.915746212005615 0.38337013125419617 [ 0.77492005  1.          1.          1.          1.          0.10819989
  0.02109945  0.02912946  0.147859    0.12970563  0.10860981  0.17165076] {'loss': [0.082541666924953461, 0.077417217195034027]}  
-3.899268865585327 -5.510011672973633 0.6500367522239685 [ 0.92605116  1.          1.          1.          0.40221039  0.0255936
  0.06238597  0.01202993  0.17438323  0.11348164  0.10826185  0.12643275] {'loss': [0.083363056182861328, 0.067007578909397125]}  
-3.3297390937805176 -4.818300724029541 1.0833691358566284 [ 0.84547178  1.          0.77767697  0.23757171  0.0285255   0.06781055
  0.0120792   0.18969619  0.17269334  0.08212911  0.10506921  0.30536609] {'loss': [0.043511237949132919, 0.059852913022041321]}  
-2.908224582672119 -4.02311372756958 1.0833691358566284 [ 0.42299919  0.54115042  0.38908089  0.11885991  0.03067157  0.09804605
  0.01336888  0.01710304  0.26648145  0.08140715  0.09205345  0.15277829] {'loss': [0.032845482230186462, 0.030976340174674988]}  
-2.4867048263549805 -3.227926731109619 1.0833691358566284 [ 0.25314089  0.32384764  0.23284269  0.07113085  0.0330693   0.1153069
  0.01487669  0.01903202  0.46405749  0.14176448  0.0813144   0.09142909] {'loss': [0.031249687075614929, 0.037570986896753311]}  
-2.065190315246582 -2.432739734649658 1.0833691358566284 [ 0.16830292  0.21531299  0.15480744  0.04729197  0.03575954  0.13756167
  0.01665477  0.02130674  0.55105044  0.30625144  0.07235066  0.06078742] {'loss': [0.047987606376409531, 0.041481859982013702]}  
-1.677842617034912 -1.512143850326538 1.233368158340454 [ 0.13046089  0.14149979  0.08429876  0.03438469  0.22135762  0.13187417
  0.02182323  0.0236698   0.51138512  0.72982122  0.06312838  0.06222092] {'loss': [0.044818464666604996, 0.039435584098100662]}  
-1.3467793464660645 -0.568535566329956 1.233368158340454 [ 0.09360027  0.10152024  0.06048087  0.03673579  0.26110239  0.15555218
  0.02544304  0.02759588  0.36624397  0.76791713  0.05810601  0.04464095] {'loss': [0.044671118259429932, 0.040063139051198959]}  
-1.0157160758972168 0.3750739097595215 1.233368158340454 [ 0.070411    0.0763688   0.04549685  0.03933652  0.31259773  0.18623063
  0.03004425  0.03258644  0.27514762  0.5769119   0.6257269   0.03358124] {'loss': [0.036992032080888748, 0.04668852686882019]}  
-0.6846562623977661 1.3186824321746826 1.233368158340454 [ 0.05488198  0.05952579  0.03546258  0.35125506  0.38097643  0.22696734
  0.03601659  0.03906412  0.21424998  0.44922569  0.48723667  0.0296121 ] {'loss': [0.032266240566968918, 0.024019991979002953]}  
-0.38670191168785095 2.1679298877716064 1.233368158340454 [ 0.04491323  0.04871355  0.02902118  0.42751808  0.46369237  0.27624557
  0.04305673  0.04669997  0.02782158  0.36736449  0.39844896  0.23737668] {'loss': [0.024351393803954124, 0.018714290112257004]}  
-0.088743656873703 3.0171773433685303 1.233368158340454 [ 0.03743302  0.0406004   0.25354181  0.53161042  0.57659244  0.34350599
  0.05238249  0.0568148   0.03384752  0.30599833  0.33189035  0.19772427] {'loss': [0.029958175495266914, 0.022155202925205231]}  
0.2423178106546402 3.9607856273651123 1.233368158340454 [ 0.03112068  0.03375394  0.33336565  0.69897976  0.75812351  0.03375271
  0.06679535  0.07244721  0.04316054  0.03752199  0.27577216  0.16429174] {'loss': [0.047017369419336319, 0.028588691726326942]}  
0.5175031423568726 4.817410469055176 1.383367896080017 [ 0.02883719  0.0268637   0.57883682  0.98425385  0.05633734  0.05444824
  0.09258376  0.08624776  0.04177622  0.03831344  0.22157208  0.10732388] {'loss': [0.047557402402162552, 0.044999834150075912]}  
0.45150724053382874 5.804241180419922 1.8833675384521484 [ 0.08736856  0.52805494  0.647302    0.05650972  0.07280041  0.12786636
  0.12217701  0.06142171  0.03831221  0.23066401  0.11596099  0.02422882] {'loss': [0.01832384429872036, 0.034273039549589157]}  
-0.07980169355869293 6.634683609008789 2.383366584777832 [ 0.32059645  0.1207635   0.05058785  0.09742392  0.17690666  0.17337003
  0.09035061  0.04214813  0.16006219  0.16116757  0.02103577  0.02061523] {'loss': [0.051016580313444138, 0.032128814607858658]}  
-0.8136147856712341 7.151522636413574 2.5583670139312744 [ 0.25992829  0.04633886  0.04784503  0.16645426  0.23806684  0.1910702
  0.07246101  0.05235067  0.21997732  0.16330109  0.02060485  0.07471286] {'loss': [0.039862971752882004, 0.040897343307733536]}  
-1.5648350715637207 7.64716911315918 2.5583670139312744 [ 0.17196906  0.03965468  0.06194281  0.21550084  0.30821446  0.24737001
  0.0938121   0.06267851  0.13861746  0.31120698  0.0192112   0.04943018] {'loss': [0.023237338289618492, 0.033910453319549561]}  
-2.316805839538574 8.14106559753418 2.591700315475464 [ 0.12610548  0.03439851  0.09178906  0.29930064  0.41552215  0.32423178
  0.11672009  0.07657896  0.10499682  0.3423685   0.01799752  0.01404346] {'loss': [0.028712781146168709, 0.02696528472006321]}  
-3.163726329803467 8.415340423583984 3.041701316833496 [ 0.02928289  0.08276271  0.33095873  0.50232182  0.42548874  0.17729272
  0.09709738  0.08224579  0.25522023  0.32175713  0.01450405  0.08249214] {'loss': [0.014544053934514523, 0.024599529802799225]}  
-4.062863826751709 8.394408226013184 -3.0998165607452393 [ 0.02548131  0.14444235  0.39519849  0.50238975  0.35882525  0.10806918
  0.13287606  0.11347271  0.3104644   0.3946729   0.01237531  0.07393126] {'loss': [0.01696268655359745, 0.014057246036827564]}  
-4.962077617645264 8.35681438446045 -3.099815607070923 [ 0.02218031  0.14066629  0.38486617  0.48925452  0.34944285  0.14957023
  0.19013851  0.1358038   0.31793566  0.40417052  0.01243683  0.05709238] {'loss': [0.015256433747708797, 0.019104843959212303]}  
-5.6380228996276855 8.273079872131348 -2.758148431777954 [ 0.0620065   0.28286496  0.45182754  0.39993137  0.1790728   0.26077515
  0.23082302  0.26203817  0.41856037  0.3704852   0.03708829  0.01960529] {'loss': [0.010560105554759502, 0.014689837582409382]}  
-5.6380228996276855 8.273079872131348 -2.3081490993499756 [ 0.24929406  0.43952601  0.42120077  0.21264384  0.25367537  0.24309887
  0.2309391   0.40716433  0.39018858  0.03268659  0.02076182  0.04073711] {'loss': [0.014932458288967609, 0.015308362431824207]}  
-5.6380228996276855 8.273079872131348 -1.858148217201233 [ 0.42271421  0.43835544  0.24661031  0.24397226  0.25299973  0.1994736
  0.3915903   0.40607994  0.02823305  0.03633584  0.02358256  0.21532768] {'loss': [0.034903757274150848, 0.033833716064691544]}  
-5.630338191986084 8.20725154876709 -1.4081496000289917 [ 0.44601259  0.27712491  0.23158524  0.25998657  0.1701508   0.37622126
  0.42236019  0.01072655  0.05270814  0.01957719  0.17967917  0.39728988] {'loss': [0.032487962394952774, 0.033096272498369217]}  
-5.28955078125 7.3853230476379395 -0.9581488370895386 [ 0.18861765  0.18486548  0.22498224  0.26428785  0.66827252  0.81329074
  0.55432455  0.05371047  0.02087595  0.0899281   0.22739028  0.27673499] {'loss': [0.029124261811375618, 0.024600895121693611]}  
-4.623931884765625 6.7964348793029785 -0.5081477165222168 [ 0.12813556  0.1694518   0.39778799  1.          1.          1.
  0.05930263  0.02316026  0.05305299  0.15658513  0.20707478  0.15403224] {'loss': [0.065361447632312775, 0.059875812381505966]}  
-3.766007423400879 6.557839870452881 -0.058146882802248 [ 0.1220511   0.43072309  1.          1.          0.01808523  0.06984707
  0.02637465  0.03595991  0.12744363  0.1837821   0.14863685  0.08463631] {'loss': [0.034991707652807236, 0.052101235836744308]}  
-2.8727245330810547 6.654350280761719 0.15018798410892487 [ 0.08961587  0.76031527  1.          0.02167709  0.05351726  0.11917272
  0.03011993  0.07460082  0.16612178  0.18733179  0.11702085  0.07946942] {'loss': [0.039646457880735397, 0.04160887748003006]}  
-1.9828577041625977 6.789018630981445 0.15018890798091888 [ 0.06960079  0.63515851  0.2379695   0.02124884  0.07675131  0.17091026
  0.03543922  0.07920116  0.17636553  0.19888313  0.12423654  0.06172054] {'loss': [0.022710628807544708, 0.01816372387111187]}  
-1.0929944515228271 6.923686981201172 0.15018890798091888 [ 0.05561255  0.42927224  0.093542    0.02083317  0.11919399  0.18408112
  0.04230287  0.08424031  0.18758669  0.21153705  0.13214105  0.04931606] {'loss': [0.0092316512018442154, 0.0074148108251392841]}  
-0.10425099730491638 7.0733184814453125 0.15018890798091888 [ 0.04449978  0.21455312  0.01807739  0.02038545  0.22585957  0.15550934
  0.05255675  0.09042469  0.20135811  0.22706674  0.14184199  0.03946148] {'loss': [0.012366251088678837, 0.011547627858817577]}  
0.8844924569129944 7.222949981689453 0.15018890798091888 [ 0.03641329  0.12832685  0.01769303  0.01995201  0.58107935  0.13310789
  0.06704637  0.09731596  0.2167036   0.24437152  0.15265177  0.03326406] {'loss': [0.034903839230537415, 0.015903417021036148]}  
1.8732337951660156 7.372581481933594 0.15018890798091888 [ 0.0303463   0.08528959  0.01732079  0.2130604   0.52875488  0.11522003
  0.08847164  0.10502613  0.2338726   0.26373246  0.16474593  0.0358995 ] {'loss': [0.012538361363112926, 0.01882653497159481]}  
2.8619747161865234 7.522212982177734 0.15018890798091888 [ 0.02567828  0.06076314  0.01696019  0.73985571  0.46216633  0.10826189
  0.12208436  0.11369013  0.25316585  0.28548914  0.17833664  0.03886104] {'loss': [0.016761470586061478, 0.028836464509367943]}  
3.7518415451049805 7.656881332397461 0.15018890798091888 [ 0.02234022  0.04672674  0.58548826  0.66024072  0.41243312  0.15242627
  0.1718874   0.1224383   0.27264648  0.30745698  0.1920593   0.0418514 ] {'loss': [0.021438084542751312, 0.020640997216105461]}  
4.6417083740234375 7.7915496826171875 0.15018890798091888 [ 0.01961314  0.03704658  0.52569899  0.59281824  0.37031617  0.23036451
  0.25977668  0.16227499  0.29446523  0.33206149  0.20742899  0.04520058] {'loss': [0.016048690304160118, 0.023527190089225769]}  
5.630449295043945 7.936193466186523 0.15018890798091888 [ 0.01713013  0.02944053  0.46940974  0.52934218  0.33066466  0.41487526
  0.46784522  0.29224942  0.32192735  0.36302984  0.22677405  0.04941605] {'loss': [0.01240991149097681, 0.026838598772883415]}  
4.740582466125488 7.801525115966797 0.15018890798091888 [ 0.01916324  0.03558751  0.51563639  0.58147084  0.36322789  0.25125467
  0.28333375  0.17699055  0.29879223  0.33694093  0.21047707  0.04586478] {'loss': [0.020264852792024612, 0.015866441652178764]}  
3.7353625297546387 7.649399757385254 0.15018890798091888 [ 0.02211927  0.04588626  0.58071746  0.65486122  0.40907268  0.15672816
  0.17673868  0.12312615  0.27417814  0.30918421  0.19313825  0.04208651] {'loss': [0.013816192746162415, 0.011488259769976139]}  
2.8619747161865234 7.51722526550293 0.15018890798091888 [ 0.02540615  0.05951915  0.01693655  0.73347706  0.45818184  0.11082845
  0.12497857  0.11430547  0.25453612  0.28703436  0.17930183  0.03907137] {'loss': [0.016896603628993034, 0.017320429906249046]}  
1.9721078872680664 7.382556915283203 0.15018890798091888 [ 0.02948405  0.08027009  0.0172599   0.38303551  0.51669524  0.1125921
  0.09302615  0.10639975  0.23693163  0.26718219  0.16690086  0.03636909] {'loss': [0.014692380093038082, 0.021712416782975197]}  
1.0822410583496094 7.247888565063477 0.15018890798091888 [ 0.03462876  0.11411728  0.0175926   0.01983876  0.58717777  0.1279508
  0.07192713  0.09928681  0.22109228  0.24932055  0.15574322  0.03393773] {'loss': [0.027027608826756477, 0.015670957043766975]}  
0.19237181544303894 7.11322021484375 0.15018890798091888 [ 0.04124765  0.17494079  0.01793502  0.02022489  0.30401343  0.14668069
  0.05726962  0.09286393  0.20678979  0.23319206  0.14566823  0.03657757] {'loss': [0.046265024691820145, 0.015433546155691147]}  
0.39012035727500916 7.143146514892578 0.15018890798091888 [ 0.04015298  0.16322076  0.01788366  0.02016698  0.34278399  0.14365588
  0.05914166  0.09377545  0.20881956  0.23548088  0.14709806  0.03560683] {'loss': [0.0086837438866496086, 0.014652241952717304]}  
-0.10425102710723877 7.068330764770508 0.15018890798091888 [ 0.0438805   0.20640977  0.01805138  0.02035612  0.23764093  0.15384585
  0.0533693   0.090861    0.20232962  0.22816233  0.14252635  0.03891232] {'loss': [0.024087823927402496, 0.012000949122011662]}  
-0.3514367341995239 7.033416748046875 0.15018890798091888 [ 0.04660557  0.24463005  0.01816232  0.02048122  0.19307075  0.16110612
  0.0500403   0.08902822  0.19824845  0.22356006  0.13965145  0.04132886] {'loss': [0.012665387243032455, 0.01282999012619257]}  
0.09349751472473145 7.100750923156738 0.15018890798091888 [ 0.04238771  0.18797003  0.0179866   0.02028306  0.27146708  0.14980208
  0.05548508  0.09196564  0.20478946  0.23093624  0.14425914  0.03758856] {'loss': [0.0074865859933197498, 0.019285785034298897]}  
0.3736412823200226 7.143146514892578 0.15018890798091888 [ 0.04001921  0.16183908  0.01787726  0.02015976  0.3481466   0.14328446
  0.05938211  0.09389032  0.20907536  0.23576936  0.14727825  0.03548821] {'loss': [0.011600309051573277, 0.0043348600156605244]}  
0.4395574629306793 7.15561580657959 0.15018890798091888 [ 0.03975367  0.15912774  0.01786446  0.02014533  0.35925624  0.14254579
  0.05986741  0.09412073  0.20958844  0.23634792  0.14763965  0.03525274] {'loss': [0.0090826014056801796, 0.0094359954819083214]}  
0.9355282187461853 7.213447093963623 -0.01647719368338585 [ 0.0366407   0.15456283  0.05348141  0.02040927  0.39116065  0.26500674
  0.07009651  0.05889996  0.18368979  0.24964748  0.19081518  0.06602542] {'loss': [0.0066623766906559467, 0.01678028516471386]}  
0.9355282187461853 7.213447093963623 -0.43314284086227417 [ 0.04241794  0.03629412  0.13352773  0.01694704  0.02021623  0.56362187
  0.17025322  0.06943349  0.0848688   0.20729729  0.24728614  0.1648465 ] {'loss': [0.046210765838623047, 0.023356964811682701]}  
1.353420615196228 6.9120659828186035 -0.8831417560577393 [ 0.1271894   0.02987483  0.04090227  0.09953843  0.01879934  0.09133888
  0.81865642  0.16452679  0.07625726  0.08877585  0.19040378  0.20961053] {'loss': [0.036122437566518784, 0.034285277128219604]}  
1.361402988433838 6.863472938537598 -1.333139181137085 [ 0.20315842  0.11139623  0.03134044  0.08243146  0.08717868  0.01972162
  0.18407741  0.71700375  0.10440342  0.07390995  0.10456904  0.19974478] {'loss': [0.036901775747537613, 0.031682427972555161]}  
1.3739092350006104 5.96997594833374 -1.716471552848816 [ 0.14501926  0.12797076  0.0570219   0.03301735  0.14449388  0.06438439
  0.02388573  0.4421539   1.          0.13048172  0.06835601  0.09111889] {'loss': [0.03945513442158699, 0.046575933694839478]}  
1.2432641983032227 5.079516887664795 -1.716471552848816 [ 0.1056918   0.09326665  0.04155827  0.03382403  0.15253525  0.01733534
  0.02758987  0.35392482  1.          1.          0.06591147  0.06640858] {'loss': [0.06813918799161911, 0.07369697093963623]}  
1.112619161605835 4.18905782699585 -1.716471552848816 [ 0.08043567  0.07097964  0.03162749  0.18275131  0.16126704  0.02024929
  0.03222753  0.28969207  1.          1.          1.          0.05053956] {'loss': [0.085143856704235077, 0.081800870597362518]}  
0.9819741249084473 3.298588514328003 -1.716471552848816 [ 0.0632585   0.05582182  0.02487339  0.19352098  0.17077066  0.02396486
  0.03814101  0.24148154  1.          1.          1.          0.03974675] {'loss': [0.10094040632247925, 0.094704128801822662]}  
0.8368129730224609 2.3091752529144287 -1.716471552848816 [ 0.04991484  0.04404684  0.02295387  0.20664289  0.18234986  0.02943229
  0.04684262  0.04133579  0.90707108  1.          1.          0.56764247] {'loss': [0.071799315512180328, 0.069706924259662628]}  
0.6916518211364746 1.3197669982910156 -1.716471552848816 [ 0.0403876   0.03563963  0.13895107  0.22114604  0.19514803  0.03700876
  0.05890087  0.05197647  0.76607551  1.          1.          0.47940765] {'loss': [0.063477128744125366, 0.067828767001628876]}  
0.5464906692504883 0.3303587734699249 -1.716471552848816 [ 0.03334888  0.02942837  0.14905783  0.23723135  0.03412425  0.04793693
  0.07629348  0.0673244   0.03905286  1.          0.92070785  0.41025411] {'loss': [0.060398776084184647, 0.061989780515432358]}  
0.4158456325531006 -0.560108482837677 -1.716471552848816 [ 0.02847634  0.02512865  0.15912735  0.25325739  0.03502789  0.06251082
  0.09948841  0.08779252  0.03911908  0.0601575   0.80804673  0.36005392] {'loss': [0.03637438639998436, 0.031632304191589355]}  
0.27068448066711426 -1.549516201019287 -1.716471552848816 [ 0.02421728  0.02137029  0.17156054  0.16451563  0.03607468  0.08811114
  0.14023227  0.12374653  0.05513967  0.0580498   0.70551907  0.31436903] {'loss': [0.03004772774875164, 0.027290336787700653]}  
0.14004012942314148 -2.4399847984313965 -1.716471552848816 [ 0.02115118  0.01866464  0.18403976  0.04199428  0.03705742  0.12744454
  0.20283293  0.17898786  0.0797544   0.05624615  0.21109175  0.28029837] {'loss': [0.01447980385273695, 0.012378760613501072]}  
0.009395603090524673 -3.3304567337036133 -1.716471552848816 [ 0.01863253  0.01644209  0.1979318   0.04315408  0.04437528  0.20046675
  0.31905053  0.28154287  0.12545149  0.05452529  0.08736857  0.25148052] {'loss': [0.027025371789932251, 0.029336659237742424]}  
-0.12124894559383392 -4.220925331115723 -1.716471552848816 [ 0.01653837  0.04725106  0.13419917  0.0443626   0.07977636  0.36039229
  0.57357847  0.50614832  0.2255323   0.05288221  0.04746957  0.21444536] {'loss': [0.023355161771178246, 0.034405704587697983]}  
-0.03672528266906738 -3.8292064666748047 -1.949804425239563 [ 0.08310796  0.01736877  0.12895837  0.05837962  0.04341261  0.1740384
  0.38573364  0.43369287  0.26995692  0.05826166  0.05391228  0.17439081] {'loss': [0.017340186983346939, 0.020219350233674049]}  
-0.6222888827323914 -4.6220831871032715 -2.4498038291931152 [ 0.11463919  0.04861892  0.01551733  0.1615088   0.04450869  0.04878005
  0.34494056  0.73477134  0.80528483  0.48596763  0.09613718  0.04696544] {'loss': [0.044433686882257462, 0.035957623273134232]}  
-1.1275322437286377 -4.890177249908447 -2.9498043060302734 [ 0.041548    0.1040377   0.01386216  0.01481083  0.13323202  0.05115767
  0.05465871  0.48888277  1.          1.          0.62606921  0.11265296] {'loss': [0.05668129026889801, 0.068803787231445312]}  
-1.9504280090332031 -5.024294853210449 -2.9831364154815674 [ 0.03601919  0.08874823  0.01324556  0.03920285  0.13457896  0.06051898
  0.06763626  0.50860304  1.          1.          0.77125184  0.16319154] {'loss': [0.037939809262752533, 0.061757281422615051]}  
-2.937896251678467 -5.182080268859863 -2.9831364154815674 [ 0.03004624  0.08248321  0.01299176  0.20239367  0.12507858  0.07996268
  0.08936664  0.61317194  1.          1.          0.92982159  0.19674373] {'loss': [0.050824329257011414, 0.056594043970108032]}  
-3.8305704593658447 -5.2755818367004395 3.0917160511016846 [ 0.02645449  0.04257178  0.02903407  0.19773453  0.15550436  0.08737156
  0.12229484  0.37895308  1.          1.          1.          0.50567659] {'loss': [0.043795302510261536, 0.053446155041456223]}  
-4.273409366607666 -5.202110290527344 2.591717004776001 [ 0.42456522  0.02455178  0.04808553  0.01089691  0.20488058  0.15686103
  0.10705418  0.1457432   0.37491373  1.          1.          1.        ] {'loss': [0.050633702427148819, 0.054199010133743286]}  
-4.282416343688965 -5.1739888191223145 2.1417183876037598 [ 1.          0.32509366  0.02448369  0.06126703  0.01182069  0.20431234
  0.14353478  0.11612965  0.145339    0.47881595  1.          1.        ] {'loss': [0.071834035217761993, 0.077485866844654083]}  
-4.590667724609375 -4.2310662269592285 1.641719937324524 [ 0.63429545  0.43309359  0.11794637  0.02324498  0.05419397  0.01357865
  0.32510269  0.22197831  0.13453334  0.16399316  0.20520322  0.52035039] {'loss': [0.032247953116893768, 0.03662383183836937]}  
-4.500164985656738 -3.2370450496673584 1.4417197704315186 [ 0.32155333  0.27866472  0.12059671  0.02330143  0.06971093  0.01200408
  0.62821159  0.54442108  0.23560724  0.15691197  0.13598305  0.206374  ] {'loss': [0.040541961789131165, 0.021298587322235107]}  
-4.450083255767822 -2.8903825283050537 1.0750524997711182 [ 0.20594602  0.26346542  0.18942483  0.05786478  0.02386228  0.05965572
  0.01569301  0.90059456  0.647504    0.19779709  0.15594146  0.11211784] {'loss': [0.045795902609825134, 0.039307817816734314]}  
-4.044821262359619 -2.5371556282043457 0.575051486492157 [ 0.09419543  0.17966728  0.22381925  0.15646263  0.0449539   0.02526023
  0.06472016  0.01684904  1.          0.87931211  0.2526386   0.13474629] {'loss': [0.039068080484867096, 0.031188962981104851]}  
-3.2242271900177 -2.173741102218628 0.4083844721317291 [ 0.0866861   0.12081004  0.18692215  0.16101443  0.06899458  0.02856418
  0.10286578  0.01415932  0.02190787  1.          0.73205977  0.10063416] {'loss': [0.035284861922264099, 0.022114472463726997]}  
-2.3432013988494873 -1.6998322010040283 0.5000510215759277 [ 0.0604424   0.1139219   0.15611258  0.12029028  0.04227727  0.03389038
  0.13036273  0.01742414  0.02387712  0.70886853  1.          0.07844208] {'loss': [0.036525439471006393, 0.026284806430339813]}  
-1.4656398296356201 -1.220360517501831 0.5000510215759277 [ 0.04793356  0.09505578  0.13025943  0.10036951  0.03527592  0.04011026
  0.19412747  0.01879092  0.02575009  0.22613993  0.71743447  0.06220814] {'loss': [0.026141054928302765, 0.019197927787899971]}  
-0.6758357882499695 -0.7888360023498535 0.5000510215759277 [ 0.03972117  0.08181387  0.11211343  0.08638737  0.0345152   0.04729781
  0.30201659  0.1061469   0.02763081  0.11676345  0.37043497  0.50762469] {'loss': [0.02091187983751297, 0.024262947961688042]}  
0.20172223448753357 -0.30936503410339355 0.5000510215759277 [ 0.03284827  0.07010407  0.09606694  0.07402297  0.04218397  0.74524447
  0.57423715  0.20182171  0.02997268  0.02309501  0.21496932  0.29458262] {'loss': [0.058883771300315857, 0.028531370684504509]}  
1.0549193620681763 0.21099606156349182 0.7083835005760193 [ 0.03424655  0.07295854  0.07996633  0.04826217  1.          1.          1.
  0.21747991  0.03182327  0.01920633  0.17153264  0.18800867] {'loss': [0.089979015290737152, 0.081251285970211029]}  
1.5830270051956177 0.9347679018974304 1.1583824157714844 [ 0.05660295  0.06722037  1.          1.          1.          1.
  0.79003717  0.03711326  0.02461633  0.12909381  0.15330885  0.02335084] {'loss': [0.12232261151075363, 0.12656012177467346]}  
1.7456505298614502 1.8135788440704346 1.608379602432251 [ 0.05469791  1.          1.          1.          1.          1.
  0.04473328  0.03242606  0.112106    0.14454986  0.02285681  0.0424211 ] {'loss': [0.14415161311626434, 0.13715505599975586]}  
1.5104093551635742 2.6724536418914795 2.058378219604492 [ 0.91771317  1.          1.          1.          1.          0.05413491
  0.04270845  0.02333427  0.1573283   0.12412044  0.03208531  0.04505993] {'loss': [0.11375192552804947, 0.10624571889638901]}  
0.95174640417099 3.366903305053711 2.4500458240509033 [ 1.          1.          1.          0.72665414  0.06242566  0.05694457
  0.02672214  0.19241705  0.17552248  0.02285552  0.03786113  0.03453685] {'loss': [0.092939555644989014, 0.10282424837350845]}  
0.05527263134717941 3.778601884841919 2.9500465393066406 [ 0.66672526  0.62385687  0.04052202  0.0692901   0.06483501  0.0316118
  0.29657602  0.27750727  0.13530509  0.03449938  0.03228118  0.38991199] {'loss': [0.051119685173034668, 0.055307317525148392]}  
-0.9332024455070496 3.7121810913085938 -2.8831377029418945 [ 0.32541196  0.03540485  0.06639136  0.06662974  0.03588167  0.54668511
  0.54864826  0.29545988  0.03373044  0.03385156  0.17291322  0.32424763] {'loss': [0.036451090127229691, 0.030163610354065895]}  
-1.7608025074005127 3.5277435779571533 -3.0748038291931152 [ 0.22026933  0.02598271  0.05495274  0.06729489  0.04618015  1.          1.
  0.89063614  0.24538344  0.03740414  0.02566806  0.1798712 ] {'loss': [0.071888022124767303, 0.0697026327252388]}  
-0.9940454959869385 3.383209228515625 2.875049114227295 [ 0.29994057  0.30417457  0.03185517  0.06060145  0.06145691  0.03356607
  0.59990712  0.60837535  0.33227813  0.03574974  0.03625439  0.15766387] {'loss': [0.045842316001653671, 0.039209194481372833]}  
-0.5329225063323975 3.3115999698638916 -2.908134937286377 [ 0.42081109  0.02972565  0.05860522  0.0609559   0.03442703  0.40744878
  0.42379185  0.23935155  0.03579472  0.03723047  0.20521205  0.40458305] {'loss': [0.035456161946058273, 0.031615406274795532]}  
-1.3315424919128418 2.9066691398620605 -2.4581351280212402 [ 0.02541045  0.05066399  0.05704971  0.03557566  0.71344697  0.80337016
  0.50097399  0.03672306  0.04135166  0.0257865   0.2411332   0.27152571] {'loss': [0.048173639923334122, 0.055139016360044479]}  
-1.9171042442321777 2.1040313243865967 -1.9581339359283447 [ 0.04144221  0.04788054  0.56955031  1.          1.          0.97931014
  0.04266451  0.04929274  0.03168238  0.17648199  0.20389965  0.0234147 ] {'loss': [0.077938713133335114, 0.076949335634708405]}  
-2.04850172996521 1.1221144199371338 -1.4581340551376343 [ 0.03922083  0.64824456  1.          1.          1.          0.05271959
  0.0625068   0.04138327  0.0300352   0.1919019   0.12705061  0.0330797 ] {'loss': [0.094596691429615021, 0.080885380506515503]}  
-1.693564772605896 0.20132678747177124 -0.9581297636032104 [ 0.399135    1.          1.          0.04453272  0.06614004  0.08049102
  0.05485996  0.03137908  0.22515333  0.15345693  0.02711772  0.03300169] {'loss': [0.076592117547988892, 0.083082355558872223]}  
-1.0922399759292603 -0.5974200367927551 -0.9247964024543762 [ 0.25185435  0.58897477  0.05585611  0.03738713  0.08743182  0.10162728
  0.06577807  0.03677673  0.30389029  0.19669245  0.02445713  0.028428  ] {'loss': [0.038830675184726715, 0.033536363393068314]}  
-0.4360138177871704 -1.3435486555099487 -0.6581295728683472 [ 0.26581059  0.29009559  0.04210274  0.08255394  0.13091328  0.11517035
  0.05106809  0.04891406  0.39592953  0.17556051  0.02496629  0.02196398] {'loss': [0.037911351770162582, 0.038308668881654739]}  
0.4608166813850403 -1.771547555923462 -0.36646130681037903 [ 0.22446333  0.03948408  0.06260641  0.1377641   0.15418608  0.09545044
  0.05368244  0.10424936  0.56984739  0.12114949  0.02319823  0.1020066 ] {'loss': [0.040322408080101013, 0.042664196342229843]}  
1.4223114252090454 -2.0317561626434326 -0.18312689661979675 [ 0.08649637  0.02990774  0.10203275  0.17057042  0.15674814  0.07438821
  0.07673847  0.29085045  1.          0.1098169   0.02027882  0.09631387] {'loss': [0.043292749673128128, 0.042099028825759888]}  
2.406968832015991 -2.2031495571136475 -0.0914597436785698 [ 0.02803591  0.03216811  0.12538886  0.18832949  0.15804946  0.07051865
  0.10591651  0.33817835  1.          1.          0.01846995  0.07612819] {'loss': [0.05655733123421669, 0.05284760519862175]}  
3.4054768085479736 -2.1635193824768066 0.0585414320230484 [ 0.02401571  0.05670406  0.1498515   0.18693701  0.13087502  0.12207035
  0.15228047  0.63294514  1.          1.          0.01558401  0.06743782] {'loss': [0.068075783550739288, 0.049197468906641006]}  
4.303943634033203 -2.110870361328125 0.05854224041104317 [ 0.02098655  0.05543299  0.14649217  0.18274612  0.12794084  0.17961419
  0.22406518  0.68406812  1.          1.          1.          0.05276493] {'loss': [0.073854878544807434, 0.067596949636936188]}  
5.302240371704102 -2.0523624420166016 0.0585431344807148 [ 0.01824734  0.05406994  0.14288991  0.17825218  0.12479451  0.30826746
  0.38455725  0.74849853  1.          1.          1.          0.49800164] {'loss': [0.054692789912223816, 0.073205210268497467]}  
6.297459125518799 -2.0810706615448 -0.22478897869586945 [ 0.03992066  0.01645124  0.09813807  0.17167536  0.16352571  0.44111047
  0.77164518  0.73501424  1.          1.          1.          1.        ] {'loss': [0.075528733432292938, 0.081181004643440247]}  
7.175723075866699 -2.544440984725952 -0.7247875332832336 [ 0.5783879   0.03389388  0.02310395  0.12459515  0.21103008  0.23566502
  1.          1.          1.          0.96374235  1.          1.        ] {'loss': [0.10529579967260361, 0.086132943630218506]}  
7.727822780609131 -3.3703114986419678 -1.2247861623764038 [ 0.54578692  0.25314904  0.01760628  0.0402025   0.19769303  0.32445633
  0.80760383  1.          1.          1.          1.          0.60288209] {'loss': [0.081189602613449097, 0.075058586895465851]}  
7.818585395812988 -4.356481075286865 -1.7247846126556396 [ 0.31552757  0.27842793  0.12405902  0.01303068  0.08875964  0.40094602
  0.63810439  1.          1.          1.          1.          1.        ] {'loss': [0.091954238712787628, 0.092490456998348236]}  
7.425802707672119 -5.261516571044922 -2.2247843742370605 [ 1.          0.20011761  0.17209984  0.02125297  0.01370428  0.25029303
  1.          1.          1.          1.          1.          1.        ] {'loss': [0.11818369477987289, 0.10889408737421036]}  
6.645616054534912 -5.863806247711182 -2.724785804748535 [ 1.          0.4134131   0.15476172  0.12968781  0.02545478  0.01511771
  0.76893493  1.          1.          1.          1.          1.        ] {'loss': [0.11257242411375046, 0.093200355768203735]}  
5.768851280212402 -6.022968769073486 3.1084001064300537 [ 0.55391778  0.4274515   0.15066377  0.1455694   0.11233413  0.03357839
  0.0170466   1.          1.          1.          1.          1.        ] {'loss': [0.076176844537258148, 0.090056173503398895]}  
4.884669303894043 -5.858846664428711 2.858401298522949 [ 0.35468408  0.29452046  0.16085463  0.14310067  0.14511771  0.02742054
  0.01779954  0.29181513  1.          1.          1.          1.        ] {'loss': [0.066417746245861053, 0.063892997801303864]}  
4.044345855712891 -5.541208267211914 2.900068521499634 [ 0.19293359  0.19047978  0.10029514  0.1651297   0.16302955  0.0355643
  0.02033967  0.19287439  1.          1.          1.          1.        ] {'loss': [0.061856880784034729, 0.050472736358642578]}  
3.1514732837677 -5.533791542053223 -2.9831156730651855 [ 0.13863328  0.08567251  0.15522924  0.01391591  0.03545644  0.02268268
  0.0629123   1.          1.          1.          1.          0.32205587] {'loss': [0.077674426138401031, 0.066530130803585052]}  
2.2627522945404053 -5.675824165344238 -2.9831137657165527 [ 0.10169881  0.06665174  0.14633159  0.01368275  0.04713966  0.02503478
  0.07994139  1.          1.          1.          1.          0.40921665] {'loss': [0.057590130716562271, 0.058953892439603806]}  
1.3694478273391724 -5.775645732879639 -3.0831127166748047 [ 0.07939417  0.05558814  0.12840402  0.01381231  0.05006267  0.03233773
  0.03346532  1.          1.          1.          1.          0.78644131] {'loss': [0.077761754393577576, 0.057967334985733032]}  
0.4709872007369995 -5.828251361846924 -3.083111524581909 [ 0.06253134  0.04757376  0.12573824  0.01372716  0.07497088  0.03185296
  0.03973865  1.          1.          1.          1.          0.87508884] {'loss': [0.070863537490367889, 0.053711738437414169]}  
-0.42747390270233154 -5.880856990814209 -3.0831103324890137 [ 0.05052144  0.04659635  0.09683066  0.0136428   0.10757366  0.03844026
  0.04795669  1.          1.          1.          1.          0.979616  ] {'loss': [0.079684056341648102, 0.058083657175302505]}  
-0.7269607782363892 -5.897418022155762 -3.083108901977539 [ 0.04693874  0.04624208  0.07782605  0.01361175  0.10675523  0.04140778
  0.05165877  1.          1.          1.          1.          1.        ] {'loss': [0.063146620988845825, 0.063597708940505981]}  
-0.7269607782363892 -5.897418022155762 -3.0831079483032227 [ 0.04693875  0.04624224  0.07782577  0.01361175  0.10675511  0.04140782
  0.05165878  1.          1.          1.          1.          1.        ] {'loss': [0.067388303577899933, 0.063525542616844177]}  
-0.7269607782363892 -5.897418022155762 -3.0831072330474854 [ 0.04693874  0.04624234  0.07782551  0.01361175  0.10675498  0.04140787
  0.05165877  1.          1.          1.          1.          1.        ] {'loss': [0.066707171499729156, 0.059599786996841431]}  
-0.7269607782363892 -5.897418022155762 -3.083106279373169 [ 0.04693874  0.04624248  0.07782521  0.01361175  0.10675485  0.0414079
  0.05165878  1.          1.          1.          1.          1.        ] {'loss': [0.045211311429738998, 0.063197493553161621]}  
-0.7269607782363892 -5.897418022155762 -3.0831053256988525 [ 0.04693874  0.04624256  0.07782495  0.01361175  0.10675474  0.04140792
  0.05165876  1.          1.          1.          1.          1.        ] {'loss': [0.059300333261489868, 0.045953869819641113]}  
-0.7269607782363892 -5.897418022155762 -3.0831050872802734 [ 0.04693873  0.04624264  0.07782486  0.01361175  0.10675468  0.04140795
  0.05165876  1.          1.          1.          1.          1.        ] {'loss': [0.04394816979765892, 0.049260709434747696]}  
-0.7269607782363892 -5.897418022155762 -3.083104133605957 [ 0.04693873  0.04624274  0.07782455  0.01361175  0.10675452  0.041408
  0.05165876  1.          1.          1.          1.          1.        ] {'loss': [0.041150916367769241, 0.038289651274681091]}  
