1.0 0.0 1.4281487892731093e-05 [ 0.01670299  0.11111659  0.06249692  0.01777778  0.2500124   0.75001218
  0.99999976  0.7499877   0.33333883  0.44444444  0.33332783  0.11110561] {'loss': [0.056510090827941895, 0.047372888773679733]}  
1.0 0.0 1.5180348782450892e-05 [ 0.01670299  0.11111694  0.06249672  0.01777778  0.25001309  0.75001313
  0.99999976  0.74998688  0.33333915  0.44444444  0.33332749  0.11110529] {'loss': [0.049466833472251892, 0.057893786579370499]}  
1.0 0.0 -0.2916506826877594 [ 0.01539776  0.02517002  0.13037783  0.01638855  0.05663255  0.47848867
  0.92185609  0.94336745  0.52151133  0.40971382  0.41927442  0.2317828 ] {'loss': [0.0553777776658535, 0.059065159410238266]}  
1.3475451469421387 -0.26876622438430786 -0.7416499257087708 [ 0.1712394   0.0153326   0.04987552  0.09589702  0.01755295  0.13556534
  0.78497789  1.          1.          0.63711584  0.36565463  0.34578393] {'loss': [0.08111012727022171, 0.070435158908367157]}  
1.52011239528656 -0.43807002902030945 -1.1916486024856567 [ 0.29008465  0.12711583  0.0153465   0.08701247  0.07354119  0.01851614
  0.2607705   1.          1.          1.          0.68607483  0.33216885] {'loss': [0.098060883581638336, 0.095738470554351807]}  
1.631467580795288 -1.274774193763733 -1.6083155870437622 [ 0.2237867   0.17519369  0.06345799  0.01539488  0.1457005   0.05277509
  0.02105006  0.46696114  1.          1.          1.          0.60587672] {'loss': [0.098865069448947906, 0.089068658649921417]}  
1.5977178812026978 -2.174149990081787 -1.6083155870437622 [ 0.15212437  0.11909213  0.04313711  0.01545959  0.14784678  0.01729535
  0.02409346  0.4447345   1.          1.          1.          0.57703832] {'loss': [0.10270790010690689, 0.099323533475399017]}  
1.5531584024429321 -3.072571039199829 -1.7083159685134888 [ 0.10843255  0.09398112  0.04067984  0.01530312  0.16413539  0.07104621
  0.02742198  0.28388741  1.          1.          1.          0.70930677] {'loss': [0.10550111532211304, 0.094134755432605743]}  
1.2332032918930054 -3.9029757976531982 -2.158313035964966 [ 0.39199064  0.08470264  0.06767411  0.0113278   0.22060735  0.17625673
  0.02258152  0.03214055  0.266278    0.91646956  1.          1.        ] {'loss': [0.092561177909374237, 0.092212669551372528]}  
0.5828019976615906 -4.508888244628906 -2.599980115890503 [ 0.51475275  0.16444625  0.07140926  0.05244862  0.01345223  0.30660302
  0.22519356  0.02768176  0.036153    0.18631515  0.53662206  0.70084076] {'loss': [0.060332644730806351, 0.059876143932342529]}  
-0.2258072942495346 -4.88939094543457 -2.8916471004486084 [ 0.36661928  0.19748359  0.06003413  0.06026107  0.03246033  0.47294011
  0.47472795  0.25571767  0.03635013  0.03648755  0.1947222   0.3652385 ] {'loss': [0.035604622215032578, 0.052400831133127213]}  
-0.7790144681930542 -5.008138656616211 -2.749979257583618 [ 0.2409225   0.10635451  0.06115298  0.05365019  0.50299416  0.79504069
  0.69749788  0.30790836  0.0392815   0.03917092  0.17373893  0.27461468] {'loss': [0.040444720536470413, 0.03591499850153923]}  
-1.0857017040252686 -5.301601409912109 -2.2999796867370605 [ 0.10954832  0.05592668  0.05312673  0.58425723  1.          0.96748112
  0.48227904  0.04029952  0.03828195  0.13271245  0.23134273  0.21976065] {'loss': [0.053169529885053635, 0.054896246641874313]}  
-1.5135948657989502 -6.088298797607422 -1.849977970123291 [ 0.04500841  0.0462665   0.84802021  1.          1.          0.93993687
  0.04582053  0.04710131  0.09351022  0.18130223  0.1863701   0.10364579] {'loss': [0.064338855445384979, 0.061686757951974869]}  
-1.5748023986816406 -6.9816813468933105 -1.5249762535095215 [ 0.04046669  0.57365135  1.          1.          1.          0.04845555
  0.06131794  0.05551785  0.15061543  0.19059581  0.13547866  0.04038109] {'loss': [0.069943301379680634, 0.062487196177244186]}  
-1.5335779190063477 -7.880740642547607 -1.5249762535095215 [ 0.03402729  0.54181889  1.          1.          1.          0.06137078
  0.07766147  0.05653183  0.15336611  0.19407663  0.13795286  0.04111856] {'loss': [0.066850855946540833, 0.06132790818810463]}  
-1.5486233234405518 -8.777620315551758 -1.7583094835281372 [ 0.02815508  0.21468576  1.          1.          0.01159442  0.05921367
  0.09846876  0.09010462  0.11286685  0.1876907   0.17174794  0.08098115] {'loss': [0.058307021856307983, 0.058542247861623764]}  
-1.909812331199646 -9.590652465820312 -2.2083091735839844 [ 0.05792859  0.02511248  0.53508733  1.          0.14660272  0.02219662
  0.08804692  0.13319635  0.11249559  0.1093449   0.16541584  0.13970772] {'loss': [0.050372686237096786, 0.051004644483327866]}  
-2.5900065898895264 -10.162683486938477 -2.658310890197754 [ 0.10053995  0.03598875  0.02314522  1.          0.85706336  0.01175222
  0.03772819  0.1222113   0.16913935  0.13158434  0.09337828  0.1292347 ] {'loss': [0.063242390751838684, 0.066507443785667419]}  
-3.411647319793701 -10.527148246765137 -2.7999777793884277 [ 0.08671056  0.04051355  1.          1.          0.7229329   0.05234312
  0.02332649  0.11662582  0.19252273  0.17512031  0.0818211   0.09532728] {'loss': [0.065854094922542572, 0.06132662296295166]}  
-4.295490741729736 -10.680971145629883 -3.074977159500122 [ 0.07541832  0.05176563  1.          1.          0.97002692  0.26738591
  0.01419788  0.06797027  0.17382029  0.21290057  0.14613072  0.06157447] {'loss': [0.067641504108905792, 0.062827043235301971]}  
-5.195023536682129 -10.684674263000488 3.124875783920288 [ 0.06003133  0.04589686  1.          1.          1.          0.37257295
  0.01594121  0.05064032  0.15802147  0.21482243  0.16424218  0.05686105] {'loss': [0.05885077640414238, 0.062653280794620514]}  
-6.094906806945801 -10.669636726379395 3.1248764991760254 [ 0.04870023  0.33781486  1.          1.          1.          0.37930944
  0.01791964  0.05028938  0.15692585  0.21333285  0.1631031   0.05646653] {'loss': [0.051910027861595154, 0.059584427624940872]}  
-6.994783878326416 -10.65461254119873 3.124877452850342 [ 0.04029889  0.34397454  1.          1.          1.          0.38622435
  0.02029058  0.04994216  0.15584251  0.21185984  0.16197681  0.05607647] {'loss': [0.054055303335189819, 0.05150938406586647]}  
-7.887523651123047 -10.731504440307617 -2.866640090942383 [ 0.03158806  0.68420418  1.          1.          0.67113968  0.08755209
  0.02154371  0.11012569  0.20405669  0.20300532  0.1080229   0.03175165] {'loss': [0.054856922477483749, 0.066838614642620087]}  
-8.66893482208252 -11.169074058532715 -2.4166414737701416 [ 0.37827421  0.78440131  0.84451627  0.49850463  0.09237716  0.02523568
  0.11558048  0.23967146  0.25803948  0.15231653  0.02822556  0.02841724] {'loss': [0.054016429930925369, 0.046123329550027847]}  
-9.185051918029785 -11.90139389038086 -1.9666427373886108 [ 0.41476364  0.48368206  0.3142411   0.02416993  0.02818606  0.1454231
  0.34191948  0.3987336   0.25905134  0.0625549   0.02661479  0.17640475] {'loss': [0.033082421869039536, 0.039022691547870636]}  
-9.351974487304688 -12.78201675415039 -1.6499748229980469 [ 0.28537185  0.23408712  0.0922996   0.02928419  0.14376217  0.52777085
  0.77288385  0.6339875   0.24997869  0.02606436  0.02138028  0.19486889] {'loss': [0.049174431711435318, 0.035449855029582977]}  
-9.499751091003418 -13.6648530960083 -1.9249744415283203 [ 0.16601402  0.1817041   0.10947439  0.02671576  0.06547558  0.87191934
  1.          1.          1.          0.24065481  0.02484602  0.07809414] {'loss': [0.070417225360870361, 0.095279276371002197]}  
-9.991316795349121 -14.405570983886719 -2.374976873397827 [ 0.06788383  0.12863901  0.13008776  0.01608804  0.03048663  0.62516914
  1.          1.          1.          1.          0.73076443  0.02231631] {'loss': [0.1176036074757576, 0.10137027502059937]}  
-10.75793170928955 -14.856040000915527 -2.8249776363372803 [ 0.01906624  0.06601733  0.11269687  0.10531148  0.02133536  0.03642118
  1.          1.          1.          1.          1.          1.        ] {'loss': [0.1347491592168808, 0.14519594609737396]}  
-11.646952629089355 -14.899102210998535 3.0082085132598877 [ 1.          0.01590878  0.07283122  0.11290175  0.09741334  0.02883349
  0.04469719  1.          1.          1.          1.          1.        ] {'loss': [0.14753390848636627, 0.12853163480758667]}  
-12.513144493103027 -14.656110763549805 2.8415422439575195 [ 1.          0.01586932  0.05743794  0.11351597  0.11826905  0.02545391
  0.05030517  1.          1.          1.          1.          1.        ] {'loss': [0.13154089450836182, 0.1267303079366684]}  
-13.372910499572754 -14.390121459960938 2.8415422439575195 [ 0.98672163  0.01424336  0.06323038  0.12496374  0.13019618  0.03148941
  0.06223327  0.5551047   1.          1.          1.          1.        ] {'loss': [0.10373725742101669, 0.11805363744497299]}  
-14.208745956420898 -14.057599067687988 2.7248759269714355 [ 0.7706215   0.0134008   0.05391614  0.12971687  0.15336686  0.02987353
  0.07187277  0.08497662  1.          1.          1.          1.        ] {'loss': [0.11215737462043762, 0.11045563220977783]}  
-15.001296997070312 -13.632192611694336 2.5998761653900146 [ 0.59044138  0.0123791   0.04322808  0.13534744  0.18429919  0.02581782
  0.08083577  0.11007205  0.52075987  1.          1.          1.        ] {'loss': [0.1006581112742424, 0.085304267704486847]}  
-15.771997451782227 -13.166960716247559 2.574876308441162 [ 0.3441749   0.01137153  0.05014898  0.16358796  0.00874473  0.03192527
  0.10414143  0.1446075   0.27036335  0.88193584  1.          0.95574731] {'loss': [0.085086114704608917, 0.081173054873943329]}  
-16.396385192871094 -12.524157524108887 2.1248767375946045 [ 0.48347101  0.14671133  0.01063543  0.089405    0.24614953  0.00525577
  0.05325568  0.14662347  0.18701751  0.19208309  0.52884253  0.67453689] {'loss': [0.05606440082192421, 0.049022521823644638]}  
-16.739479064941406 -11.692716598510742 1.9165419340133667 [ 0.33310118  0.1567185   0.01177876  0.0612034   0.31096849  0.04191938
  0.02517518  0.12791307  0.21233633  0.19402182  0.21960419  0.3645439 ] {'loss': [0.045650362968444824, 0.042034763842821121]}  
-17.044452667236328 -10.845979690551758 1.9165419340133667 [ 0.20990893  0.09875864  0.00965496  0.12820036  0.40297445  0.03028674
  0.02919495  0.14833721  0.24624051  0.22500169  0.13838706  0.22972305] {'loss': [0.042100023478269577, 0.040759850293397903]}  
-17.31305694580078 -9.98796558380127 1.7415411472320557 [ 0.15772112  0.09591164  0.01939559  0.10734271  0.44368594  0.08972386
  0.0084696   0.12011365  0.25832157  0.28488545  0.17324157  0.1430145 ] {'loss': [0.04286898672580719, 0.051776017993688583]}  
-17.466007232666016 -9.101059913635254 1.7415411472320557 [ 0.1135205   0.06903283  0.01396006  0.64171999  0.39023614  0.07891499
  0.00921737  0.13071825  0.28112832  0.31003747  0.18853675  0.10293532] {'loss': [0.038175690919160843, 0.030593367293477058]}  
-17.61895751953125 -8.214154243469238 1.7415411472320557 [ 0.08559702  0.05205231  0.0105262   0.56880086  0.34589337  0.06994781
  0.01006872  0.14279187  0.30709431  0.33867363  0.20595068  0.07761556] {'loss': [0.048061832785606384, 0.050679992884397507]}  
-17.769023895263672 -7.326666831970215 1.6915407180786133 [ 0.06768191  0.04343841  0.44594832  0.51458248  0.33025999  0.07730417
  0.00785647  0.14096271  0.32572419  0.37585511  0.24122443  0.05865456] {'loss': [0.038722604513168335, 0.029055019840598106]}  
-17.78534507751465 -6.42710018157959 1.574873685836792 [ 0.05506529  0.04110476  0.38854493  0.51562929  0.38490347  0.12709343
  0.00867164  0.09812946  0.29164235  0.38703206  0.28890898  0.09539646] {'loss': [0.037383843213319778, 0.029350100085139275]}  
-17.762666702270508 -5.527548313140869 1.533206582069397 [ 0.0449899   0.03522363  0.37530978  0.52287227  0.40936903  0.14830196
  0.00943323  0.08333764  0.27377959  0.38142322  0.29862503  0.10818276] {'loss': [0.028066100552678108, 0.023411549627780914]}  
-17.728883743286133 -4.628180027008057 1.533206582069397 [ 0.03749132  0.02935281  0.38465564  0.53589322  0.41956286  0.15199493
  0.0103152   0.0816245   0.26815164  0.37358251  0.29248632  0.10595889] {'loss': [0.030576581135392189, 0.032922085374593735]}  
-17.695100784301758 -3.728811740875244 1.533206582069397 [ 0.03172238  0.12004035  0.39435486  0.54940552  0.43014215  0.15582752
  0.01132691  0.07996367  0.2626954   0.3659811   0.28653503  0.10380291] {'loss': [0.025182520970702171, 0.026271654292941093]}  
-17.690731048583984 -2.8292644023895264 1.599873423576355 [ 0.02720403  0.15236891  0.42834224  0.55241481  0.40051295  0.1245398
  0.01250243  0.10060178  0.28281354  0.3647324   0.26443923  0.08222756] {'loss': [0.023970425128936768, 0.024938186630606651]}  
-17.71689224243164 -1.929639220237732 1.599873423576355 [ 0.02357465  0.14944758  0.42012981  0.54182301  0.3928341   0.12215207
  0.01386235  0.10221101  0.28733729  0.37056651  0.26866902  0.08354286] {'loss': [0.019443253055214882, 0.023537419736385345]}  
-17.743053436279297 -1.0300198793411255 1.599873423576355 [ 0.02062596  0.14660963  0.4121515   0.53153404  0.38537413  0.11983245
  0.01545684  0.10385905  0.29197045  0.37654174  0.27300118  0.08488991] {'loss': [0.023223789408802986, 0.025436170399188995]}  
-17.769214630126953 -0.13040053844451904 1.599873423576355 [ 0.01819779  0.14385156  0.40439802  0.52153503  0.37812459  0.11757811
  0.01734313  0.1055474   0.29671664  0.38266266  0.27743901  0.08626991] {'loss': [0.022999314591288567, 0.0217747762799263]}  
-17.887983322143555 0.7594596147537231 1.8082059621810913 [ 0.01530905  0.22934606  0.44377699  0.45553296  0.25285836  0.01802938
  0.02273069  0.19545669  0.37820205  0.38822114  0.21549474  0.03274987] {'loss': [0.020781531929969788, 0.017720161005854607]}  
-18.099641799926758 1.6342172622680664 1.8082059621810913 [ 0.01373678  0.19901979  0.38509682  0.39529811  0.21942311  0.02045746
  0.02615976  0.22494261  0.4352564   0.44678694  0.24800355  0.0376904 ] {'loss': [0.027753045782446861, 0.025019707158207893]}  
-18.201251983642578 2.526604175567627 1.6248728036880493 [ 0.01305785  0.11652469  0.3107627   0.38961762  0.27423421  0.07999659
  0.02543023  0.15208371  0.40559604  0.5085143   0.35792035  0.10440858] {'loss': [0.015307202935218811, 0.021370202302932739]}  
-18.223783493041992 3.4259047508239746 1.55820631980896 [ 0.01184387  0.09203125  0.2843614   0.38472165  0.29275144  0.1004213
  0.02959874  0.12416652  0.38365402  0.51905787  0.39497327  0.13548617] {'loss': [0.015661254525184631, 0.017461510375142097]}  
-18.18413543701172 4.324538707733154 1.4915399551391602 [ 0.01069927  0.07278149  0.26724959  0.39140509  0.32109246  0.12662499
  0.03455491  0.09339305  0.34293374  0.50225029  0.41202548  0.16248485] {'loss': [0.012560192495584488, 0.016975872218608856]}  
-18.11286163330078 5.2217183113098145 1.4915399551391602 [ 0.00976869  0.07614961  0.27961691  0.40951791  0.33595182  0.02809813
  0.04115168  0.0888348   0.32619634  0.4777371   0.39191536  0.15455442] {'loss': [0.019244624301791191, 0.015713121742010117]}  
-18.041587829589844 6.118897914886475 1.4915399551391602 [ 0.00895445  0.07975714  0.29286392  0.42891882  0.35186714  0.03402703
  0.04983497  0.0846022   0.31065439  0.45497453  0.37324231  0.14719051] {'loss': [0.013554341159760952, 0.012576592154800892]}  
-17.970314025878906 7.016077518463135 1.4915399551391602 [ 0.00823792  0.08362714  0.30707413  0.44973063  0.36894032  0.0420514
  0.06158723  0.08066512  0.29619771  0.43380141  0.35587286  0.14034083] {'loss': [0.0092241857200860977, 0.010607097297906876]}  
-17.89904022216797 7.913257122039795 1.4915399551391602 [ 0.00760408  0.08778591  0.32234499  0.472096    0.01451247  0.05328902
  0.07804552  0.07699644  0.28272677  0.41407263  0.33968813  0.13395818] {'loss': [0.015751859173178673, 0.016349377110600471]}  
-17.798900604248047 8.805981636047363 1.3248711824417114 [ 0.02173232  0.04041015  0.26613859  0.47958099  0.00850404  0.05380681
  0.09695967  0.09447585  0.20564861  0.37057851  0.36108491  0.1866618 ] {'loss': [0.014204550534486771, 0.02052447572350502]}  
-17.390684127807617 9.596144676208496 0.874871015548706 [ 0.12515525  0.00828132  0.08514848  0.41061236  0.05502174  0.01672468
  0.08065191  0.13145406  0.11832899  0.18554533  0.30241947  0.27222447] {'loss': [0.017509808763861656, 0.014440047554671764]}  
-16.677921295166016 10.127213478088379 0.4248711168766022 [ 0.17889603  0.07208373  0.00629406  0.24155213  0.9157689   0.0266178
  0.0294365   0.11159885  0.16568596  0.13761081  0.14508024  0.21539429] {'loss': [0.042515605688095093, 0.026444720104336739]}  
-15.808265686035156 10.345526695251465 0.1915380209684372 [ 0.14484251  0.08566925  0.01597138  0.20496026  1.          0.07638853
  0.01085979  0.07906457  0.1643427   0.1772202   0.10481978  0.1343177 ] {'loss': [0.039235774427652359, 0.023606372997164726]}  
-14.814510345458984 10.349441528320312 -0.10846175998449326 [ 0.10443802  0.08848666  0.03688682  1.          0.0187794   0.07614509
  0.02553453  0.03015444  0.12067183  0.18320715  0.15522493  0.06878952] {'loss': [0.055949404835700989, 0.023860672488808632]}  
-13.821022987365723 10.234990119934082 -0.1751285195350647 [ 0.0761692   0.06877238  1.          0.28570784  0.02002336  0.10092231
  0.07127968  0.02157109  0.10510542  0.17194235  0.15524495  0.07171064] {'loss': [0.03171856701374054, 0.035026434808969498]}  
-13.0005521774292 9.877118110656738 -0.6251283884048462 [ 0.05158202  0.06238944  0.05197846  0.63879962  0.0238053   0.01983289
  0.16407939  0.04216778  0.02683927  0.10259034  0.15283717  0.12733313] {'loss': [0.025773005560040474, 0.015739293769001961]}  
-12.435359954833984 9.280216217041016 -0.8167930245399475 [ 0.06598456  0.04972136  0.91479453  0.51887295  0.08479517  0.02523784
  0.15601595  0.30904142  0.01597462  0.05628005  0.11148129  0.11633354] {'loss': [0.034167241305112839, 0.045873701572418213]}  
-12.435359954833984 9.280216217041016 -0.366792231798172 [ 0.04721051  0.94039508  0.58874194  0.1290639   0.02594412  0.13138502
  0.29343522  0.01642167  0.04739486  0.10585167  0.11958912  0.07486974] {'loss': [0.052048627287149429, 0.037339892238378525]}  
-12.05294132232666 9.298462867736816 0.1332089602947235 [ 0.68993386  0.44516529  0.10563368  0.02606378  0.15321505  0.35670877
  0.01730302  0.04478138  0.10425814  0.12085788  0.07798092  0.04275228] {'loss': [0.046331238001585007, 0.044263944029808044]}  
-11.086204528808594 9.553696632385254 0.27487584948539734 [ 0.32883298  0.17285136  0.02389505  0.02356247  0.45737434  0.83086429
  0.01858919  0.06884548  0.12605091  0.12429649  0.06533657  0.03848106] {'loss': [0.034719403833150864, 0.027885587885975838]}  
-10.109881401062012 9.766709327697754 0.19987593591213226 [ 0.20469643  0.11971036  0.02209216  0.12079187  1.          0.70645414
  0.02224507  0.06376666  0.13078451  0.13977191  0.0817413   0.03049819] {'loss': [0.04715530201792717, 0.04261312261223793]}  
-9.119359970092773 9.902400970458984 0.13321106135845184 [ 0.02799429  0.08854989  0.0205696   1.          1.          0.72192491
  0.02660765  0.05724034  0.13129785  0.15082329  0.0962913   0.02437018] {'loss': [0.054093390703201294, 0.045452680438756943]}  
-8.126457214355469 10.018241882324219 0.08321256935596466 [ 0.02409336  0.06767714  1.          1.          1.          0.70683638
  0.03189673  0.05232413  0.13166515  0.15979366  0.10858114  0.02924004] {'loss': [0.064129479229450226, 0.076997749507427216]}  
-7.230129718780518 10.099283218383789 0.1248793974518776 [ 0.02086886  1.          1.          1.          1.          0.50463123
  0.03738555  0.06060027  0.14108599  0.16354871  0.10552575  0.02504007] {'loss': [0.078359812498092651, 0.06473405659198761]}  
-6.237926959991455 10.223852157592773 0.12487974762916565 [ 0.01815194  0.98417194  1.          1.          1.          0.4066589
  0.0458159   0.06379835  0.14853163  0.17217972  0.11109467  0.02636141] {'loss': [0.050849135965108871, 0.073102444410324097]}  
-5.344944477081299 10.33596420288086 0.12487974762916565 [ 0.01613605  0.82521355  1.          1.          1.          0.3409774
  0.05610311  0.06689815  0.15574839  0.18054547  0.11649245  0.02764224] {'loss': [0.074005909264087677, 0.046013068407773972]}  
-4.451961994171143 10.448076248168945 0.12487974762916565 [ 0.01443824  0.70187218  1.          1.          1.          0.29001281
  0.0702881   0.07022948  0.16350417  0.18953606  0.12229342  0.02901874] {'loss': [0.037646602839231491, 0.054802466183900833]}  
-3.5589730739593506 10.560187339782715 0.12487974762916565 [ 0.01299493  0.60425254  1.          1.          1.          0.2496762
  0.09062101  0.07381591  0.17185392  0.19921524  0.12853863  0.03050064] {'loss': [0.061369385570287704, 0.051685657352209091]}  
-2.6660897731781006 10.673673629760742 0.1498797982931137 [ 0.02827048  0.54880204  1.          1.          0.89199089  0.20026865
  0.12070399  0.08112187  0.18336963  0.20873412  0.1318507   0.02960299] {'loss': [0.043947700411081314, 0.056505516171455383]}  
-1.7964874505996704 10.9056978225708 0.2748802602291107 [ 0.08231555  0.57325069  1.          1.          0.54402425  0.16116676
  0.15892286  0.12162139  0.22267839  0.21957815  0.11542069  0.01436378] {'loss': [0.038154613226652145, 0.037825483828783035]}  
-0.930277407169342 11.150006294250488 0.2748802602291107 [ 0.06456587  0.44964055  0.82325302  0.81179081  0.42671629  0.23933415
  0.23600194  0.13748891  0.25173045  0.24822558  0.13047923  0.01623778] {'loss': [0.020465521141886711, 0.013569571077823639]}  
-0.06406509876251221 11.394314765930176 0.2748802602291107 [ 0.05199445  0.3620924   0.66296072  0.65373077  0.34363177  0.39198479
  0.3865272   0.20317737  0.28686242  0.28286827  0.14868905  0.01850394] {'loss': [0.01578855887055397, 0.020409788936376572]}  
0.8021470904350281 11.638623237609863 0.2748802602291107 [ 0.04276677  0.29783036  0.54530208  0.53770982  0.41272459  0.75566298
  0.74514189  0.39168241  0.32989669  0.32530352  0.17099503  0.02127986] {'loss': [0.042128667235374451, 0.037218775600194931]}  
1.664475440979004 11.896785736083984 0.3832133412361145 [ 0.06474342  0.29558781  0.47229103  0.41814972  1.          1.          1.
  0.83089236  0.40140126  0.35538621  0.15919085  0.0090105 ] {'loss': [0.087554365396499634, 0.08391183614730835]}  
1.9612139463424683 12.041426658630371 0.8332124352455139 [ 0.23326431  0.41139678  0.39434219  1.          1.          1.          1.
  0.4347616   0.41673811  0.21046599  0.02221666  0.03807741] {'loss': [0.058010298758745193, 0.064401544630527496]}  
2.176464796066284 12.54369068145752 1.2832111120224 [ 0.29948978  0.3106492   1.          1.          1.          1.          0.5835851
  0.60533036  0.34065857  0.05424159  0.01370695  0.15250369] {'loss': [0.074227996170520782, 0.068648092448711395]}  
2.228569507598877 13.435001373291016 1.733211636543274 [ 0.2030665   1.          1.          1.          1.          1.          1.
  0.93148904  0.20020817  0.00723547  0.08175377  0.18083784] {'loss': [0.093576975166797638, 0.092410057783126831]}  
1.925611138343811 14.188432693481445 2.183208465576172 [ 1.          1.          1.          1.          1.          1.          1.
  1.          0.0075614   0.04793925  0.12127351  0.14762899] {'loss': [0.13879503309726715, 0.14079324901103973]}  
1.6484975814819336 14.380985260009766 2.633208990097046 [ 1.          1.          1.          1.          1.          1.          1.
  0.00777763  0.03568501  0.10538017  0.13939701  0.58547884] {'loss': [0.13079948723316193, 0.12420713901519775]}  
0.7906311750411987 14.619779586791992 3.083209991455078 [ 0.84094462  1.          1.          1.          1.          1.
  0.12110637  0.0137638   0.08750431  0.12622284  0.16439163  0.58298694] {'loss': [0.10170958191156387, 0.10503990203142166]}  
-0.10587314516305923 14.549108505249023 -3.008307695388794 [ 0.41705002  1.          1.          1.          1.          1.
  0.00899166  0.04728177  0.1100644   0.12757801  0.15456329  0.35979817] {'loss': [0.062452595680952072, 0.064537622034549713]}  
-0.9597582817077637 14.269615173339844 -2.7666409015655518 [ 1.          1.          1.          1.          1.          0.17302936
  0.01887438  0.0875739   0.1399128   0.12386414  0.15864955  0.25346715] {'loss': [0.073842130601406097, 0.07494315505027771]}  
-1.7820591926574707 13.903812408447266 -2.699974298477173 [ 0.63250714  1.          1.          1.          1.          0.02321894
  0.02019602  0.11146573  0.16379229  0.13477559  0.11974207  0.17595392] {'loss': [0.065673843026161194, 0.055964726954698563]}  
-2.595714569091797 13.51918888092041 -2.699974298477173 [ 0.34305368  1.          1.          1.          0.60852005  0.012593
  0.02304987  0.13114971  0.19271676  0.15857593  0.08729008  0.12826765] {'loss': [0.046346426010131836, 0.050783861428499222]}  
-3.4093637466430664 13.134547233581543 -2.699974298477173 [ 0.21486946  0.79510481  1.          0.96137758  0.38114261  0.01279641
  0.02655427  0.15654967  0.23004052  0.18928758  0.07504386  0.09763411] {'loss': [0.041264571249485016, 0.043426137417554855]}  
-4.313418388366699 12.707167625427246 -2.699974298477173 [ 0.14162001  0.52405197  0.77006329  0.63364279  0.25121033  0.01421792
  0.03147415  0.19449526  0.28579926  0.23516835  0.09323346  0.07490029] {'loss': [0.024745946750044823, 0.027615772560238838]}  
-5.217473030090332 12.27978801727295 -2.699974298477173 [ 0.10031837  0.37121937  0.54548481  0.44884914  0.17794819  0.01589014
  0.03789967  0.24811528  0.36459066  0.30000144  0.11893688  0.05927241] {'loss': [0.022376315668225288, 0.029787970706820488]}  
-6.004688262939453 11.842982292175293 -2.624974489212036 [ 0.09946719  0.30329125  0.40766761  0.30822012  0.10439628  0.01771947
  0.041862    0.3618525   0.48638242  0.36773306  0.12455374  0.04964799] {'loss': [0.026579374447464943, 0.027995066717267036]}  
-6.874181747436523 11.349055290222168 -2.624974489212036 [ 0.07421598  0.22629629  0.30417515  0.22997389  0.07789373  0.01996325
  0.05194676  0.52810716  0.70985333  0.53668946  0.18178044  0.04126576] {'loss': [0.047409519553184509, 0.044809743762016296]}  
-7.743675231933594 10.855128288269043 -2.624974489212036 [ 0.05748852  0.17529161  0.23561744  0.17814039  0.06033729  0.02266186
  0.0661684   0.84208953  1.          0.85577366  0.28985653  0.0348401 ] {'loss': [0.073233716189861298, 0.080916672945022583]}  
-8.613188743591309 10.361201286315918 -2.624974489212036 [ 0.04583931  0.13977128  0.187873    0.14204284  0.04811083  0.02594715
  0.08714337  0.02951602  1.          1.          0.53328054  0.02980618] {'loss': [0.082996770739555359, 0.081963248550891876]}  
-9.482710838317871 9.867274284362793 -2.624974489212036 [ 0.03740294  0.11404749  0.15329638  0.11590093  0.0392564   0.03000234
  0.11993682  0.04062337  0.02406579  1.          1.          0.02578933] {'loss': [0.083325840532779694, 0.081692755222320557]}  
-10.352232933044434 9.373347282409668 -2.624974489212036 [ 0.03109804  0.09482287  0.12745574  0.09636387  0.03263907  0.03508816
  0.17543432  0.05942076  0.02602151  0.55735155  1.          0.02253297] {'loss': [0.08789331465959549, 0.071443304419517517]}  
-11.221755027770996 8.879420280456543 -2.624974489212036 [ 0.02626269  0.08007911  0.10763794  0.08138051  0.03093855  0.37126137
  0.28069538  0.09507329  0.02822568  0.20296724  0.61887928  0.83186392] {'loss': [0.06782945990562439, 0.063394263386726379]}  
-12.091277122497559 8.385493278503418 -2.624974489212036 [ 0.02247329  0.06852464  0.09210705  0.06963827  0.03725121  0.68707063
  0.51946487  0.17594631  0.03072226  0.10406844  0.31732118  0.42652582] {'loss': [0.052928164601325989, 0.053857956081628799]}  
-12.960799217224121 7.891559600830078 -2.624974489212036 [ 0.01944857  0.05930166  0.07971009  0.06026545  1.          1.          1.
  0.43006832  0.03356536  0.02537735  0.19248927  0.25873336] {'loss': [0.069609291851520538, 0.073323048651218414]}  
-13.631181716918945 7.297138214111328 -2.208308696746826 [ 0.04399012  0.06724351  0.05731523  1.          1.          1.          1.
  0.0692738   0.03149315  0.12146823  0.1856768   0.01219614] {'loss': [0.08174113929271698, 0.073697850108146667]}  
-13.662642478942871 7.163732051849365 -2.549975872039795 [ 0.02061768  0.05258035  0.06430163  1.          1.          1.          1.
  1.          0.03870844  0.02652349  0.14782179  0.18077447] {'loss': [0.081709481775760651, 0.084940917789936066]}  
-13.32522201538086 7.335229873657227 -3.049976110458374 [ 0.21168855  0.02321495  0.05658033  0.06740868  1.          1.          1.
  1.          0.51126509  0.03707438  0.02467915  0.17768352] {'loss': [0.08872232586145401, 0.086590014398097992]}  
-13.32522201538086 7.335229873657227 2.7332100868225098 [ 0.18138509  0.21057024  0.02474981  0.05775911  0.0670526   1.          1.
  1.          1.          0.45888766  0.03687852  0.02383497] {'loss': [0.10297435522079468, 0.09922432154417038]}  
-13.933716773986816 7.7938714027404785 2.2832109928131104 [ 0.01937966  0.14742899  0.15802324  0.03354857  0.06910786  0.07407394
  1.          1.          1.          1.          1.          0.03301528] {'loss': [0.12202644348144531, 0.11430289596319199]}  
-13.933716773986816 7.7938714027404785 1.8332117795944214 [ 0.03187666  0.00709953  0.15404404  0.01295158  0.03920401  0.07220865
  0.07151931  1.          1.          1.          1.          0.85414842] {'loss': [0.11252293735742569, 0.10545346885919571]}  
-13.899481773376465 7.461447238922119 1.341544270515442 [ 0.63177248  0.03368158  0.00745518  0.15778323  0.1523719   0.03716136
  0.0661796   0.06390995  1.          1.          1.          1.        ] {'loss': [0.10547536611557007, 0.11813422292470932]}  
-13.700020790100098 8.44106674194336 1.4082111120224 [ 0.1769261   0.02697771  0.1081371   0.1759271   0.01254496  0.054827
  0.08919752  0.08016925  0.04499555  1.          1.          1.        ] {'loss': [0.087354980409145355, 0.091144271194934845]}  
-13.612521171569824 9.33620548248291 1.5498778820037842 [ 0.02648705  0.02034808  0.13752044  0.02136309  0.02843829  0.08964541
  0.12246798  0.09408331  0.05363707  0.07327562  1.          1.        ] {'loss': [0.098879873752593994, 0.099231243133544922]}  
-13.591585159301758 10.33596134185791 1.5498778820037842 [ 0.02265078  0.01740096  0.13877721  0.01452304  0.04177984  0.13170171
  0.17992268  0.13822163  0.05333431  0.07286202  0.05597462  1.        ] {'loss': [0.079697899520397186, 0.087562702596187592]}  
-13.570642471313477 11.33571720123291 1.5498778820037842 [ 0.01959138  0.01505064  0.14005167  0.01455978  0.06729824  0.21214283
  0.28981633  0.22264492  0.07780038  0.07245178  0.05565947  0.5601776 ] {'loss': [0.060030311346054077, 0.049109961837530136]}  
-13.551794052124023 12.23549747467041 1.5498778820037842 [ 0.01733849  0.04479736  0.10577203  0.01459295  0.11720638  0.36946722
  0.50474313  0.38775766  0.13549688  0.07208551  0.05537809  0.01935115] {'loss': [0.054683912545442581, 0.051071729511022568]}  
-13.530713081359863 13.23524284362793 1.5415446758270264 [ 0.01526266  0.04521238  0.0612749   0.01462995  0.28191921  0.88868783
  1.          0.93268228  0.32591369  0.0716818   0.05506795  0.01924278] {'loss': [0.074451237916946411, 0.075639806687831879]}  
-13.339835166931152 14.006814956665039 1.0915415287017822 [ 0.01403253  0.0137914   0.06306033  0.03284651  0.01494029  1.          1.
  1.          1.          0.83474079  0.06797952  0.04792776] {'loss': [0.091078959405422211, 0.090431861579418182]}  
-13.124814987182617 14.200822830200195 0.6415411829948425 [ 0.04116046  0.00972283  0.01335151  0.08497627  0.0223996   0.09229491
  1.          1.          1.          1.          0.87128701  0.0639052 ] {'loss': [0.1118897870182991, 0.10825925320386887]}  
-12.437273025512695 14.519448280334473 0.09154175966978073 [ 0.05401277  0.03595781  0.10910467  0.01290268  0.08654182  0.02219656
  0.17220752  1.          1.          1.          1.          1.        ] {'loss': [0.12718810141086578, 0.10683378577232361]}  
-11.468899726867676 14.3917236328125 -0.3501241207122803 [ 1.          0.04287472  0.02569226  0.05077856  0.01276685  0.07925236
  0.01688706  0.37422777  1.          1.          1.          1.        ] {'loss': [0.12453630566596985, 0.11514721065759659]}  
-10.59077262878418 13.74513053894043 -0.9001241326332092 [ 1.          0.3506235   0.03617689  0.02244617  0.03471653  0.03689686
  0.1058286   0.02263899  0.064841    1.          1.          1.        ] {'loss': [0.11499350517988205, 0.10837028175592422]}  
-10.190410614013672 12.836821556091309 -1.4001200199127197 [ 0.86675558  0.52133634  0.10214851  0.03318303  0.11060683  0.02493134
  0.08862441  0.15426364  0.03022577  0.02837893  0.37379783  0.79298595] {'loss': [0.076369002461433411, 0.073102250695228577]}  
-10.2213716506958 11.841107368469238 -1.6751199960708618 [ 0.4092957   0.34520685  0.14280272  0.03403441  0.02870518  0.07616936
  0.01784377  0.39931947  0.16518762  0.02264643  0.06857593  0.27098019] {'loss': [0.051329199224710464, 0.048749465495347977]}  
-10.325512886047363 10.846558570861816 -1.6751199960708618 [ 0.23494737  0.19815853  0.0819728   0.03470151  0.18435374  0.08003731
  0.02048931  0.37928789  0.38389849  0.02229375  0.03936454  0.15555023] {'loss': [0.049056705087423325, 0.047491427510976791]}  
-10.440071105957031 9.752554893493652 -1.6751199960708618 [ 0.14645344  0.12352124  0.0510974   0.03545825  0.20461211  0.08464247
  0.0241407   0.32120896  1.          0.06738996  0.02453771  0.09696155] {'loss': [0.06279648095369339, 0.056873440742492676]}  
-10.544212341308594 8.75800609588623 -1.6751199960708618 [ 0.10318712  0.08702975  0.03600185  0.03616787  0.21558757  0.08918271
  0.02837865  0.27925452  1.          1.          0.01820045  0.0683165 ] {'loss': [0.074310712516307831, 0.067143872380256653]}  
-10.648353576660156 7.7634501457214355 -1.6751199960708618 [ 0.07660394  0.06460906  0.02672701  0.26970108  0.22747049  0.09409832
  0.03383904  0.24501335  0.96817869  1.          1.          0.05071673] {'loss': [0.072940506041049957, 0.068069010972976685]}  
-10.688064575195312 6.764656066894531 -1.5917874574661255 [ 0.05967516  0.04584793  0.02751681  0.27868529  0.21411167  0.07483036
  0.04150681  0.32600009  1.          1.          1.          0.04367797] {'loss': [0.066104769706726074, 0.069453753530979156]}  
-10.709064483642578 5.764871597290039 -1.5917874574661255 [ 0.04739114  0.03641022  0.20625865  0.2818015   0.21650574  0.07566708
  0.0514562   0.03953338  1.          1.          1.          0.36785035] {'loss': [0.076514102518558502, 0.057291362434625626]}  
-10.727964401245117 4.865065574645996 -1.5917874574661255 [ 0.03931167  0.03020283  0.20834414  0.28465073  0.21869481  0.07643215
  0.06382059  0.04903283  0.98088899  1.          1.          0.35984435] {'loss': [0.063876882195472717, 0.057448897510766983]}  
-10.746864318847656 3.965259552001953 -1.5917874574661255 [ 0.03313509  0.02545741  0.21046146  0.28754353  0.22091739  0.07720891
  0.08124235  0.06241782  0.01548725  1.          1.          0.35209691] {'loss': [0.054155051708221436, 0.050894394516944885]}  
-10.765764236450195 3.06545352935791 -1.5917874574661255 [ 0.02830757  0.02174847  0.21261123  0.29048051  0.2231738   0.0782495
  0.10690865  0.08213701  0.01544475  1.          0.98599295  0.34459708] {'loss': [0.061398055404424667, 0.062432259321212769]}  
-10.784664154052734 2.165647506713867 -1.5917874574661255 [ 0.02446304  0.06812718  0.21479411  0.29346317  0.2254653   0.1075778
  0.14697855  0.1129224   0.01540243  0.02104362  0.96521155  0.33733411] {'loss': [0.03995431587100029, 0.03675440326333046]}  
-10.803564071655273 1.265846848487854 -1.5917874574661255 [ 0.02135168  0.06883027  0.21701079  0.29649169  0.22779209  0.15711132
  0.21465391  0.16491682  0.05763713  0.02098603  0.32724005  0.33029847] {'loss': [0.021629514172673225, 0.023951364681124687]}  
-10.821630477905273 0.3660333752632141 -1.566787838935852 [ 0.01880618  0.0737996   0.22363229  0.29967093  0.22587691  0.25579851
  0.34277414  0.25836603  0.0869821   0.02093793  0.14753228  0.30588332] {'loss': [0.024567848071455956, 0.013528271578252316]}  
-10.6154203414917 -0.5004955530166626 -1.1167869567871094 [ 0.05027157  0.18390169  0.26889982  0.22026764  0.41998286  0.61409632
  0.50303315  0.19785729  0.021401    0.06224647  0.22770787  0.01664374] {'loss': [0.025661081075668335, 0.031439982354640961]}  
-10.12728500366211 -1.2551859617233276 -1.0584524869918823 [ 0.05276514  0.15937049  0.21321272  0.3095025   0.93481407  1.
  0.94114268  0.31583082  0.02315357  0.05580771  0.16856034  0.01521963] {'loss': [0.057279840111732483, 0.055753927677869797]}  
-9.960877418518066 -1.6040539741516113 -0.9001169204711914 [ 0.07423414  0.16862462  0.19253544  0.77629868  1.          1.          1.
  0.28930846  0.02335628  0.07136498  0.16210709  0.01423129] {'loss': [0.065390653908252716, 0.051327276974916458]}  
-9.394445419311523 -2.016371011734009 -0.45011627674102783 [ 0.12609362  0.15614052  1.          1.          1.          1.
  0.77506571  0.02580267  0.04944728  0.12894017  0.0137909   0.0483556 ] {'loss': [0.077381052076816559, 0.080734327435493469]}  
-8.546792030334473 -2.3155288696289062 -0.32511624693870544 [ 0.103301    0.31711272  1.          1.          1.          1.
  0.83214781  0.02867753  0.0622148   0.1278856   0.01284579  0.05025467] {'loss': [0.094908632338047028, 0.088714271783828735]}  
-7.672554016113281 -2.525513172149658 -0.208449125289917 [ 0.08353819  1.          1.          1.          1.          1.
  0.72874439  0.03155047  0.07275512  0.12587337  0.01178594  0.04828524] {'loss': [0.1163388267159462, 0.095114231109619141]}  
-6.785045146942139 -2.6706056594848633 -0.09178178012371063 [ 0.06765457  1.          1.          1.          1.          1.
  0.30124609  0.0342265   0.08307546  0.12354914  0.01057187  0.0454915 ] {'loss': [0.07615535706281662, 0.082191787660121918]}  
-5.888844013214111 -2.7530932426452637 -0.09178119897842407 [ 0.05421947  1.          1.          1.          1.          1.
  0.53126133  0.04144778  0.08070847  0.12002888  0.09984323  0.03645765] {'loss': [0.08244100958108902, 0.081552639603614807]}  
-4.9939422607421875 -2.719627618789673 0.16655322909355164 [ 1.          1.          1.          1.          1.          1.
  0.06037679  0.04941674  0.10702472  0.1185668   0.01816199  0.03933449] {'loss': [0.1105046346783638, 0.10180779546499252]}  
-4.102301120758057 -2.6152985095977783 -0.0334458164870739 [ 0.03739301  1.          1.          1.          1.          1.
  0.07850956  0.06060237  0.09240003  0.12685253  0.09791879  0.02723727] {'loss': [0.064923889935016632, 0.081489786505699158]}  
-3.239549398422241 -2.8515381813049316 -0.4417782723903656 [ 0.02603368  0.92626997  1.          1.          1.          1.
  0.08315699  0.10107837  0.06880039  0.09616765  0.11689295  0.07956481] {'loss': [0.060209393501281738, 0.068507112562656403]}  
-2.422081232070923 -3.1999571323394775 -0.4751114547252655 [ 0.02206674  1.          1.          1.          0.02852384  0.04047038
  0.10732664  0.13414657  0.09411022  0.08360221  0.10449363  0.07330726] {'loss': [0.062833711504936218, 0.059203889220952988]}  
-1.7126458883285522 -3.752876043319702 -0.7751105427742004 [ 0.04266635  1.          1.          1.          0.14528439  0.02901823
  0.0924659   0.16795597  0.16463673  0.08582742  0.08349397  0.0818439 ] {'loss': [0.056377451866865158, 0.05391358956694603]}  
-1.1422301530838013 -4.449804782867432 -0.9001100063323975 [ 0.0447014   1.          1.          0.72740935  0.03084858  0.03490464
  0.08916072  0.19960903  0.2258542   0.14165108  0.0629914   0.0712737 ] {'loss': [0.065813265740871429, 0.051101069897413254]}  
-0.7608777284622192 -5.259803771972656 -1.3501085042953491 [ 0.05627106  0.03160776  0.73544073  0.76174768  0.42787769  0.03822439
  0.03959168  0.13161685  0.2579423   0.26716889  0.15007016  0.05432774] {'loss': [0.024285273626446724, 0.028172029182314873]}  
-0.706908643245697 -6.154940605163574 -1.6751090288162231 [ 0.04772497  0.04025156  0.49667899  0.75018673  0.63271245  0.03311013
  0.05000974  0.04833597  0.19099502  0.28847997  0.24330595  0.10064692] {'loss': [0.030401602387428284, 0.027754215523600578]}  
-0.8006196618080139 -7.050060272216797 -1.6751090288162231 [ 0.03956371  0.0333683   0.53983591  0.81537147  0.68768989  0.04093436
  0.06182751  0.05214574  0.18168413  0.27441669  0.23144494  0.09574044] {'loss': [0.028591083362698555, 0.024290487170219421]}  
-0.8943306803703308 -7.9451799392700195 -1.6751090288162231 [ 0.03333001  0.14902859  0.58887247  0.88943646  0.75015619  0.05189901
  0.07838857  0.06611345  0.1730377   0.26135725  0.22043049  0.09118414] {'loss': [0.026391351595520973, 0.023974381387233734]}  
-0.9880416989326477 -8.840275764465332 -1.6751090288162231 [ 0.02846149  0.16320948  0.6449068   0.97407075  0.01719387  0.06794003
  0.10261699  0.08654787  0.16499431  0.24920842  0.21018408  0.08694556] {'loss': [0.042253758758306503, 0.02883215993642807]}  
-1.081755518913269 -9.735369682312012 -1.6751090288162231 [ 0.02458674  0.17951562  0.70933923  0.09225022  0.02347354  0.09275353
  0.14009551  0.11815747  0.15749873  0.23788698  0.20063555  0.08299562] {'loss': [0.023600401356816292, 0.02576715499162674]}  
