1.0 0.0 1.6278845578199252e-05 [[ 0.44658276  0.51516306  0.4708451   0.51608312  0.52552068  0.43024945
   0.56765097  0.49430969  0.41920575  0.53172547  0.46760401  0.49764353]] 
1.0 0.0 1.6878020687727258e-05 [[ 0.44659793  0.51514745  0.47085497  0.51608372  0.52550042  0.43025547
   0.56765765  0.49432394  0.41920406  0.53171122  0.46760422  0.49763447]] 
1.0 0.0 1.7477195797255263e-05 [[ 0.44660011  0.51517022  0.47087011  0.51606268  0.52548271  0.43022552
   0.56763756  0.49429658  0.4192006   0.53171301  0.46761593  0.49762544]] 
1.0 0.0 1.8076370906783268e-05 [ 0.03863301  0.02897414  0.05288536  0.0705123   0.0528831   0.07410213
  0.09880072  0.07409895  0.04710688  0.06280785  0.04710489  0.02897537] {'loss': [0.127947136759758, 0.12446322292089462]}  
1.0 0.0 1.9873896235367283e-05 [ 0.03863301  0.02897408  0.05288547  0.0705123   0.05288299  0.0741023
  0.09880072  0.07409878  0.04710698  0.06280785  0.0471048   0.02897543] {'loss': [0.11645939946174622, 0.11244389414787292]}  
1.0 0.0 2.087252141791396e-05 [ 0.03863301  0.02897405  0.05288553  0.0705123   0.05288292  0.07410238
  0.09880072  0.0740987   0.04710704  0.06280785  0.04710474  0.02897545] {'loss': [0.10583803802728653, 0.11444590240716934]}  
1.0 0.0 2.1771284082205966e-05 [ 0.03863301  0.02897402  0.05288558  0.0705123   0.05288287  0.07410245
  0.09880072  0.07409861  0.04710708  0.06280785  0.04710469  0.02897549] {'loss': [0.10830590128898621, 0.097324378788471222]}  
1.530144453048706 -0.04495749995112419 -0.24164371192455292 [ 0.03303589  0.03204211  0.03771279  0.06754719  0.06551524  0.06213661
  0.11129252  0.10794461  0.05544077  0.05878636  0.05701797  0.02928467] {'loss': [0.097865372896194458, 0.10433217883110046]}  
1.530144453048706 -0.04495749995112419 -0.6916431784629822 [ 0.0247567   0.03401877  0.03048043  0.04291556  0.06955686  0.06232214
  0.07070879  0.11460369  0.10268357  0.04686856  0.06053538  0.05423902] {'loss': [0.099478177726268768, 0.093608833849430084]}  
1.9350851774215698 -0.6468257904052734 -1.1416411399841309 [ 0.04456487  0.02183341  0.03224526  0.02665462  0.05597225  0.08266408
  0.06833188  0.09078559  0.13407908  0.11083258  0.04429262  0.05391206] {'loss': [0.095232337713241577, 0.100997693836689]}  
2.112375020980835 -1.5229134559631348 -1.5916380882263184 [ 0.04475336  0.03405159  0.0232006   0.03138586  0.02606906  0.0805335
  0.10894593  0.08289394  0.10726468  0.14510791  0.11040857  0.03786595] {'loss': [0.09019739180803299, 0.080543786287307739]}  
1.8915778398513794 -2.3857266902923584 -2.041635513305664 [ 0.03007159  0.03740668  0.02610843  0.02608627  0.03244928  0.04522832
  0.11890719  0.14791115  0.10323632  0.10761107  0.13385966  0.0934289 ] {'loss': [0.06064128503203392, 0.061678189784288406]}  
1.316655158996582 -3.0634753704071045 -2.4916369915008545 [ 0.06907241  0.02823512  0.03238169  0.02063474  0.03095568  0.0355018
  0.07397447  0.16923895  0.19409311  0.12368283  0.09451389  0.10839403] {'loss': [0.057235866785049438, 0.073846049606800079]}  
1.029630422592163 -3.177163600921631 -2.9416377544403076 [ 0.09645474  0.05576333  0.02909271  0.03081184  0.01781325  0.0344942
  0.03653254  0.09377611  0.18978811  0.20100297  0.11620578  0.0910731 ] {'loss': [0.070044778287410736, 0.054634213447570801]}  
-0.0535023957490921 -3.3687713146209717 -2.9666357040405273 [ 0.07114972  0.04302626  0.027473    0.03016048  0.01973992  0.04215771
  0.04628168  0.0950618   0.20301935  0.22287913  0.13478147  0.06480986] {'loss': [0.06015222892165184, 0.058778315782546997]}  
-0.9397635459899902 -3.5254294872283936 -2.9666337966918945 [ 0.05671679  0.03429816  0.02672944  0.02934412  0.02419849  0.05167954
  0.05673485  0.1026252   0.21917148  0.24061081  0.14550396  0.05166309] {'loss': [0.038999509066343307, 0.057458978146314621]}  
-1.8260254859924316 -3.6820876598358154 -2.9666316509246826 [ 0.04626828  0.02797961  0.02601568  0.02856048  0.03035768  0.06483318
  0.07117502  0.11112841  0.2373307   0.26054585  0.15755875  0.0421457 ] {'loss': [0.051915779709815979, 0.035796370357275009]}  
-2.712287425994873 -3.8387458324432373 -2.966629981994629 [ 0.038462    0.0232589   0.02533012  0.02780781  0.03920653  0.08373095
  0.09192117  0.120734    0.25784384  0.28306509  0.17117638  0.03503502] {'loss': [0.029686028137803078, 0.029982410371303558]}  
-3.5985493659973145 -3.995415687561035 -2.9666287899017334 [ 0.0324767   0.01963941  0.02467126  0.02708446  0.05257369  0.11227811
  0.12326051  0.13164163  0.28113799  0.30863725  0.18664014  0.03714363] {'loss': [0.026581080630421638, 0.018781865015625954]}  
-4.484811305999756 -4.152074337005615 -2.9666287899017334 [ 0.0277871   0.0168035   0.02403778  0.02638903  0.07415364  0.15836498
  0.1738553   0.14409579  0.30773521  0.33783612  0.20429734  0.0406577 ] {'loss': [0.023460051044821739, 0.026292629539966583]}  
-5.476206302642822 -4.234129905700684 3.024890661239624 [ 0.02410622  0.02042226  0.01743807  0.02647186  0.04672833  0.1869437
  0.28378981  0.24042047  0.24032044  0.36481824  0.30906593  0.12881588] {'loss': [0.014712569303810596, 0.012179029174149036]}  
-5.67321252822876 -4.202215671539307 2.5748910903930664 [ 0.10127783  0.02350953  0.01834743  0.01938637  0.02691881  0.07191646
  0.2345853   0.3257318   0.25420938  0.25953864  0.36038034  0.28125002] {'loss': [0.034058131277561188, 0.018744224682450294]}  
-6.214855670928955 -3.606472969055176 2.1248931884765625 [ 0.18987799  0.05761685  0.02172122  0.01556828  0.0231538   0.02953202
  0.12823553  0.35304538  0.45029976  0.32274411  0.20770527  0.26492214] {'loss': [0.034941956400871277, 0.029453806579113007]}  
-6.240451335906982 -3.577768325805664 1.674891710281372 [ 0.25262931  0.16557545  0.04087088  0.02134381  0.01398891  0.02515908
  0.02956534  0.16384871  0.39018872  0.45852465  0.30052083  0.2149789 ] {'loss': [0.019371138885617256, 0.017748931422829628]}  
-6.240451335906982 -3.577768325805664 1.2248899936676025 [ 0.22778512  0.24709753  0.14723734  0.02806465  0.02087644  0.01271097
  0.02665781  0.02891795  0.19713248  0.41343196  0.4484844   0.26723713] {'loss': [0.02099200151860714, 0.022113963961601257]}  
-5.821502208709717 -2.9678730964660645 0.8332209587097168 [ 0.16299254  0.1863891   0.17706869  0.08827484  0.02189932  0.02080424
  0.0181561   0.03165205  0.03346045  0.1974113   0.34415271  0.32694332] {'loss': [0.021935312077403069, 0.029827773571014404]}  
-5.31800651550293 -2.2260594367980957 1.183219075202942 [ 0.12309873  0.14226006  0.09146393  0.02150629  0.02442267  0.01570217
  0.03239306  0.03743531  0.09944733  0.23036498  0.26622341  0.17116408] {'loss': [0.01652141660451889, 0.012478538788855076]}  
-5.095417022705078 -1.3543121814727783 1.3498860597610474 [ 0.10138123  0.09703157  0.04889749  0.02450579  0.0234544   0.02456999
  0.04324783  0.04139234  0.13042932  0.22958027  0.21973047  0.11072961] {'loss': [0.0078807557001709938, 0.006928218062967062]}  
-4.894428730010986 -0.4773927628993988 1.291552186012268 [ 0.07564989  0.07639225  0.04148506  0.02468089  0.02492307  0.02714005
  0.05132812  0.05183182  0.10759737  0.20349148  0.20548835  0.11159116] {'loss': [0.0035724667832255363, 0.017239799723029137]}  
-4.4600019454956055 0.29851260781288147 0.8415498733520508 [ 0.0791205   0.06333311  0.05909758  0.02869662  0.02741421  0.02558082
  0.03788236  0.06455095  0.06023402  0.1024762   0.17461793  0.16294011] {'loss': [0.033843237906694412, 0.01527970377355814]}  
-4.204207897186279 0.5244176387786865 0.39154887199401855 [ 0.13732891  0.05886321  0.06069264  0.05229017  0.02241311  0.02944096
  0.02536506  0.04578666  0.07085808  0.06104829  0.10299768  0.1593961 ] {'loss': [0.035090889781713486, 0.025919193401932716]}  
-3.7391960620880127 0.5534567832946777 -0.00011691736290231347 [ 0.13702936  0.10278589  0.04588568  0.06118913  0.04589802  0.02419106
  0.03225908  0.02419756  0.05438092  0.07251767  0.05439558  0.10275819] {'loss': [0.017137175425887108, 0.027021380141377449]}  
-2.8391969203948975 0.5533514022827148 -0.00011601879668887705 [ 0.10068985  0.07552749  0.04588693  0.06119072  0.04589917  0.02863238
  0.0381816   0.02864001  0.05437946  0.07251561  0.05439397  0.07550727] {'loss': [0.027043657377362251, 0.029712574556469917]}  
-1.9391977787017822 0.553248405456543 -0.00011512023047544062 [ 0.07709941  0.05783223  0.04588812  0.06119227  0.04590028  0.03441931
  0.04589848  0.03442841  0.05437799  0.0725136   0.05439241  0.05781689] {'loss': [0.0043778303079307079, 0.035436183214187622]}  
-1.039198637008667 0.5531454086303711 -0.0001142216642620042 [ 0.06092343  0.04569858  0.04588934  0.06119382  0.04590139  0.04215581
  0.05621512  0.04216686  0.05437654  0.0725116   0.05439086  0.04568656] {'loss': [0.037594489753246307, 0.028302630409598351]}  
-0.13919894397258759 0.5530424118041992 -0.00011332309804856777 [ 0.04935145  0.03701843  0.04589055  0.06119539  0.04590251  0.05282714
  0.07044535  0.05284089  0.05437508  0.07250961  0.0543893   0.03700875] {'loss': [0.0068200528621673584, 0.018521929159760475]}  
0.2608010470867157 0.5529985427856445 -0.00011242453183513135 [ 0.04492284  0.0336965   0.04589116  0.06119613  0.04590302  0.05947041
  0.07930413  0.05948578  0.05437441  0.07250863  0.05438851  0.03368776] {'loss': [0.0016998870996758342, 0.0072467620484530926]}  
0.16080105304718018 0.5530114769935608 -0.00011152596562169492 [ 0.04556439  0.03417769  0.04589112  0.06119603  0.0459029   0.05836949
  0.07783599  0.05838446  0.05437459  0.07250877  0.05438855  0.03416891] {'loss': [0.0075133549980819225, 0.00844599399715662]}  
-0.5205563306808472 0.5850142240524292 -0.28344374895095825 [ 0.04945967  0.05017038  0.02954901  0.05623369  0.05704173  0.03132473
  0.05961299  0.06046961  0.03559562  0.06774083  0.06871423  0.03754244] {'loss': [0.02995232492685318, 0.0047578676603734493]}  
0.20941519737243652 0.15083080530166626 -0.7334428429603577 [ 0.02894812  0.04382861  0.04108265  0.03763272  0.06449272  0.06045207
  0.04348306  0.07451871  0.06984988  0.03686442  0.0631761   0.05921795] {'loss': [0.013665084727108479, 0.020430179312825203]}  
0.8167624473571777 -0.5140941739082336 -0.8417763710021973 [ 0.03110902  0.03630327  0.03856721  0.03566146  0.07250032  0.07702154
  0.04470392  0.08364297  0.08885906  0.05157449  0.05045225  0.05359852] {'loss': [0.014255072921514511, 0.019435713067650795]}  
1.4162876605987549 -1.1853396892547607 -0.8417763710021973 [ 0.02670212  0.03230165  0.03431605  0.0435553   0.08854864  0.09407066
  0.05459934  0.10128977  0.10760636  0.06245554  0.04330518  0.04600576] {'loss': [0.033600576221942902, 0.014290899969637394]}  
1.9603012800216675 -1.7820003032684326 -0.8417763710021973 [ 0.02334674  0.02910027  0.03091502  0.05368932  0.10915125  0.11595807
  0.06730298  0.12363398  0.13134395  0.07623305  0.03786346  0.0402247 ] {'loss': [0.013784670270979404, 0.0081697320565581322]}  
2.2121143341064453 -2.1061227321624756 -0.9751095771789551 [ 0.02685424  0.02525771  0.03074879  0.04317024  0.10922175  0.13296672
  0.09066019  0.12215546  0.14871221  0.10139586  0.0323523   0.03938576] {'loss': [0.0036315571051090956, 0.0047244047746062279]}  
2.531933546066284 -2.9419121742248535 -1.4251086711883545 [ 0.03303944  0.02053648  0.02539765  0.02852141  0.07304682  0.1615948
  0.18146995  0.11279703  0.14872732  0.16701984  0.10381523  0.02942086] {'loss': [0.011740562506020069, 0.0063441204838454723]}  
2.464921474456787 -3.832873821258545 -1.7917754650115967 [ 0.02751274  0.02633429  0.01594421  0.02806752  0.0268653   0.15401024
  0.27111308  0.25950041  0.13078494  0.15920419  0.15238499  0.07680008] {'loss': [0.013671060092747211, 0.009889787994325161]}  
2.1893091201782227 -4.683567523956299 -2.075106620788574 [ 0.03405582  0.02509566  0.01822606  0.0238891   0.03085975  0.13118342
  0.3699504   0.47789899  0.34708066  0.11631962  0.15026072  0.10912879] {'loss': [0.030413871631026268, 0.021518111228942871]}  
1.5918670892715454 -5.341506004333496 -2.5251080989837646 [ 0.07975752  0.0203741   0.02240572  0.01489128  0.02856051  0.03397884
  0.27791483  0.67573232  0.8039278   0.53430629  0.13648894  0.12000477] {'loss': [0.060672465711832047, 0.061805889010429382]}  
0.7655447721481323 -5.6716837882995605 -2.9751076698303223 [ 0.09001717  0.05444596  0.01897812  0.02083774  0.01662536  0.03551424
  0.03899418  0.47376188  1.          1.          0.67209233  0.13382908] {'loss': [0.099701859056949615, 0.082903675734996796]}  
0.2671915888786316 -5.6876654624938965 2.8830788135528564 [ 0.07686952  0.07399389  0.0394625   0.02001221  0.01994186  0.02257843
  0.04193014  0.08073452  0.59196999  1.          1.          0.58424005] {'loss': [0.075282774865627289, 0.095885492861270905]}  
0.2671915888786316 -5.6876654624938965 2.8830788135528564 [ 0.07686952  0.07399389  0.0394625   0.02001221  0.01994186  0.02257843
  0.04193014  0.08073452  0.59196999  1.          1.          0.58424005] {'loss': [0.098059333860874176, 0.088528193533420563]}  
0.2671915888786316 -5.6876654624938965 2.8830788135528564 [ 0.07686952  0.07399389  0.0394625   0.02001221  0.01994186  0.02257843
  0.04193014  0.08073452  0.59196999  1.          1.          0.58424005] {'loss': [0.073445603251457214, 0.097245387732982635]}  
-0.10077939182519913 -5.575042724609375 2.791411876678467 [ 0.11948787  0.07004773  0.0419786   0.01927366  0.02100439  0.02027502
  0.04281899  0.04666404  0.44688575  0.94378132  1.          0.61638362] {'loss': [0.074202455580234528, 0.089319057762622833]}  
-0.847581148147583 -5.080249309539795 2.3414130210876465 [ 0.34715578  0.05548417  0.05586892  0.03022289  0.0216829   0.02183327
  0.02830765  0.05332587  0.05369567  0.33831649  0.6373198   0.6417397 ] {'loss': [0.029783584177494049, 0.018086854368448257]}  
-1.32696533203125 -4.321143627166748 2.0330801010131836 [ 0.31970646  0.12166018  0.05295356  0.04258042  0.01824193  0.02614297
  0.0210218   0.04497114  0.06444931  0.07938314  0.27742936  0.39759106] {'loss': [0.0099679436534643173, 0.011845356784760952]}  
-1.7283568382263184 -3.5156054496765137 2.0330801010131836 [ 0.20316527  0.07731192  0.04837348  0.03889754  0.02087736  0.02991988
  0.02405884  0.04993947  0.07156953  0.0575497   0.17629925  0.25265891] {'loss': [0.0085080359131097794, 0.0060144723393023014]}  
-2.1297483444213867 -2.7100672721862793 2.0330801010131836 [ 0.14042299  0.05343619  0.04436291  0.03567259  0.02412806  0.03457855
  0.02780492  0.05577901  0.07993834  0.06427913  0.12185383  0.17463175] {'loss': [0.013250286690890789, 0.010517879389226437]}  
-2.558926582336426 -1.9221190214157104 2.2080795764923096 [ 0.08432335  0.03406561  0.04034433  0.02667644  0.03378764  0.04001514
  0.03143518  0.07584523  0.08982447  0.05939368  0.10768029  0.12752711] {'loss': [0.0051366402767598629, 0.0041086329147219658]}  
-3.2389883995056152 -1.3499274253845215 2.658080577850342 [ 0.02780507  0.03575014  0.02583817  0.03552351  0.04567408  0.03301064
  0.08732219  0.11227385  0.08114519  0.08194143  0.1053555   0.07614501] {'loss': [0.0031680501997470856, 0.0032404472585767508]}  
-4.102705955505371 -1.1324485540390015 3.108081340789795 [ 0.0305519   0.02403509  0.03432637  0.04806411  0.03781191  0.10938232
  0.15315814  0.12048915  0.06967614  0.09756115  0.07675109  0.02805604] {'loss': [0.0038292109966278076, 0.01257107499986887]}  
-5.002202987670898 -1.102296233177185 3.1080822944641113 [ 0.02627396  0.02047561  0.03491971  0.04841558  0.05008583  0.16286099
  0.22580398  0.17597183  0.06974812  0.09670453  0.07536305  0.02706511] {'loss': [0.0067959311418235302, 0.0060981735587120056]}  
-5.890202522277832 -0.9807184934616089 2.8164165019989014 [ 0.02066129  0.02191827  0.02209111  0.04481705  0.04754362  0.1618247
  0.32829971  0.34827284  0.20177077  0.08456869  0.08971367  0.05197535] {'loss': [0.040609430521726608, 0.025894904509186745]}  
-6.648986339569092 -0.5046516060829163 2.366417646408081 [ 0.03939033  0.01925757  0.01887829  0.02857407  0.051907    0.05088469
  0.31891063  0.57932616  0.5679162   0.29609105  0.07707036  0.07555244] {'loss': [0.03458939865231514, 0.04118555411696434]}  
-7.127902984619141 0.2523517608642578 1.9164174795150757 [ 0.05879218  0.02728691  0.01853556  0.01678722  0.03914764  0.06428258
  0.11336296  0.55826692  0.91670432  0.83023815  0.38533435  0.06491521] {'loss': [0.068579390645027161, 0.068027138710021973]}  
-7.232982158660889 1.1397477388381958 1.499753713607788 [ 0.05354089  0.04352307  0.01688819  0.01867537  0.01610832  0.05780775
  0.08382335  0.20320416  0.72923634  1.          0.8595706   0.33353773] {'loss': [0.050349697470664978, 0.072402015328407288]}  
-7.169098377227783 2.0374748706817627 1.499753713607788 [ 0.04391869  0.03570123  0.0138531   0.0188399   0.0212959   0.07642438
  0.11081812  0.19045475  0.68348292  0.99107443  0.80563889  0.31261093] {'loss': [0.051503721624612808, 0.059417527168989182]}  
-6.9767045974731445 2.908719062805176 1.1414183378219604 [ 0.13996654  0.03662962  0.0243045   0.01617254  0.01921241  0.05246297
  0.12724201  0.15115907  0.28775887  0.6979217   0.82910641  0.55012916] {'loss': [0.019439255818724632, 0.046918671578168869]}  
-6.430566310882568 3.6099517345428467 0.6914178729057312 [ 0.31658804  0.06271879  0.03141214  0.01896572  0.01851784  0.02030306
  0.0856071   0.18246637  0.2000572   0.22437682  0.47824662  0.52435204] {'loss': [0.019149689003825188, 0.010282621718943119]}  
-5.582411766052246 4.135890483856201 0.5330842733383179 [ 0.23354632  0.07614342  0.02950847  0.02188959  0.01801699  0.02376165
  0.06897927  0.20250163  0.26706896  0.19811369  0.23871908  0.3148343 ] {'loss': [0.01166282594203949, 0.011381819844245911]}  
-4.721158027648926 4.644093990325928 0.5330842733383179 [ 0.15149012  0.04939053  0.02709165  0.02009678  0.02067021  0.02726086
  0.09141163  0.26835614  0.35392099  0.26254105  0.15484547  0.20421773] {'loss': [0.0070399981923401356, 0.01365992333739996]}  
-3.859489917755127 5.151091575622559 0.5080843567848206 [ 0.10821831  0.03667098  0.02496147  0.01887665  0.02350063  0.0315956
  0.11976206  0.36534478  0.49119065  0.37145404  0.12587134  0.14310206] {'loss': [0.0085889166221022606, 0.018027003854513168]}  
-3.0015504360198975 5.389632225036621 0.05808431655168533 [ 0.10561523  0.07324433  0.02067038  0.02386262  0.01654876  0.02978969
  0.03683602  0.18406674  0.47875794  0.59200191  0.41055419  0.115863  ] {'loss': [0.013714139349758625, 0.014423473738133907]}  
-2.122149705886841 5.230374813079834 -0.3919145166873932 [ 0.07512033  0.07953345  0.05033738  0.02105633  0.02400883  0.01676044
  0.03798703  0.04331354  0.2035016   0.46123034  0.5259042   0.33284912] {'loss': [0.01865384541451931, 0.017651498317718506]}  
-1.3963816165924072 4.705026626586914 -0.8419130444526672 [ 0.20910223  0.06029623  0.06349447  0.03643945  0.02408043  0.02535772
  0.02343998  0.04704408  0.0495394   0.17239673  0.3460007   0.36435342] {'loss': [0.028093470260500908, 0.015440368093550205]}  
-0.9568808078765869 3.9231438636779785 -1.183578372001648 [ 0.21318547  0.09346164  0.05830466  0.0509323   0.02232901  0.02968037
  0.02592743  0.03595759  0.0565494   0.04939898  0.15517788  0.24404353] {'loss': [0.0082728806883096695, 0.03694022074341774]}  
-0.7615893483161926 3.0503768920898438 -1.5669127702713013 [ 0.1679409   0.12418495  0.04297402  0.05649882  0.04177841  0.02691037
  0.03537959  0.02616165  0.04608389  0.06058738  0.04480171  0.1277389 ] {'loss': [0.03240189328789711, 0.043200433254241943]}  
-0.7729539275169373 2.1504549980163574 -1.5835793018341064 [ 0.11971412  0.09111582  0.04185644  0.05664159  0.04311056  0.03120265
  0.0422245   0.03213754  0.0446543   0.06042773  0.0459922   0.08846519] {'loss': [0.026331678032875061, 0.024310370907187462]}  
-0.7844573855400085 1.2505277395248413 -1.5835793018341064 [ 0.08963053  0.06821885  0.04197128  0.05679699  0.04322885  0.03788509
  0.0512674   0.0390202   0.04452829  0.06025719  0.04586243  0.0662343 ] {'loss': [0.015910094603896141, 0.0034749908372759819]}  
-0.7959608435630798 0.350601464509964 -1.5835793018341064 [ 0.06961081  0.05298159  0.04208658  0.05695302  0.0433476   0.04696881
  0.0635598   0.04837609  0.04440281  0.0600874   0.04573319  0.0514403 ] {'loss': [0.017830953001976013, 0.0067491834051907063]}  
-0.8074643015861511 -0.549325168132782 -1.5835793018341064 [ 0.05561963  0.04233274  0.04220238  0.05710972  0.04346686  0.05975895
  0.08086785  0.06154944  0.04427786  0.05991831  0.04560449  0.04110125] {'loss': [0.0091796228662133217, 0.013556964695453644]}  
-0.8189677596092224 -1.4492518901824951 -1.5835793018341064 [ 0.0454588   0.03459922  0.04231863  0.05726703  0.04358661  0.07858468
  0.10634345  0.08093923  0.04415344  0.05974994  0.04547635  0.03359269] {'loss': [0.015519771724939346, 0.011139716021716595]}  
-0.8304712176322937 -2.349177837371826 -1.5835793018341064 [ 0.0378478   0.02880639  0.04243537  0.05742503  0.04370685  0.10793983
  0.14606783  0.11117393  0.04402954  0.05958228  0.04534874  0.02796839] {'loss': [0.015985129401087761, 0.016691157594323158]}  
-0.841974675655365 -3.2490997314453125 -1.5835793018341064 [ 0.03199973  0.02435536  0.0425526   0.05758366  0.05092953  0.15743607
  0.21304779  0.16215314  0.05564663  0.05941531  0.04522166  0.02364684] {'loss': [0.0096394848078489304, 0.0095981890335679054]}  
-0.8534781336784363 -4.149023532867432 -1.5835793018341064 [ 0.02740934  0.02086156  0.04267031  0.05774295  0.08113291  0.25080235
  0.33939417  0.25831684  0.08864747  0.05924907  0.04509513  0.02025468] {'loss': [0.0084445914253592491, 0.024268290027976036]}  
-0.8912923336029053 -5.046923637390137 -1.741911768913269 [ 0.0231251   0.02078889  0.03483057  0.05668009  0.0776336   0.37271423
  0.60652052  0.54524677  0.25016641  0.05724574  0.05146248  0.02361164] {'loss': [0.043439518660306931, 0.04432697594165802]}  
-1.2390514612197876 -5.865881443023682 -2.191910743713379 [ 0.01796293  0.02082051  0.01726932  0.04229351  0.06269796  0.24329807
  0.91913683  1.          1.          0.45433093  0.05387222  0.04468365] {'loss': [0.12522785365581512, 0.11920080333948135]}  
-1.9046528339385986 -6.458022594451904 -2.5752458572387695 [ 0.03301211  0.01526978  0.01920896  0.02218525  0.05953248  0.07489022
  0.97571051  1.          1.          1.          0.68404382  0.04673444] {'loss': [0.11799058318138123, 0.15674793720245361]}  
-2.8203675746917725 -6.841977119445801 -2.9419124126434326 [ 0.03716656  0.02149519  0.01647467  0.01745333  0.04375433  0.0885902
  0.34843949  1.          1.          1.          1.          0.78701128] {'loss': [0.16071388125419617, 0.13472850620746613]}  
-3.817863702774048 -6.881969928741455 -3.133578062057495 [ 0.03218761  0.02391779  0.01370731  0.01810844  0.03536972  0.10418093
  0.13763126  1.          1.          1.          1.          1.        ] {'loss': [0.15402410924434662, 0.15866142511367798]}  
-4.817822456359863 -6.8898420333862305 -3.1335771083831787 [ 0.0271064   0.02014205  0.01369257  0.01808893  0.05331423  0.15703565
  0.20745618  1.          1.          1.          1.          1.        ] {'loss': [0.16658841073513031, 0.13400937616825104]}  
-5.777610778808594 -6.6407084465026855 2.649609088897705 [ 1.          0.0232325   0.01662946  0.01461786  0.01862112  0.09717742
  0.26690762  0.34000322  1.          1.          1.          1.        ] {'loss': [0.15762422978878021, 0.16336806118488312]}  
-6.504295825958252 -5.962906837463379 2.1496095657348633 [ 1.          0.33816366  0.02077221  0.01445546  0.01641996  0.0203691
  0.16972185  0.44399934  0.55078481  0.52647264  1.          1.        ] {'loss': [0.11467528343200684, 0.12796758115291595]}  
-6.819962501525879 -5.022383689880371 1.6496063470840454 [ 0.65621628  0.44376496  0.11816116  0.01974259  0.01335087  0.01928269
  0.02330042  0.23655654  0.59075327  0.71384258  0.48273414  0.54306421] {'loss': [0.069412432610988617, 0.044348627328872681]}  
-6.64731502532959 -4.049413204193115 1.149605393409729 [ 0.28414413  0.33452707  0.21971492  0.05451943  0.020091    0.01319561
  0.0230158   0.02709686  0.22219005  0.53076692  0.62488028  0.4104163 ] {'loss': [0.017752543091773987, 0.029687734320759773]}  
-6.042985439300537 -3.2646846771240234 0.79127037525177 [ 0.2044876   0.20907579  0.20776389  0.11038357  0.02075847  0.02062822
  0.01590139  0.0294193   0.02923472  0.20934805  0.38731667  0.38488631] {'loss': [0.01664404384791851, 0.01207505539059639]}  
-5.34003210067749 -2.553434371948242 0.79127037525177 [ 0.13602279  0.15323433  0.15227282  0.0809015   0.02311506  0.02297001
  0.01811352  0.03351199  0.03330171  0.13925586  0.25763862  0.25602199] {'loss': [0.013319969177246094, 0.023235240951180458]}  
-4.556540012359619 -1.945261001586914 0.5162702798843384 [ 0.14360432  0.09615663  0.12930065  0.09779784  0.03315097  0.02801694
  0.02119088  0.03004287  0.0403983   0.04626827  0.14119437  0.1898624 ] {'loss': [0.032811567187309265, 0.016904676333069801]}  
-3.6868748664855957 -1.451620101928711 0.5162702798843384 [ 0.10149777  0.08111829  0.10907878  0.08250283  0.02796635  0.03258818
  0.02464838  0.03326123  0.04472599  0.03382895  0.09979445  0.1341924 ] {'loss': [0.021596983075141907, 0.038085084408521652]}  
-2.73024320602417 -0.9086151123046875 0.5162702798843384 [ 0.07348793  0.06831678  0.09186472  0.0694828   0.02903206  0.03903905
  0.02952756  0.03743711  0.05034123  0.03807609  0.07225468  0.09716001] {'loss': [0.034285411238670349, 0.037488345056772232]}  
-1.8605780601501465 -0.4149742126464844 0.5162702798843384 [ 0.05699135  0.0591375   0.07952147  0.06014684  0.0347462   0.04672279
  0.03533923  0.04195544  0.05641697  0.04267154  0.05603491  0.07534949] {'loss': [0.023221539333462715, 0.06003875657916069]}  
-0.990912914276123 0.078666090965271 0.5162702798843384 [ 0.04548478  0.05169123  0.06950855  0.05257348  0.04232966  0.05692017
  0.04305212  0.04734397  0.06366287  0.04815204  0.04472146  0.06013641] {'loss': [0.048031937330961227, 0.026142200455069542]}  
-0.12124709039926529 0.5723066926002502 0.5162702798843384 [ 0.03714127  0.04556766  0.06127427  0.04634539  0.05269646  0.07086029
  0.05359586  0.05384143  0.07239993  0.05476041  0.03651797  0.04910528] {'loss': [0.050856057554483414, 0.037745598703622818]}  
0.7484190464019775 1.0659475326538086 0.5162702798843384 [ 0.0308994   0.04047111  0.05442101  0.04116186  0.06739617  0.09062678
  0.06854644  0.06177436  0.08306724  0.06282873  0.03038086  0.04085277] {'loss': [0.028753126040101051, 0.03061823733150959]}  
1.618084192276001 1.5595884323120117 0.5162702798843384 [ 0.02610834  0.03618413  0.04865636  0.03680172  0.08922824  0.11998411
  0.09075114  0.07159897  0.09627828  0.07282105  0.0256702   0.03451841] {'loss': [0.04758240282535553, 0.030412854626774788]}  
2.497323989868164 2.032013177871704 0.37460294365882874 [ 0.02539331  0.02721595  0.04303695  0.03777091  0.10343183  0.16355808
  0.14354498  0.06965612  0.11014818  0.09667039  0.04270049  0.02893365] {'loss': [0.031580854207277298, 0.014340199530124664]}  
2.575610876083374 2.0545859336853027 -0.07539643347263336 [ 0.02883741  0.02333792  0.03002667  0.04333087  0.03506737  0.12040636
  0.17375585  0.14061935  0.07858206  0.11340018  0.09177398  0.03532968] {'loss': [0.011031422764062881, 0.011888056993484497]}  
3.410360097885132 1.779882788658142 -0.5253957509994507 [ 0.02563066  0.02536769  0.01888244  0.03467242  0.04588291  0.06452011
  0.1906817   0.25233395  0.18782472  0.07925798  0.10488416  0.07807051] {'loss': [0.021708628162741661, 0.011843729764223099]}  
4.0605573654174805 1.1631989479064941 -0.9753962159156799 [ 0.05904398  0.01868193  0.02275065  0.01689144  0.0427596   0.05207217
  0.11688828  0.29589539  0.36033808  0.24577358  0.07108503  0.08656657] {'loss': [0.023220228031277657, 0.02117428369820118]}  
4.391733646392822 0.22791196405887604 -1.4753918647766113 [ 0.06669503  0.04418855  0.01812914  0.02150874  0.02259853  0.05468873
  0.06488367  0.15578388  0.37699885  0.44727809  0.29634235  0.07512747] {'loss': [0.016656436026096344, 0.022976143285632133]}  
4.275484085083008 -0.6567650437355042 -1.8753896951675415 [ 0.04934002  0.05165731  0.02942549  0.02009013  0.02103368  0.03816534
  0.07595841  0.07952584  0.19313895  0.38439396  0.40244704  0.22924541] {'loss': [0.0038257976993918419, 0.014851025305688381]}  
3.97562575340271 -1.5027384757995605 -2.050389289855957 [ 0.07251501  0.04477552  0.03158096  0.0183184   0.02301148  0.03216525
  0.0860893   0.10814489  0.10434965  0.27928832  0.35084045  0.24745375] {'loss': [0.0072473050095140934, 0.012745808809995651]}  
3.5337204933166504 -2.3964662551879883 -1.833722472190857 [ 0.03480367  0.03515835  0.01910251  0.02295478  0.02318872  0.07302526
  0.138179    0.13958721  0.13444326  0.25439473  0.25698716  0.13962818] {'loss': [0.0056243878789246082, 0.0037210918962955475]}  
3.411534547805786 -3.388340711593628 -1.6670557260513306 [ 0.03093272  0.02585826  0.01671889  0.02500172  0.03907639  0.15072131
  0.22539127  0.18841625  0.17001781  0.25424753  0.21253869  0.08660014] {'loss': [0.0042600762099027634, 0.013264883309602737]}  
3.3028981685638428 -4.381724834442139 -1.7753883600234985 [ 0.02537967  0.02365546  0.01450803  0.02468608  0.04040728  0.22097777
  0.37600369  0.35045916  0.16988873  0.23421177  0.21830023  0.10582331] {'loss': [0.014607768505811691, 0.015194091945886612]}  
2.8646597862243652 -5.265336990356445 -2.275388717651367 [ 0.08209955  0.02225356  0.02022037  0.01618549  0.02668354  0.08901295
  0.44336725  0.7309394   0.6641573   0.30980289  0.19370318  0.17600544] {'loss': [0.049090061336755753, 0.046890273690223694]}  
2.0618956089019775 -5.84417724609375 -2.6503899097442627 [ 0.11191612  0.04009637  0.02097903  0.01632856  0.02273361  0.03147841
  0.30392989  0.98551889  1.          1.          0.38052612  0.14379051] {'loss': [0.094544224441051483, 0.072236202657222748]}  
1.1617300510406494 -6.2713704109191895 -2.8587234020233154 [ 0.09643903  0.04946265  0.01868554  0.01810568  0.01969483  0.03522976
  0.20302734  1.          1.          1.          1.          0.13064616] {'loss': [0.091656021773815155, 0.11665333062410355]}  
0.17126058042049408 -6.394130229949951 -3.0503885746002197 [ 0.07741314  0.05209021  0.01596937  0.01921021  0.01512572  0.03748067
  0.04508703  1.          1.          1.          1.          0.53839115] {'loss': [0.072288364171981812, 0.11165735870599747]}  
-0.8112933039665222 -6.570276737213135 -2.9003870487213135 [ 0.05689952  0.03141367  0.01745441  0.017844    0.02720051  0.05233162
  0.24086567  1.          1.          1.          1.          0.32776949] {'loss': [0.092889212071895599, 0.10362384468317032]}  
-1.7971899509429932 -6.705475807189941 -3.1253857612609863 [ 0.04800873  0.03533577  0.01416927  0.01854368  0.01923621  0.05562662
  0.07279992  1.          1.          1.          1.          1.        ] {'loss': [0.11421376466751099, 0.072001434862613678]}  
-2.797060251235962 -6.7216691970825195 -3.12538480758667 [ 0.03899625  0.02870232  0.01413809  0.01850285  0.02570371  0.07432898
  0.09727603  1.          1.          1.          1.          1.        ] {'loss': [0.085628949105739594, 0.091949082911014557]}  
-3.862536668777466 -6.498039722442627 2.674468755722046 [ 0.76719914  0.03177936  0.02208183  0.01529168  0.01894276  0.04317039
  0.11264956  0.13954607  1.          1.          1.          1.        ] {'loss': [0.12280348688364029, 0.098631776869297028]}  
-4.686124324798584 -5.930363655090332 2.5161354541778564 [ 0.55473298  0.02739041  0.02303888  0.0135285   0.02037137  0.03286136
  0.12888833  0.19408157  0.27118559  1.          1.          1.        ] {'loss': [0.096626989543437958, 0.072504200041294098]}  
-5.4157538414001465 -5.4034318923950195 2.5161354541778564 [ 0.31117995  0.02434559  0.0204778   0.01461231  0.02200338  0.04674518
  0.18334307  0.27608022  0.23221927  0.59665347  0.89844655  0.75571016] {'loss': [0.030724747106432915, 0.035928245633840561]}  
-6.100409984588623 -4.821279048919678 2.2578017711639404 [ 0.33035172  0.06655451  0.02149118  0.0130518   0.02137933  0.02355246
  0.17125043  0.36768914  0.40506328  0.24599878  0.49376926  0.54395883] {'loss': [0.024099191650748253, 0.017249332740902901]}  
-6.514969825744629 -4.025136470794678 1.949469804763794 [ 0.28842913  0.12835262  0.02037217  0.01796254  0.01695873  0.02696439
  0.07652775  0.3448232   0.54826947  0.48342024  0.2151247   0.32712104] {'loss': [0.025795524939894676, 0.016346845775842667]}  
-6.847701072692871 -3.1888926029205322 1.949469804763794 [ 0.18707793  0.08325075  0.01942852  0.01713051  0.01958188  0.03113521
  0.09983838  0.44985764  0.71527443  0.63067145  0.28065242  0.21217383] {'loss': [0.027027599513530731, 0.028884388506412506]}  
-7.096970081329346 -2.325875759124756 1.7744680643081665 [ 0.14425654  0.08392828  0.0172548   0.01836536  0.01648798  0.03361327
  0.03763856  0.40663863  0.82899553  0.88235191  0.51335095  0.13553333] {'loss': [0.025362787768244743, 0.023939097300171852]}  
-7.262570381164551 -1.4415123462677002 1.649466872215271 [ 0.10880132  0.07358922  0.01960245  0.01856594  0.01465747  0.03661397
  0.04424965  0.35836122  0.89517699  1.          0.73173247  0.19491617] {'loss': [0.0121198995038867, 0.015879126265645027]}  
-7.128769397735596 -0.5603173971176147 1.199465036392212 [ 0.12182296  0.08128062  0.05009062  0.01661814  0.01852937  0.02166985
  0.04740457  0.05285651  0.38600145  0.84440947  0.94152434  0.58023087] {'loss': [0.018134644255042076, 0.022578949108719826]}  
-6.7132649421691895 0.23668038845062256 1.0744646787643433 [ 0.15158085  0.06698807  0.04867125  0.01557494  0.0201277   0.01806991
  0.05099826  0.06590574  0.1831344   0.51685607  0.66794021  0.48530245] {'loss': [0.021217880770564079, 0.018790395930409431]}  
-6.284669399261475 1.028082251548767 1.0744646787643433 [ 0.10975308  0.0551159   0.04004532  0.01656738  0.02141024  0.02238918
  0.06318846  0.08165928  0.13259958  0.37423286  0.4836263   0.35138648] {'loss': [0.0083461692556738853, 0.022384539246559143]}  
-5.808452129364014 1.90741765499115 1.0744646787643433 [ 0.08077565  0.04528167  0.03290013  0.01778555  0.0229845   0.02928895
  0.08266155  0.10682461  0.09759014  0.27542642  0.35593733  0.25861201] {'loss': [0.027866408228874207, 0.030774662271142006]}  
-5.332234859466553 2.7867531776428223 1.0744646787643433 [ 0.06192483  0.03786261  0.02750967  0.0191432   0.024739    0.03994911
  0.11274751  0.14570514  0.1058644   0.21114959  0.27287138  0.19825913] {'loss': [0.03124583512544632, 0.038734365254640579]}  
-4.856017589569092 3.666088581085205 1.0744646787643433 [ 0.04897812  0.03212801  0.02334311  0.02066243  0.02670233  0.05769593
  0.16283396  0.21043261  0.15289313  0.1670043   0.21582186  0.15680881] {'loss': [0.04278700053691864, 0.049130186438560486]}  
-4.3470892906188965 4.3992719650268555 0.7661316990852356 [ 0.08854223  0.02621305  0.02652203  0.01444086  0.02694432  0.0272619
  0.14963345  0.2837571   0.28710177  0.15632286  0.16072178  0.16261621] {'loss': [0.048705060034990311, 0.048848927021026611]}  
-3.5922963619232178 4.878597259521484 0.48279768228530884 [ 0.10173952  0.03710875  0.02602515  0.0204498   0.02366513  0.03309517
  0.08828444  0.29240477  0.408922    0.32131889  0.11719868  0.12947733] {'loss': [0.0209005456417799, 0.014575190842151642]}  
-2.7730519771575928 5.240896224975586 0.2494642436504364 [ 0.09216882  0.04968263  0.02287099  0.02296929  0.0191892   0.03601847
  0.03617326  0.26199962  0.49177816  0.49389201  0.26622718  0.09177436] {'loss': [0.01442233007401228, 0.0137452632188797]}  
-1.8852165937423706 5.382108211517334 0.06613216549158096 [ 0.07553454  0.05187584  0.01947369  0.02386481  0.01638994  0.03768102
  0.04617772  0.187359    0.47958967  0.58773213  0.40364442  0.11141391] {'loss': [0.017220741137862206, 0.015977403149008751]}  
-0.9861487150192261 5.414802551269531 -0.03386738896369934 [ 0.06006425  0.04682776  0.0171807   0.02383076  0.01857913  0.04099579
  0.05686387  0.13464223  0.43819884  0.6078109   0.4738663   0.17030964] {'loss': [0.011377807706594467, 0.026625966653227806]}  
-0.08666455745697021 5.384315490722656 -0.03386684134602547 [ 0.04872438  0.03798687  0.0172619   0.02394338  0.01866692  0.05144414
  0.07135638  0.13149663  0.42796075  0.59360952  0.46279435  0.16633018] {'loss': [0.019959703087806702, 0.0047479416243731976]}  
0.8128195405006409 5.3538498878479 -0.033866036683321 [ 0.04031709  0.03143229  0.01734363  0.02405673  0.02042146  0.06646225
  0.09218742  0.12846203  0.41808399  0.5799094   0.4521129   0.16249102] {'loss': [0.008451961912214756, 0.013770523481070995]}  
1.712303638458252 5.323388576507568 -0.03386523202061653 [ 0.03391194  0.02643863  0.01742593  0.02417086  0.0273965   0.08916253
  0.12367401  0.12553202  0.40854703  0.56668058  0.44179879  0.15878395] {'loss': [0.011796791106462479, 0.005491198506206274]}  
2.611787796020508 5.292927265167236 -0.033864423632621765 [ 0.02892019  0.02254692  0.01750881  0.0242858   0.03866637  0.12584026
  0.17454813  0.13608215  0.39933286  0.55389912  0.43183362  0.15520207] {'loss': [0.002755611902102828, 0.024167986586689949]}  
3.477215528488159 5.25335168838501 -0.15053026378154755 [ 0.0244844   0.0215244   0.0151344   0.02397941  0.03670679  0.16385385
  0.25961512  0.22822921  0.33265922  0.52707553  0.46335568  0.2052191 ] {'loss': [0.0092043103650212288, 0.0097881248220801353]}  
3.7508656978607178 5.085122108459473 -0.6005298495292664 [ 0.15162193  0.02392902  0.0193988   0.01722153  0.02489811  0.05831935
  0.20788672  0.30055321  0.24365256  0.3350167   0.48435229  0.39265484] {'loss': [0.0060513950884342194, 0.0076194074936211109]}  
4.35333776473999 4.421755790710449 -1.0505297183990479 [ 0.24137445  0.07952882  0.02190827  0.01633644  0.02096406  0.02779135
  0.11109447  0.32947736  0.43677691  0.32569358  0.24417851  0.32369935] {'loss': [0.021073607727885246, 0.011338160373270512]}  
4.609471321105957 3.5647778511047363 -1.5005276203155518 [ 0.2085745   0.14252704  0.03888672  0.02092791  0.01430085  0.02622959
  0.03199653  0.16900115  0.42909787  0.5234408   0.35768733  0.17098174] {'loss': [0.015935352072119713, 0.016434410586953163]}  
4.672659873962402 2.6669931411743164 -1.5005276203155518 [ 0.14366954  0.09917274  0.02769379  0.0207627   0.01433215  0.03077798
  0.03789487  0.17276531  0.44592291  0.54903521  0.37898968  0.11668753] {'loss': [0.013820071704685688, 0.012156319804489613]}  
4.735848426818848 1.7692101001739502 -1.5005276203155518 [ 0.10485074  0.07237676  0.02021108  0.02057448  0.01432408  0.03697172
  0.04552081  0.18116902  0.46761354  0.57574147  0.39742458  0.11098002] {'loss': [0.025840826332569122, 0.0075302533805370331]}  
4.799036979675293 0.871431827545166 -1.5005276203155518 [ 0.0798767   0.05513756  0.01655966  0.0203888   0.01752828  0.04524209
  0.05570355  0.19020121  0.49092665  0.60444521  0.41723822  0.11651289] {'loss': [0.0076440782286226749, 0.012727708555757999]}  
4.6651763916015625 -0.009753708727657795 -1.9421939849853516 [ 0.06994402  0.06177203  0.03807142  0.01821594  0.0203124   0.02789098
  0.06102061  0.06804342  0.2215072   0.4846194   0.5403937   0.33305595] {'loss': [0.0087717091664671898, 0.0023538416717201471]}  
4.160858631134033 -0.7417944073677063 -2.3921926021575928 [ 0.20902193  0.04867443  0.05013968  0.02796122  0.0205827   0.0212023
  0.04057327  0.07889822  0.08127327  0.18711547  0.36386205  0.37481541] {'loss': [0.0062416023574769497, 0.010583591647446156]}  
3.4420275688171387 -1.280733585357666 -2.383861541748047 [ 0.14120586  0.04294031  0.04463033  0.02518275  0.02287438  0.02377466
  0.04698292  0.09253258  0.09617441  0.12225331  0.24077705  0.2502533 ] {'loss': [0.015210296027362347, 0.0076133161783218384]}  
2.95004940032959 -2.0293781757354736 -1.933861255645752 [ 0.03499001  0.03937128  0.02453008  0.02357618  0.02652828  0.05082677
  0.11279071  0.12691381  0.08081273  0.17933313  0.20178834  0.12572315] {'loss': [0.022797776386141777, 0.015694713220000267]}  
2.7747411727905273 -2.9108920097351074 -1.7171944379806519 [ 0.03330551  0.02941321  0.01719486  0.02739179  0.02487775  0.11266727
  0.17948134  0.15850594  0.11699191  0.18637058  0.16459001  0.07343079] {'loss': [0.014188020490109921, 0.008021707646548748]}  
2.643458843231201 -3.8012609481811523 -1.7171944379806519 [ 0.02844214  0.0251182   0.01757882  0.02800344  0.03797782  0.17199556
  0.27399252  0.24197181  0.11056704  0.17613556  0.1555512   0.06939815] {'loss': [0.019833328202366829, 0.021568728610873222]}  
2.67539381980896 -4.6943678855896 -1.383860468864441 [ 0.02422644  0.01441813  0.02540024  0.02752674  0.20422962  0.42768259
  0.46348815  0.27584026  0.16175628  0.17529832  0.10432699  0.0223549 ] {'loss': [0.034411568194627762, 0.024939423426985741]}  
2.86124587059021 -5.676957607269287 -1.383860468864441 [ 0.02085418  0.01241116  0.02462152  0.03811289  0.46942101  0.98302744
  1.          0.63401802  0.17536942  0.19005122  0.11310702  0.02148102] {'loss': [0.090984098613262177, 0.093353480100631714]}  
3.028512716293335 -6.561288356781006 -1.383860468864441 [ 0.01838679  0.01143715  0.02395087  0.13289427  1.          1.          1.
  1.          0.41985673  0.2049812   0.12199245  0.02316853] {'loss': [0.095146149396896362, 0.1372307687997818]}  
3.1128718852996826 -6.165509223937988 -1.8171932697296143 [ 0.01874902  0.01827796  0.01389152  0.02504929  0.18275072  1.          1.
  1.          1.          0.20835826  0.20312336  0.10507895] {'loss': [0.10502928495407104, 0.10705607384443283]}  
3.148172616958618 -5.93178653717041 -2.2671926021575928 [ 0.09173546  0.02022408  0.01821409  0.01566252  0.02554403  0.18408138
  0.88923945  1.          1.          0.60096766  0.22137711  0.19937522] {'loss': [0.091798275709152222, 0.083344787359237671]}  
2.4351587295532227 -6.462518215179443 -2.717193841934204 [ 0.13744897  0.05543315  0.01907217  0.0158487   0.01970702  0.02927514
  0.59222452  1.          1.          1.          1.          0.16540482] {'loss': [0.099223770201206207, 0.06462591141462326]}  
1.5597033500671387 -6.632231712341309 -3.1171929836273193 [ 0.12008279  0.08754195  0.02753633  0.01872487  0.01365069  0.02658964
  0.03447452  1.          1.          1.          1.          1.        ] {'loss': [0.13430313766002655, 0.068148970603942871]}  
0.6599709391593933 -6.654195785522461 -3.117192029953003 [ 0.08986931  0.06551587  0.02060798  0.0186687   0.01360973  0.03165908
  0.04104718  1.          1.          1.          1.          1.        ] {'loss': [0.089821338653564453, 0.095266722142696381]}  
-0.33973127603530884 -6.678600311279297 -3.1171908378601074 [ 0.067967    0.04954875  0.01558547  0.01860658  0.01380252  0.03919853
  0.0508223   1.          1.          1.          1.          1.        ] {'loss': [0.10267043858766556, 0.079064182937145233]}  
-1.2394623756408691 -6.700564384460449 -3.117189884185791 [ 0.05444339  0.03968983  0.0143081   0.01855095  0.01709512  0.04854929
  0.06294583  1.          1.          1.          1.          1.        ] {'loss': [0.061304632574319839, 0.087106555700302124]}  
-2.139191150665283 -6.722528457641602 -3.1171889305114746 [ 0.04458837  0.03250537  0.0142654   0.01849556  0.02172344  0.06169335
  0.07998746  1.          1.          1.          1.          1.        ] {'loss': [0.078877978026866913, 0.058491289615631104]}  
-3.138889789581299 -6.7469329833984375 -3.117187738418579 [ 0.03647891  0.02659345  0.01421817  0.01843431  0.02946852  0.08368875
  0.10850509  1.          1.          1.          1.          1.        ] {'loss': [0.062875151634216309, 0.079189635813236237]}  
-3.2388596534729004 -6.748966693878174 -3.1171865463256836 [ 0.03556737  0.02592891  0.0142119   0.01842616  0.03080678  0.08748916
  0.11343229  1.          1.          1.          1.          1.        ] {'loss': [0.068712949752807617, 0.040862482041120529]}  
-3.2388596534729004 -6.748966693878174 -3.117185592651367 [ 0.03556738  0.02592887  0.01421192  0.01842616  0.0308069   0.08748926
  0.11343228  1.          1.          1.          1.          1.        ] {'loss': [0.047143321484327316, 0.036627691239118576]}  
-3.2388596534729004 -6.748966693878174 -3.117184638977051 [ 0.03556738  0.02592884  0.01421194  0.01842616  0.030807    0.08748936
  0.11343228  1.          1.          1.          1.          1.        ] {'loss': [0.028150422498583794, 0.03360096737742424]}  
-3.2388596534729004 -6.748966693878174 -3.1171836853027344 [ 0.03556737  0.02592881  0.01421195  0.01842616  0.03080709  0.08748943
  0.11343227  1.          1.          1.          1.          1.        ] {'loss': [0.048121657222509384, 0.034289505332708359]}  
-3.2388596534729004 -6.748966693878174 -3.117182731628418 [ 0.03556737  0.02592878  0.01421197  0.01842616  0.03080718  0.08748953
  0.11343227  1.          1.          1.          1.          1.        ] {'loss': [0.048425033688545227, 0.039017751812934875]}  
-3.2388596534729004 -6.748966693878174 -3.1171817779541016 [ 0.03556737  0.02592875  0.01421198  0.01842615  0.03080726  0.08748965
  0.11343226  1.          1.          1.          1.          1.        ] {'loss': [0.02139747329056263, 0.020923934876918793]}  
-3.2388596534729004 -6.748966693878174 -3.1171810626983643 [ 0.03556737  0.02592873  0.014212    0.01842616  0.03080737  0.08748969
  0.11343226  1.          1.          1.          1.          1.        ] {'loss': [0.014624674804508686, 0.022247925400733948]}  
-3.2388596534729004 -6.748966693878174 -3.117180109024048 [ 0.03556737  0.02592869  0.01421201  0.01842616  0.03080746  0.08748979
  0.11343225  1.          1.          1.          1.          1.        ] {'loss': [0.017483478412032127, 0.018057577311992645]}  
-3.2388596534729004 -6.748966693878174 -3.1171791553497314 [ 0.03556737  0.02592868  0.01421202  0.01842615  0.03080754  0.08748983
  0.11343225  1.          1.          1.          1.          1.        ] {'loss': [0.011192633770406246, 0.0089754434302449226]}  
-3.2388596534729004 -6.748966693878174 -3.1171786785125732 [ 0.03556737  0.02592864  0.01421203  0.01842615  0.03080761  0.08748993
  0.11343224  1.          1.          1.          1.          1.        ] {'loss': [0.0095222396776080132, 0.0095023242756724358]}  
-3.2388596534729004 -6.748966693878174 -3.117177963256836 [ 0.03556736  0.02592863  0.01421204  0.01842615  0.0308077   0.08749
  0.11343224  1.          1.          1.          1.          1.        ] {'loss': [0.014672781340777874, 0.014752067625522614]}  
-3.2388596534729004 -6.748966693878174 -3.1171770095825195 [ 0.03556736  0.02592861  0.01421206  0.01842615  0.03080776  0.08749003
  0.11343224  1.          1.          1.          1.          1.        ] {'loss': [0.007079223170876503, 0.0081957234069705009]}  
