1.0 0.0 1.4281487892731093e-05 [ 0.03863301  0.02897427  0.05288512  0.0705123   0.05288332  0.07410181
  0.09880072  0.07409927  0.04710668  0.06280785  0.0471051   0.02897524] {'loss': [0.069262810051441193, 0.072299972176551819]}  
1.3784512281417847 -0.06131460517644882 -0.24165114760398865 [ 0.03420192  0.03317333  0.03775655  0.06762627  0.06559246  0.05839166
  0.10458605  0.10144067  0.05210094  0.05872186  0.05695587  0.0292531 ] {'loss': [0.072732210159301758, 0.0694565549492836]}  
2.1870462894439697 -0.4509212076663971 -0.5416513681411743 [ 0.02286241  0.0311288   0.02383584  0.05815008  0.07917542  0.06062595
  0.10842944  0.14763429  0.11304604  0.0415671   0.05659655  0.04333694] {'loss': [0.075189091265201569, 0.073795810341835022]}  
2.9705729484558105 -0.8891320824623108 -0.38331806659698486 [ 0.02328164  0.02678078  0.03349773  0.07700929  0.08858346  0.07597726
  0.17466716  0.2009189   0.12848071  0.04362163  0.05017779  0.03208699] {'loss': [0.067998416721820831, 0.079099416732788086]}  
3.85241961479187 -1.018803358078003 0.06668294966220856 [ 0.02360799  0.02851824  0.0753943   0.09407318  0.09623443  0.2544171
  0.31744851  0.22229744  0.06411479  0.04918739  0.03444413  0.01892046] {'loss': [0.057918235659599304, 0.054341603070497513]}  
4.706075668334961 -0.7515085935592651 0.5166828632354736 [ 0.0207646   0.0645676   0.08762632  0.13137164  0.40849979  0.5543856
  0.42314304  0.14601468  0.0521543   0.03980756  0.01535636  0.02084051] {'loss': [0.039017301052808762, 0.038063202053308487]}  
5.361575126647949 -0.1404692679643631 0.9666818380355835 [ 0.04957143  0.07345703  0.17384962  0.65613741  0.97229182  0.80615835
  0.32387025  0.05957105  0.04939228  0.01984313  0.01882864  0.01561143] {'loss': [0.040635861456394196, 0.032533552497625351]}  
5.688405990600586 0.6926532983779907 1.416677713394165 [ 0.05828672  0.1770177   0.84882208  1.          1.          0.56896314
  0.07235967  0.06502624  0.02981828  0.01764396  0.0158558   0.03583336] {'loss': [0.034792754799127579, 0.037002291530370712]}  
5.711783409118652 1.5908011198043823 1.4583438634872437 [ 0.04806748  0.24235334  0.95707288  1.          1.          0.50392762
  0.09542732  0.08046686  0.0332742   0.01786198  0.0150617   0.0318319 ] {'loss': [0.049524154514074326, 0.031625028699636459]}  
5.97902250289917 2.445598840713501 1.1916749477386475 [ 0.03500278  0.04253842  0.78750407  1.          1.          1.
  0.28109238  0.12574903  0.07913297  0.01758934  0.01708412  0.01556435] {'loss': [0.033405974507331848, 0.041126415133476257]}  
6.202601432800293 3.3127782344818115 1.5250065326690674 [ 0.03422734  0.6064748   1.          1.          1.          0.88369136
  0.17920766  0.14294524  0.05360436  0.01686874  0.01345537  0.02408976] {'loss': [0.036376956850290298, 0.037368297576904297]}  
6.039865970611572 4.188857555389404 1.975006341934204 [ 0.34661308  1.          1.          1.          0.85667427  0.26721674
  0.231233    0.09982811  0.01696904  0.01468397  0.0185616   0.02887134] {'loss': [0.049931589514017105, 0.054475117474794388]}  
5.511662006378174 4.903757095336914 2.4250071048736572 [ 0.67211866  1.          1.          0.52738151  0.39716447  0.37220485
  0.18189371  0.01774146  0.0166265   0.01457046  0.02496351  0.12033069] {'loss': [0.03496953472495079, 0.052889410406351089]}  
4.7288498878479 5.332901954650879 2.7500076293945312 [ 0.50429775  0.5800496   0.37089026  0.48060836  0.5528019   0.3534681
  0.08194061  0.02024197  0.01294295  0.02071011  0.02382102  0.21938682] {'loss': [0.022367449477314949, 0.027420083060860634]}  
3.8905699253082275 5.656394958496094 2.883340835571289 [ 0.3145498   0.31616726  0.36276998  0.68171209  0.68521737  0.36978096
  0.05083889  0.02180877  0.01176921  0.02144348  0.02184019  0.16738641] {'loss': [0.014990449883043766, 0.0093472236767411232]}  
3.013087511062622 5.849588871002197 3.0250086784362793 [ 0.21176469  0.18102767  0.56357187  0.86436792  0.73890752  0.31265146
  0.02641735  0.02258296  0.01438041  0.02205568  0.03364152  0.13807163] {'loss': [0.0094151757657527924, 0.018259037286043167]}  
2.1191909313201904 5.954285144805908 3.0250093936920166 [ 0.1453383   0.15183144  0.62314598  0.95573779  0.81701521  0.34570044
  0.03075119  0.02628773  0.01415791  0.02171441  0.02308892  0.09476137] {'loss': [0.015029307454824448, 0.0079895602539181709]}  
1.2213044166564941 5.984703540802002 -3.1248419284820557 [ 0.10717965  0.26601809  0.76833133  1.          0.73917281  0.23685942
  0.0367594   0.02703882  0.0167332   0.02188552  0.02837247  0.08194728] {'loss': [0.015596672892570496, 0.016704341396689415]}  
0.3214300274848938 5.969640254974365 -3.1248412132263184 [ 0.08142191  0.26204616  0.75685854  0.98990262  0.72813369  0.23332185
  0.04402908  0.03238609  0.01677057  0.02193439  0.02155398  0.0622535 ] {'loss': [0.01711704395711422, 0.013486131094396114]}  
-0.5784436464309692 5.954568862915039 -3.124840259552002 [ 0.06394565  0.25816119  0.74563517  0.9752226   0.71733543  0.22986108
  0.05368954  0.03949191  0.01680809  0.02198343  0.01692771  0.04889156] {'loss': [0.021980024874210358, 0.012685135006904602]}  
-1.4783155918121338 5.939479827880859 -3.1248395442962646 [ 0.0515468   0.25435685  0.73464661  0.96084966  0.70676255  0.2264724
  0.06691677  0.04922129  0.01684578  0.0220327   0.01620637  0.0394117 ] {'loss': [0.021734103560447693, 0.0064167841337621212]}  
-2.376828670501709 5.986035346984863 3.0500130653381348 [ 0.04210081  0.17550615  0.66768014  0.99272032  0.82558752  0.33341305
  0.08498635  0.07067812  0.02854335  0.02172169  0.01806464  0.02831602] {'loss': [0.011918864212930202, 0.005670368205755949]}  
-3.2730555534362793 6.068329811096191 3.050013780593872 [ 0.03528422  0.1909018   0.72624889  1.          0.8980068   0.36265894
  0.11258881  0.09363337  0.03781376  0.02145952  0.0178466   0.02373135] {'loss': [0.021019786596298218, 0.013410740531980991]}  
-4.170292854309082 6.118589878082275 -3.0665040016174316 [ 0.03011184  0.35902713  0.93319868  1.          0.79962797  0.22545653
  0.1568732   0.10874752  0.03066154  0.02135974  0.01480698  0.02436094] {'loss': [0.014850802719593048, 0.019540563225746155]}  
-5.02173376083374 5.844147205352783 -2.616503953933716 [ 0.21906891  0.66775944  0.8974235   0.67839649  0.22970562  0.22864173
  0.17283893  0.05852344  0.02227235  0.01683651  0.01949537  0.02620043] {'loss': [0.031020849943161011, 0.017724251374602318]}  
-5.672120094299316 5.227662563323975 -2.166505813598633 [ 0.36859214  0.54061003  0.44407966  0.21842904  0.32036752  0.26316332
  0.10402056  0.02425329  0.01992266  0.01599355  0.02345756  0.10004388] {'loss': [0.024689363315701485, 0.026372501626610756]}  
-6.065571308135986 4.41819429397583 -1.991505742073059 [ 0.26951334  0.32005447  0.21227448  0.3416245   0.40568824  0.26907051
  0.06838903  0.02750487  0.01824246  0.01852011  0.02199312  0.11119228] {'loss': [0.013256113976240158, 0.019329482689499855]}  
-6.498237609863281 3.632735013961792 -2.1498398780822754 [ 0.15114437  0.21508948  0.1718212   0.38570516  0.54888698  0.43847037
  0.16487232  0.03175376  0.02536604  0.01462338  0.02081013  0.04393091] {'loss': [0.018435684964060783, 0.024526773020625114]}  
-6.967921733856201 2.864910125732422 -1.9915051460266113 [ 0.12869167  0.15423594  0.27229551  0.67044126  0.80351851  0.53844985
  0.14030452  0.03635606  0.02436275  0.01613733  0.01934045  0.05226736] {'loss': [0.027153687551617622, 0.011761885136365891]}  
-7.172774791717529 1.9908145666122437 -1.7248375415802002 [ 0.11069271  0.12946591  0.60226663  0.96896127  0.86285619  0.39005569
  0.04262936  0.03796126  0.01716045  0.01849923  0.01647348  0.06880202] {'loss': [0.011589282192289829, 0.010186274535953999]}  
-7.260607719421387 1.0960429906845093 -1.616504430770874 [ 0.08545824  0.23039584  0.77275453  1.          0.85887033  0.31651108
  0.0530074   0.04188299  0.01543474  0.01866999  0.0181135   0.06075324] {'loss': [0.011962666176259518, 0.0053253979422152042]}  
-7.301729202270508 0.19698363542556763 -1.616504430770874 [ 0.06674317  0.24061149  0.80701888  1.          0.89695245  0.33054523
  0.06596865  0.05212412  0.0192088   0.01856542  0.01466918  0.04744849] {'loss': [0.012173003517091274, 0.017319647595286369]}  
-7.342850685119629 -0.7020760774612427 -1.616504430770874 [ 0.05356476  0.251522    0.84361235  1.          0.93762458  0.34553377
  0.08433738  0.06663788  0.02455742  0.01846173  0.01458725  0.0380798 ] {'loss': [0.011458225548267365, 0.015574652701616287]}  
-7.38397216796875 -1.6011353731155396 -1.616504430770874 [ 0.0439364   0.26319165  0.88275304  1.          0.98112722  0.3615651
  0.11160012  0.08817912  0.03249579  0.0183589   0.014506    0.03123489] {'loss': [0.014785668812692165, 0.015433367341756821]}  
-7.425093650817871 -2.500194787979126 -1.616504430770874 [ 0.03668869  0.27569268  0.92468225  1.          1.          0.37873871
  0.15458373  0.12214199  0.0450118   0.01825693  0.01442543  0.02608241] {'loss': [0.013446412980556488, 0.010933787561953068]}  
-7.421146869659424 -3.3978970050811768 -1.4081692695617676 [ 0.03088433  0.51432625  1.          1.          0.79332533  0.19879712
  0.2231818   0.13867502  0.02978348  0.01785618  0.01225827  0.02710522] {'loss': [0.023243585601449013, 0.014203939586877823]}  
-7.080376148223877 -4.219832897186279 -0.9581664204597473 [ 0.29964146  0.75769211  0.92213285  0.62852215  0.29046936  0.35350922
  0.24095059  0.06535205  0.01900014  0.01295043  0.0220857   0.02687892] {'loss': [0.013539038598537445, 0.028162136673927307]}  
-6.337152004241943 -4.874332427978516 -0.5998334288597107 [ 0.34497348  0.50338384  0.41157035  0.37784636  0.55135134  0.45078919
  0.17672189  0.02110335  0.01725426  0.01656553  0.02417233  0.09475013] {'loss': [0.016156243160367012, 0.025349734351038933]}  
-5.590137004852295 -5.374663352966309 -0.516499936580658 [ 0.23686292  0.31626786  0.23753901  0.62931778  0.84028765  0.63111407
  0.21097083  0.02373474  0.01782643  0.0168585   0.02251006  0.07872925] {'loss': [0.01597854308784008, 0.016326118260622025]}  
-4.735013961791992 -5.628020763397217 -0.14149832725524902 [ 0.20182574  0.17729141  0.67829452  1.          0.94322076  0.41724116
  0.02664122  0.02340266  0.01338715  0.02119201  0.02862973  0.12749484] {'loss': [0.012182316742837429, 0.022292071953415871]}  
-3.8692402839660645 -5.859437942504883 -0.45816364884376526 [ 0.11652187  0.14290717  0.44081848  1.          1.          0.95254469
  0.26343153  0.03136622  0.02155999  0.01698903  0.02083606  0.04545846] {'loss': [0.01596381701529026, 0.013503658585250378]}  
-3.0620059967041016 -6.257145404815674 -0.4498302936553955 [ 0.08694002  0.10762253  0.73461649  1.          1.          1.
  0.46562617  0.03643921  0.0253006   0.01592115  0.0197087   0.03335978] {'loss': [0.019299043342471123, 0.015731805935502052]}  
-2.1912174224853516 -6.445353984832764 0.0001708146883174777 [ 0.08278605  0.82319304  1.          1.          1.          0.87108907
  0.04351429  0.03294403  0.01427979  0.01922045  0.02011545  0.06150572] {'loss': [0.014863137155771255, 0.020263386890292168]}  
-1.292858362197876 -6.481250762939453 -0.10816149413585663 [ 0.06416493  0.58435446  1.          1.          1.          1.
  0.05236582  0.04435305  0.01847886  0.01891732  0.01602268  0.04227893] {'loss': [0.028730042278766632, 0.036407846957445145]}  
-0.3968542218208313 -6.554707050323486 0.033505652099847794 [ 0.05226898  1.          1.          1.          1.          0.96080111
  0.06582279  0.04794223  0.01505172  0.0189169   0.01423181  0.04034974] {'loss': [0.049222841858863831, 0.016426712274551392]}  
0.46496304869651794 -6.3158040046691895 0.48350608348846436 [ 0.58849524  1.          1.          1.          0.82396335  0.08315654
  0.06590636  0.02442574  0.01946213  0.01542486  0.03061512  0.04320407] {'loss': [0.034219082444906235, 0.034033160656690598]}  
1.2251405715942383 -5.836783409118652 0.45017191767692566 [ 0.27988754  0.98819654  1.          1.          0.44051197  0.10470843
  0.08455353  0.0324218   0.02079768  0.01679442  0.02572492  0.03703506] {'loss': [0.034976370632648468, 0.028133491054177284]}  
2.0841612815856934 -5.576268196105957 0.25850510597229004 [ 0.0692596   0.52642296  0.98707723  0.99056797  0.53340474  0.13208155
  0.13254863  0.07137525  0.02023268  0.02030423  0.01576186  0.02955451] {'loss': [0.025569180026650429, 0.021042095497250557]}  
2.9856278896331787 -5.158241271972656 0.6668378710746765 [ 0.27294134  0.62419812  0.7156987   0.4559427   0.17665821  0.20255422
  0.12903913  0.02962778  0.02264597  0.01442684  0.02326288  0.02667297] {'loss': [0.024182984605431557, 0.017130549997091293]}  
3.7508955001831055 -4.51420259475708 0.7001712322235107 [ 0.18634124  0.39689994  0.43496579  0.26247299  0.26735506  0.29299634
  0.17680382  0.03496974  0.0247041   0.01490729  0.02125407  0.0232925 ] {'loss': [0.018285557627677917, 0.014716200530529022]}  
4.439150810241699 -3.9342806339263916 0.7001712322235107 [ 0.13065147  0.2782829   0.30497245  0.19094352  0.4067028   0.44570873
  0.26895564  0.05319642  0.02716067  0.01638967  0.01915564  0.02099283] {'loss': [0.02267107181251049, 0.022423302754759789]}  
5.157339572906494 -3.238248109817505 0.7918378114700317 [ 0.11173441  0.20655033  0.20512953  0.40776163  0.75378184  0.74859611
  0.39739089  0.05137132  0.02936298  0.0155873   0.018289    0.0181632 ] {'loss': [0.023790918290615082, 0.024271173402667046]}  
5.859792709350586 -2.5263068675994873 0.8001710772514343 [ 0.08202477  0.15162963  0.15058657  0.86952108  1.          1.
  0.84740678  0.10954552  0.03346095  0.0177627   0.01661721  0.01650291] {'loss': [0.050700623542070389, 0.042752519249916077]}  
6.319740295410156 -1.757728099822998 1.2501696348190308 [ 0.10924366  0.1347652   1.          1.          1.          1.
  0.37598566  0.0402098   0.02368325  0.01494158  0.01605863  0.05281963] {'loss': [0.038322154432535172, 0.036969173699617386]}  
6.401248455047607 -0.8683815598487854 1.7001665830612183 [ 0.09011091  1.          1.          1.          1.          0.66978641
  0.04978114  0.03227621  0.01394805  0.01623689  0.03301957  0.07740844] {'loss': [0.033807437866926193, 0.036814961582422256]}  
6.088091850280762 -0.03534042835235596 2.1501665115356445 [ 0.74005747  1.          1.          1.          0.53222802  0.06147186
  0.04361122  0.01352983  0.01709008  0.02102862  0.05685671  0.07181803] {'loss': [0.039020519703626633, 0.03976038470864296]}  
5.443057537078857 0.5767133831977844 2.575167417526245 [ 0.79595412  1.          0.87877101  0.32189546  0.07231506  0.05695321
  0.02086205  0.01861193  0.01465821  0.0436077   0.06113104  0.23907828] {'loss': [0.066748641431331635, 0.07104780524969101]}  
4.699121475219727 1.2417302131652832 2.216834783554077 [ 0.21205282  0.48851515  0.56265768  0.36033807  0.08387582  0.08557293
  0.05480277  0.01768268  0.02036641  0.0194279   0.04475688  0.05154971] {'loss': [0.030890954658389091, 0.029753880575299263]}  
4.337776184082031 2.060713529586792 1.7668322324752808 [ 0.04210969  0.19436004  0.39579477  0.42095284  0.24467619  0.10122099
  0.10765496  0.06257383  0.01972831  0.02098231  0.01944264  0.03959301] {'loss': [0.015395102091133595, 0.032473120838403702]}  
4.367337226867676 2.9523751735687256 1.316829800605774 [ 0.03455736  0.03396369  0.22883678  0.4171261   0.40995989  0.21450463
  0.14604232  0.14353343  0.07510156  0.02054498  0.02019203  0.01895829] {'loss': [0.019298715516924858, 0.014734573662281036]}  
4.692642688751221 3.8956968784332275 1.3918277025222778 [ 0.02982506  0.06081603  0.32069022  0.53911252  0.49766094  0.23778677
  0.22595397  0.20858074  0.09966173  0.02009487  0.01854981  0.01774138] {'loss': [0.026011459529399872, 0.020160308107733727]}  
4.647862911224365 4.78659725189209 1.8418279886245728 [ 0.03683429  0.27358934  0.5098531   0.50936155  0.27260646  0.3552591
  0.35491688  0.18994887  0.02532328  0.01949691  0.01330783  0.02480008] {'loss': [0.019283559173345566, 0.010359007865190506]}  
4.219857215881348 5.566099166870117 2.2918272018432617 [ 0.17556803  0.36637478  0.39612265  0.28449417  0.59368139  0.64188582
  0.38090292  0.07171568  0.02143468  0.0127196   0.02092304  0.0226219 ] {'loss': [0.012492994777858257, 0.021193964406847954]}  
3.4938390254974365 6.0789971351623535 2.741828680038452 [ 0.22874054  0.26789622  0.38571281  0.91337939  1.          0.69841725
  0.17075088  0.02447117  0.01597699  0.01824344  0.02136634  0.09659541] {'loss': [0.024000681936740875, 0.010063407011330128]}  
2.5144457817077637 6.219396591186523 -3.099688768386841 [ 0.17222273  0.37124413  1.          1.          0.9217249   0.27751
  0.02905427  0.02074847  0.0166082   0.02110985  0.04953645  0.13549637] {'loss': [0.020319327712059021, 0.0096398908644914627]}  
1.5153229236602783 6.177511215209961 -3.0996880531311035 [ 0.11811825  0.35417552  0.96877059  1.          0.87934477  0.26474961
  0.03472025  0.02479469  0.01670984  0.02123902  0.03397444  0.09292974] {'loss': [0.013372772373259068, 0.021034432575106621]}  
0.5162018537521362 6.135625839233398 -3.0996875762939453 [ 0.08601601  0.33825702  0.92522876  1.          0.83982161  0.25284964
  0.04222095  0.03015114  0.0168124   0.02136938  0.02474088  0.06767327] {'loss': [0.0091413119807839394, 0.0097491974011063576]}  
-0.4829205572605133 6.093740463256836 -3.099687099456787 [ 0.06542191  0.32338845  0.88455806  1.          0.80290396  0.24173438
  0.05244332  0.03745118  0.01691592  0.02150095  0.01881741  0.05147086] {'loss': [0.0064153312705457211, 0.0048486744053661823]}  
-1.4820417165756226 6.051855087280273 -3.099686622619629 [ 0.05142698  0.3094791   0.84651133  1.          0.76836831  0.23133628
  0.06688295  0.04776287  0.0170204   0.02163372  0.01544921  0.04046034] {'loss': [0.0094295376911759377, 0.0077846944332122803]}  
-2.4811644554138184 6.009969711303711 -3.0996856689453125 [ 0.04148567  0.29644883  0.81086804  1.          0.73601359  0.22159492
  0.08822405  0.06300304  0.01896858  0.02176774  0.01554489  0.03263901] {'loss': [0.0073843128047883511, 0.0043030525557696819]}  
-3.4798636436462402 5.9604644775390625 -3.0246846675872803 [ 0.03383088  0.34429949  0.82575748  0.97449464  0.6417733   0.16031549
  0.12045572  0.07932859  0.01981636  0.02169635  0.01428857  0.02866729] {'loss': [0.008723095990717411, 0.010318783111870289]}  
-4.319380760192871 5.650761604309082 -2.5746846199035645 [ 0.2118747   0.58811827  0.75341032  0.54245786  0.16621404  0.16747223
  0.12058057  0.03694699  0.02289619  0.01648533  0.02296206  0.02941558] {'loss': [0.020040407776832581, 0.024481417611241341]}  
-4.993741989135742 4.9208855628967285 -2.074686050415039 [ 0.33417574  0.43977157  0.32551024  0.17246323  0.22695964  0.16799103
  0.05452588  0.02561125  0.01895693  0.01995705  0.02626325  0.11431838] {'loss': [0.016820194199681282, 0.03822726383805275]}  
-5.235841751098633 4.059932708740234 -1.6246843338012695 [ 0.26597485  0.21408991  0.17877329  0.25648408  0.20645035  0.07870622
  0.02940016  0.02366492  0.01750267  0.02511086  0.0529174   0.18538868] {'loss': [0.024268031120300293, 0.036182422190904617]}  
-5.228221893310547 3.1600258350372314 -1.5580183267593384 [ 0.17574727  0.12987261  0.19541576  0.25675179  0.18973282  0.06137797
  0.03466053  0.02561322  0.01919916  0.02522528  0.04590333  0.1337626 ] {'loss': [0.044012222439050674, 0.029057400301098824]}  
-5.215433120727539 2.1601126194000244 -1.5580183267593384 [ 0.12011516  0.08876195  0.19415544  0.25509591  0.18850917  0.06098212
  0.04214084  0.03114097  0.01923822  0.02527659  0.03137281  0.09142057] {'loss': [0.029534017667174339, 0.045395541936159134]}  
-5.436095714569092 1.1972475051879883 -2.041349411010742 [ 0.07057243  0.0877584   0.08653082  0.22736149  0.28272906  0.19726609
  0.05643544  0.05176883  0.03612021  0.01960832  0.02438338  0.02685896] {'loss': [0.031259674578905106, 0.046846911311149597]}  
-6.004849433898926 0.5111007690429688 -2.399684190750122 [ 0.03303271  0.0658142   0.06895672  0.17889271  0.35642478  0.37344354
  0.21293005  0.05577953  0.05844288  0.03332295  0.02043737  0.0214132 ] {'loss': [0.029204713180661201, 0.040438402444124222]}  
-6.659425735473633 -0.10736672580242157 -2.291351079940796 [ 0.0343423   0.05915854  0.06081904  0.34549148  0.59514844  0.56013311
  0.27546077  0.0688524   0.06480149  0.03186787  0.01955968  0.01840888] {'loss': [0.029985778033733368, 0.020207228139042854]}  
-7.0852766036987305 -0.8957716226577759 -1.9080183506011963 [ 0.04569706  0.04955264  0.38494721  0.80686185  0.87493951  0.52110199
  0.09918764  0.0864806   0.05150668  0.01709028  0.01853223  0.02180169] {'loss': [0.014785363338887691, 0.012755877338349819]}  
-7.421640872955322 -1.730190396308899 -1.958018183708191 [ 0.0367205   0.04203585  0.48192101  1.          1.          0.80016251
  0.18281835  0.11480485  0.07300025  0.01667882  0.01799228  0.01609837] {'loss': [0.022958694025874138, 0.028134731575846672]}  
-7.695809364318848 -2.584970712661743 -1.6996833086013794 [ 0.03549568  0.2579293   1.          1.          1.          0.68422147
  0.15723321  0.13747763  0.06036007  0.01731972  0.01514357  0.02254613] {'loss': [0.022827906534075737, 0.016748853027820587]}  
-7.708462238311768 -3.484436273574829 -1.5663517713546753 [ 0.03069828  0.47198283  1.          1.          1.          0.45766941
  0.23825813  0.17777766  0.05865092  0.01760931  0.01313928  0.02314203] {'loss': [0.016476685181260109, 0.013012472540140152]}  
-7.704471111297607 -4.384422779083252 -1.5663517713546753 [ 0.02637528  0.46942474  1.          1.          1.          0.4551891
  0.39126458  0.29194429  0.09631589  0.01761864  0.01314624  0.01988311] {'loss': [0.02800811268389225, 0.022572500631213188]}  
-7.582137584686279 -5.2691473960876465 -1.2246832847595215 [ 0.17550739  0.92001699  1.          1.          0.6781001   0.724237
  0.66748362  0.31816216  0.02559409  0.01591836  0.013211    0.0221649 ] {'loss': [0.064851701259613037, 0.045106071978807449]}  
-7.096593379974365 -6.013859272003174 -0.7746825218200684 [ 0.47581996  0.88480446  0.88254821  0.83332394  1.          1.          0.8254188
  0.10914691  0.01776908  0.01031264  0.01917674  0.06457841] {'loss': [0.056003134697675705, 0.052903309464454651]}  
-6.3336920738220215 -6.4705305099487305 -0.3246818780899048 [ 0.45239926  0.48835014  1.          1.          1.          1.
  0.36837002  0.02046306  0.01211877  0.01714546  0.01850795  0.21731254] {'loss': [0.028202341869473457, 0.030658414587378502]}  
-5.445239543914795 -6.549614429473877 0.1003190204501152 [ 0.28972632  1.          1.          1.          1.          0.70679732
  0.02401424  0.01597814  0.01573906  0.01874357  0.09988914  0.2432846 ] {'loss': [0.019147885963320732, 0.025070786476135254]}  
-4.549759387969971 -6.459466457366943 0.10031937807798386 [ 0.18775491  1.          1.          1.          1.          0.59244197
  0.02774951  0.01846344  0.01593613  0.01897825  0.06473244  0.15765873] {'loss': [0.052702233195304871, 0.033198785036802292]}  
-3.6542792320251465 -6.36931848526001 0.10031937807798386 [ 0.13148109  1.          1.          1.          1.          0.50375109
  0.03242922  0.02157713  0.01613691  0.01921736  0.04533085  0.11040533] {'loss': [0.022553659975528717, 0.038819409906864166]}  
-2.7587990760803223 -6.279170513153076 0.10031937807798386 [ 0.09717964  0.87712783  1.          1.          1.          0.43358117
  0.03840081  0.02555039  0.01634152  0.01946103  0.03350473  0.08160219] {'loss': [0.022891176864504814, 0.015421532094478607]}  
-1.8632445335388184 -6.190406799316406 0.07531939446926117 [ 0.07496946  0.72792213  1.          1.          1.          0.40550571
  0.04632993  0.03146462  0.01629758  0.01976967  0.02458159  0.0618028 ] {'loss': [0.024748891592025757, 0.023887479677796364]}  
-0.9637531042098999 -6.210955619812012 -0.03301342576742172 [ 0.05973911  0.50768142  1.          1.          1.          0.63836287
  0.05717229  0.04452996  0.01597499  0.01984457  0.0154564   0.04311205] {'loss': [0.026338474825024605, 0.021536892279982567]}  
-0.06424322724342346 -6.240670204162598 -0.03301302343606949 [ 0.04848673  0.53128885  1.          1.          1.          0.66804576
  0.07179014  0.05591536  0.02005946  0.01976172  0.01539187  0.03499153] {'loss': [0.019618822261691093, 0.015712866559624672]}  
0.8352665901184082 -6.270384788513184 -0.03301234915852547 [ 0.04013816  0.55658185  1.          1.          1.          0.69984607
  0.09282478  0.07229863  0.02593684  0.01967939  0.01532773  0.02896663] {'loss': [0.025252657011151314, 0.014555354602634907]}  
1.734776496887207 -6.3000993728637695 -0.0330115482211113 [ 0.03377386  0.5837255   1.          1.          1.          0.73397277
  0.12466519  0.09709817  0.03483352  0.01959757  0.01526398  0.0243737 ] {'loss': [0.026886751875281334, 0.023863479495048523]}  
2.634286403656006 -6.3298139572143555 -0.03301073983311653 [ 0.02881143  0.61290476  1.          1.          1.          0.77065821
  0.17621187  0.13724631  0.04923638  0.01951625  0.01520064  0.02079246] {'loss': [0.017944274470210075, 0.017925046384334564]}  
3.5336904525756836 -6.342866897583008 0.08365670591592789 [ 0.02475367  0.90572291  1.          1.          1.          0.53532651
  0.26661738  0.18291752  0.05036811  0.01937572  0.01329306  0.0202183 ] {'loss': [0.018992727622389793, 0.011254165321588516]}  
4.38280725479126 -6.061159133911133 0.5336571335792542 [ 0.48166152  1.          1.          1.          0.47593789  0.44185246
  0.3307294   0.10980373  0.02021428  0.01513051  0.01642201  0.02185245] {'loss': [0.029576050117611885, 0.027328969910740852]}  
5.027933597564697 -5.43916654586792 0.983656108379364 [ 0.65173604  0.94599273  0.76970577  0.49497283  0.71845174  0.58456685
  0.22720301  0.02196087  0.01786843  0.0136256   0.01977753  0.18119113] {'loss': [0.021967068314552307, 0.034743204712867737]}  
5.340621471405029 -4.600734233856201 1.4336514472961426 [ 0.47162133  0.41608798  0.59905597  0.953177    0.84093998  0.37458199
  0.02454629  0.02165597  0.01168736  0.01859614  0.06565728  0.29640627] {'loss': [0.020622996613383293, 0.021133394911885262]}  
5.354954242706299 -3.601714611053467 1.5086523294448853 [ 0.26465599  0.21300982  0.68754215  0.9863165   0.79384196  0.30259292
  0.02944923  0.02370237  0.01315943  0.01887792  0.0526709   0.18448669] {'loss': [0.0097366319969296455, 0.019653873518109322]}  
5.446765422821045 -2.6067864894866943 1.4253199100494385 [ 0.16473807  0.14774854  0.66700032  1.          0.93631572  0.41706448
  0.03461213  0.03053652  0.01360193  0.0183274   0.02293433  0.10353532] {'loss': [0.017759909853339195, 0.012760610319674015]}  
5.695942401885986 -1.64145827293396 1.258651614189148 [ 0.10612226  0.11201132  0.63957936  1.          1.          0.78252893
  0.13411937  0.04089733  0.02354117  0.01640356  0.01731385  0.05269734] {'loss': [0.01888950914144516, 0.023709321394562721]}  
6.003044605255127 -0.689781904220581 1.258651614189148 [ 0.07847571  0.09387733  0.95845178  1.          1.          1.
  0.20098667  0.05031386  0.02896149  0.01574605  0.01661986  0.03896884] {'loss': [0.030928170308470726, 0.027210280299186707]}  
6.177876949310303 0.29325658082962036 1.4419833421707153 [ 0.06507027  0.41838151  1.          1.          1.          1.
  0.06572379  0.05694116  0.02463064  0.0166984   0.01446701  0.0417763 ] {'loss': [0.016795618459582329, 0.017107671126723289]}  
6.306336879730225 1.2849725484848022 1.4419833421707153 [ 0.05118177  0.52584913  1.          1.          1.          1.
  0.08647136  0.07491623  0.03240599  0.01642237  0.01422786  0.03285964] {'loss': [0.014938301406800747, 0.022653298452496529]}  
6.380064487457275 2.28208327293396 1.508650541305542 [ 0.04179551  0.81760538  1.          1.          1.          1.
  0.12059228  0.09705956  0.03699689  0.01647147  0.01325718  0.02913477] {'loss': [0.01781190000474453, 0.02395063079893589]}  
6.230445384979248 3.2593271732330322 1.9669865369796753 [ 0.45640925  1.          1.          1.          1.          0.17278754
  0.15083428  0.0660522   0.01651754  0.01441893  0.02164405  0.03401118] {'loss': [0.0287312101572752, 0.026319414377212524]}  
5.631259441375732 4.041913032531738 2.4669888019561768 [ 0.8273835   1.          1.          0.54758795  0.24744278  0.22161651
  0.10109013  0.01772365  0.01587377  0.01806657  0.02926778  0.1745116 ] {'loss': [0.060079827904701233, 0.058648694306612015]}  
4.727827072143555 4.438291549682617 2.966989517211914 [ 0.57116733  0.52477427  0.24896513  0.30676148  0.28184492  0.13371388
  0.01991441  0.01829687  0.01617439  0.02703219  0.0659421   0.34175125] {'loss': [0.054603353142738342, 0.063111163675785065]}  
3.7413392066955566 4.351419448852539 -2.816194772720337 [ 0.28021627  0.17011585  0.29354424  0.2766437   0.1363148   0.02285455
  0.02153871  0.01568334  0.02706245  0.03017173  0.17231294  0.29733519] {'loss': [0.065106846392154694, 0.043296780437231064]}  
2.981250762939453 3.877304792404175 -2.4078617095947266 [ 0.11623183  0.21855887  0.23101545  0.13321865  0.02439351  0.02578381
  0.01486863  0.02764529  0.0292209   0.09449542  0.19069043  0.20155854] {'loss': [0.079177983105182648, 0.06271950900554657]}  
2.312839984893799 3.2746188640594482 -2.4078617095947266 [ 0.08736801  0.16581066  0.17526095  0.10106696  0.02730818  0.02886459
  0.01664522  0.03080485  0.03256055  0.07102938  0.14333626  0.15150556] {'loss': [0.072148799896240234, 0.064924754202365875]}  
1.6444292068481445 2.6719329357147217 -2.4078617095947266 [ 0.06805879  0.13008604  0.1375002   0.07929163  0.03077822  0.03253242
  0.01876032  0.03453871  0.03650722  0.05533116  0.11165748  0.11802131] {'loss': [0.080281071364879608, 0.063014201819896698]}  
0.9760183095932007 2.069247007369995 -2.4078617095947266 [ 0.05450923  0.10477604  0.11074769  0.06386438  0.03495428  0.03694648
  0.02130576  0.038995    0.04121749  0.0443155   0.08942804  0.09452491] {'loss': [0.06640210747718811, 0.051976028829813004]}  
0.3076047897338867 1.466566801071167 -2.4078617095947266 [ 0.04463715  0.08619356  0.09110611  0.05253777  0.04004175  0.0423239
  0.02440674  0.04437279  0.04690178  0.03628958  0.07323185  0.07740562] {'loss': [0.064639315009117126, 0.065061941742897034]}  
-0.3608081638813019 0.8638873100280762 -2.4078617095947266 [ 0.03722285  0.0721495   0.07626164  0.04397744  0.04632647  0.04896684
  0.02823749  0.05094489  0.05384846  0.03105254  0.06106795  0.06454844] {'loss': [0.087140701711177826, 0.06068037822842598]}  
-1.0590757131576538 0.3027063310146332 -2.624528408050537 [ 0.04249943  0.05132915  0.06829692  0.05111633  0.04531235  0.06029116
  0.04512449  0.04867042  0.06475928  0.0484686   0.04267643  0.05678384] {'loss': [0.053587596863508224, 0.074000813066959381]}  
-2.013801097869873 0.04090258479118347 -3.0245285034179688 [ 0.04519327  0.02944842  0.05361318  0.06268318  0.04084506  0.06519157
  0.07622036  0.04966605  0.05875524  0.06869512  0.04476251  0.03865399] {'loss': [0.079512119293212891, 0.080619826912879944]}  
-3.006962299346924 -0.07589427381753922 -3.0245285034179688 [ 0.03692602  0.02406139  0.05206878  0.06087754  0.03966848  0.08774412
  0.10258827  0.06684766  0.060609    0.07086252  0.0461748   0.03158298] {'loss': [0.081212528049945831, 0.040442559868097305]}  
-4.000123500823975 -0.19269107282161713 -3.0245285034179688 [ 0.03073597  0.02142483  0.0505902   0.0591488   0.0526821   0.12439771
  0.14544274  0.09477211  0.06255192  0.07313412  0.047655    0.02628861] {'loss': [0.075236678123474121, 0.07788567990064621]}  
-4.890894889831543 -0.3187550902366638 -2.8911948204040527 [ 0.02524169  0.02797555  0.05375333  0.05490258  0.10309054  0.19808231
  0.20231734  0.11156053  0.07070459  0.07221623  0.03982102  0.02471334] {'loss': [0.063653416931629181, 0.063129805028438568]}  
-5.682652473449707 -0.7370986938476562 -2.441195011138916 [ 0.02159294  0.04661562  0.0515361   0.13158569  0.28407194  0.3140571
  0.1915559   0.07544809  0.08341195  0.05087627  0.02074341  0.02293297] {'loss': [0.023156417533755302, 0.03710787370800972]}  
-6.288276195526123 -1.5296921730041504 -2.1328625679016113 [ 0.03194969  0.04455773  0.103082    0.33939622  0.47332926  0.3709483
  0.13463418  0.10932312  0.08567658  0.03109594  0.02148884  0.0168408 ] {'loss': [0.032815758138895035, 0.018475983291864395]}  
-6.706754207611084 -2.3244946002960205 -1.874528169631958 [ 0.03443559  0.03634345  0.2928458   0.58966179  0.62233133  0.35818454
  0.13119513  0.13846377  0.07969325  0.01832835  0.0193438   0.01710188] {'loss': [0.015015557408332825, 0.014366045594215393]}  
-6.773234844207764 -3.2149658203125 -1.4245264530181885 [ 0.03158947  0.26264608  0.59745611  0.68277784  0.43328896  0.18012562
  0.20584887  0.13063118  0.02969014  0.01962565  0.01245438  0.02764198] {'loss': [0.0073210182599723339, 0.0073734433390200138]}  
-6.477205276489258 -4.060099124908447 -1.157857060432434 [ 0.0893679   0.36006362  0.54815919  0.465559    0.20976938  0.31935162
  0.27122949  0.11352515  0.02058818  0.01748581  0.01803959  0.02746339] {'loss': [0.0080442288890480995, 0.010753204114735126]}  
