1.0 0.0 2.127197149093263e-05 [ 0.19653257  0.02715115  0.06518164  0.08690672  0.06517843  0.05349735
  1.          1.          0.45125339  0.03179839  0.02384821  0.14740304] {'loss': [0.1082562729716301, 0.082950986921787262]}  
1.0 0.0 2.2170734155224636e-05 [ 0.19653257  0.02715112  0.06518171  0.08690672  0.06517837  0.05349741
  1.          1.          0.45125192  0.03179839  0.02384818  0.14740316] {'loss': [0.10677317529916763, 0.084393762052059174]}  
0.21273720264434814 0.11279421299695969 -0.3333101272583008 [ 0.25467285  0.27254125  0.03686049  0.07575172  0.08106659  0.04749028
  0.71318105  0.76321898  0.44710761  0.02908342  0.03112397  0.12392285] {'loss': [0.051750499755144119, 0.050514858216047287]}  
0.6930927038192749 -0.2548294961452484 -0.7833099961280823 [ 0.11680772  0.21468704  0.03580209  0.04737568  0.08707424  0.08610698
  0.04544122  1.          1.          0.59172152  0.02869653  0.02837776] {'loss': [0.11321961879730225, 0.098329462110996246]}  
1.1658684015274048 -1.0156521797180176 -1.2333073616027832 [ 0.02384832  0.10722233  0.17797155  0.03111998  0.06902039  0.11456255
  0.10467261  0.04924053  0.07204323  1.          0.93606175  0.02610161] {'loss': [0.060584191232919693, 0.084632448852062225]}  
1.433322787284851 -1.8742696046829224 -1.1833064556121826 [ 0.02028935  0.1013319   0.07608018  0.02888346  0.10035187  0.15946045
  0.14052567  0.06248233  0.07841652  0.50307194  1.          0.02302318] {'loss': [0.066506244242191315, 0.047620091587305069]}  
1.7738679647445679 -2.4091877937316895 -0.7333059906959534 [ 0.07785478  0.07088922  0.02856536  0.11361841  0.19919302  0.19006037
  0.09535306  0.08456521  0.13709719  0.82368404  0.36641441  0.01959733] {'loss': [0.034037351608276367, 0.03692234680056572]}  
1.7738679647445679 -2.4091877937316895 -0.28330597281455994 [ 0.12524013  0.02974783  0.09825374  0.19169591  0.19792799  0.11071771
  0.08138238  0.08402811  0.71229684  0.64734404  0.02040856  0.06732644] {'loss': [0.048780765384435654, 0.056779820472002029]}  
2.60060715675354 -2.4372801780700684 0.16669480502605438 [ 0.02673324  0.08442248  0.18538363  0.20720687  0.12806891  0.09954483
  0.11126314  0.57580983  1.          0.02089963  0.04300254  0.09442946] {'loss': [0.06296820193529129, 0.054175123572349548]}  
3.430096387863159 -2.098266124725342 0.49169498682022095 [ 0.04229882  0.13420147  0.1839075   0.1417109   0.11269767  0.15443912
  0.51392009  1.          1.          1.          0.06105831  0.02397831] {'loss': [0.095144949853420258, 0.083688952028751373]}  
4.2869343757629395 -1.83916175365448 0.2166953980922699 [ 0.02013273  0.07474267  0.14929093  0.15669076  0.10150487  0.20274561
  0.21279506  1.          1.          1.          1.          0.06027308] {'loss': [0.12320965528488159, 0.1063358262181282]}  
5.182707786560059 -1.7742109298706055 0.03336302936077118 [ 0.0185892   0.04455876  0.12411341  0.15928669  0.11490535  0.27921109
  0.35833841  1.          1.          1.          1.          0.90181566] {'loss': [0.1197015643119812, 0.14821597933769226]}  
6.082104682922363 -1.7608462572097778 -0.08330290019512177 [ 0.02373092  0.02977018  0.10800685  0.15736117  0.12847877  0.45866383
  0.6682526   0.79579174  1.          1.          1.          1.        ] {'loss': [0.14331783354282379, 0.12490099668502808]}  
6.957513332366943 -1.9677256345748901 -0.2999691963195801 [ 0.24210565  0.01402271  0.08057369  0.15720085  0.16231081  0.76989342
  1.          1.          1.          1.          1.          1.        ] {'loss': [0.15157543122768402, 0.14874957501888275]}  
7.727897644042969 -2.4246153831481934 -0.749968409538269 [ 0.7074087   0.03031537  0.01875138  0.11265671  0.19750577  0.5871807   1.
  1.          1.          1.          1.          1.        ] {'loss': [0.16182889044284821, 0.11702506989240646]}  
8.112544059753418 -2.898482084274292 -1.0333009958267212 [ 0.64054493  0.21077188  0.01285301  0.06902574  0.20445045  0.27085798
  1.          1.          1.          1.          1.          0.85957312] {'loss': [0.10547197610139847, 0.11640871316194534]}  
7.7349772453308105 -2.137287139892578 -1.3249661922454834 [ 1.          1.          0.15482107  0.01259798  0.0912019   0.17210779
  0.44526866  1.          1.          1.          1.          1.        ] {'loss': [0.13585864007472992, 0.12013176083564758]}  
7.725247859954834 -2.931856632232666 -1.7749625444412231 [ 0.87383266  0.81409408  0.39437185  0.03044462  0.02723598  0.14868534
  0.25284897  0.72395816  1.          1.          1.          1.        ] {'loss': [0.11851666122674942, 0.10844910144805908]}  
7.528247356414795 -3.809994697570801 -1.7916289567947388 [ 0.42970197  0.41123194  0.20720893  0.0216559   0.03891071  0.23675512
  0.4166886   0.39877801  1.          1.          1.          1.        ] {'loss': [0.088789530098438263, 0.091531895101070404]}  
7.213237762451172 -4.644282341003418 -2.1416263580322266 [ 0.7194792   0.27399653  0.21483578  0.02480336  0.01424819  0.18238654
  0.60116099  0.83881982  0.65770329  1.          1.          1.        ] {'loss': [0.08420293778181076, 0.079070642590522766]}  
6.780395984649658 -5.093313694000244 -2.591627359390259 [ 1.          0.31266361  0.21780082  0.15686837  0.02927264  0.0149999
  0.38071981  1.          1.          0.97594646  1.          1.        ] {'loss': [0.096579946577548981, 0.098619408905506134]}  
5.936507225036621 -5.386228084564209 -2.9166276454925537 [ 0.59873476  0.33823252  0.17336518  0.1803498   0.02061451  0.01642903
  0.10023231  0.93300384  1.          1.          1.          0.57554685] {'loss': [0.077499032020568848, 0.075280360877513885]}  
5.05918025970459 -5.586994647979736 -2.9166276454925537 [ 0.32940026  0.18608223  0.15914159  0.16555316  0.02503335  0.01713363
  0.13630369  1.          1.          1.          1.          0.31664324] {'loss': [0.068798728287220001, 0.062945984303951263]}  
4.181853294372559 -5.787761211395264 -2.9166276454925537 [ 0.20805357  0.11753185  0.14659924  0.15250546  0.03104168  0.01939394
  0.19602859  1.          1.          1.          1.          0.34100117] {'loss': [0.063182942569255829, 0.063478522002696991]}  
3.2984395027160645 -5.947420597076416 -3.1082937717437744 [ 0.15015512  0.10726454  0.11788595  0.14988502  0.02450446  0.03225914
  0.02420823  1.          1.          1.          1.          1.        ] {'loss': [0.095654688775539398, 0.08490251749753952]}  
2.3984484672546387 -5.947811126708984 3.14155912399292 [ 0.10903677  0.08178075  0.11251475  0.01357833  0.02830803  0.03751073
  0.02804264  1.          1.          1.          1.          1.        ] {'loss': [0.10231664031744003, 0.083023369312286377]}  
1.4984493255615234 -5.947785377502441 3.1415600776672363 [ 0.08264957  0.06198952  0.11251601  0.01357837  0.03931326  0.03751097
  0.03279974  1.          1.          1.          1.          1.        ] {'loss': [0.091466248035430908, 0.090005598962306976]}  
0.5984501838684082 -5.947759628295898 3.1415610313415527 [ 0.06479898  0.04860103  0.11251726  0.01357841  0.058248    0.03751126
  0.03887855  1.          1.          1.          1.          1.        ] {'loss': [0.080617256462574005, 0.084310062229633331]}  
-0.3015499711036682 -5.9477338790893555 3.141561985015869 [ 0.05216378  0.03912422  0.1125185   0.01357845  0.095062    0.0375115
  0.04681828  1.          1.          1.          1.          1.        ] {'loss': [0.089229635894298553, 0.089489124715328217]}  
-1.2015495300292969 -5.9477081298828125 3.1415627002716064 [ 0.04289369  0.03750401  0.07478972  0.01357849  0.11252748  0.04309642
  0.05746387  1.          1.          1.          1.          1.        ] {'loss': [0.087933368980884552, 0.082774177193641663]}  
-2.1015431880950928 -5.947693347930908 3.141563653945923 [ 0.03589184  0.0375043   0.04816424  0.01357851  0.11252801  0.05414854
  0.07220048  1.          1.          1.          1.          1.        ] {'loss': [0.083993762731552124, 0.086974740028381348]}  
-3.001542329788208 -5.947667598724365 3.1415646076202393 [ 0.0304743   0.03750479  0.03358669  0.01357855  0.112529    0.07006904
  0.09342839  1.          1.          1.          1.          1.        ] {'loss': [0.066685251891613007, 0.086821705102920532]}  
-3.9015414714813232 -5.947641849517822 3.1415655612945557 [ 0.02619681  0.03750533  0.02474941  0.15003531  0.11253001  0.09420107
  0.1256053   1.          1.          1.          1.          1.        ] {'loss': [0.071013547480106354, 0.071022093296051025]}  
-4.8015522956848145 -5.947616100311279 3.141566276550293 [ 0.02276053  0.03750577  0.01018367  0.15003683  0.11253102  0.1333417
  0.17779431  1.          1.          1.          1.          1.        ] {'loss': [0.074813790619373322, 0.070977747440338135]}  
-5.701564311981201 -5.947590351104736 3.1415672302246094 [ 0.01995854  0.03750629  0.01018371  0.15003833  0.112532    0.20310761
  0.27081807  1.          1.          1.          1.          1.        ] {'loss': [0.075302846729755402, 0.070290431380271912]}  
-6.600144386291504 -5.91847038269043 2.9832348823547363 [ 0.12140344  0.02014828  0.00831505  0.14790077  0.13113191  0.28187421
  0.45114011  0.72380957  1.          1.          1.          1.        ] {'loss': [0.067668944597244263, 0.063965298235416412]}  
-7.426390171051025 -5.574367046356201 2.533235549926758 [ 0.91389008  0.01670871  0.03221181  0.11734185  0.17126425  0.16760756
  0.61056449  0.89113812  0.72875659  1.          1.          1.        ] {'loss': [0.065205007791519165, 0.070888049900531769]}  
-8.023695945739746 -4.906348705291748 2.083235740661621 [ 0.89447922  0.30010505  0.01469971  0.02732128  0.17231926  0.23051041
  0.43765721  1.          1.          1.          0.8886612   1.        ] {'loss': [0.064041636884212494, 0.058814328163862228]}  
-8.291800498962402 -4.050551414489746 1.7665683031082153 [ 0.53397823  0.31402677  0.05753745  0.01377063  0.15800184  0.32619225
  0.35015131  1.          1.          1.          1.          0.49744084] {'loss': [0.049861595034599304, 0.054977912455797195]}  
-8.384842872619629 -3.159271717071533 1.4832359552383423 [ 0.3109797   0.25510668  0.10059698  0.01395666  0.02756552  0.461618
  0.67604748  0.58533099  1.          1.          1.          1.        ] {'loss': [0.063344471156597137, 0.067693881690502167]}  
-8.106888771057129 -2.3135786056518555 1.0332322120666504 [ 0.5295466   0.20402365  0.15401449  0.05200593  0.01449373  0.39666782
  1.          1.          1.          1.          1.          1.        ] {'loss': [0.063609816133975983, 0.069038785994052887]}  
-7.487736701965332 -1.676049828529358 0.5832308530807495 [ 0.69182644  0.19441743  0.15424366  0.10676864  0.03000416  0.02182949
  1.          1.          1.          1.          0.91643271  0.99944931] {'loss': [0.053753558546304703, 0.057728778570890427]}  
-6.657716751098633 -1.3432981967926025 0.2582307457923889 [ 0.46759139  0.24883413  0.12697937  0.12633257  0.06722936  0.01624009
  0.84893483  1.          1.          1.          1.          0.79064343] {'loss': [0.046907927840948105, 0.048806250095367432]}  
-5.764140605926514 -1.3103327751159668 -0.08343514800071716 [ 0.2879628   0.23733119  0.09435679  0.13236472  0.10909147  0.04337203
  0.01946325  1.          1.          1.          1.          1.        ] {'loss': [0.053407777100801468, 0.057337809354066849]}  
-4.867269992828369 -1.3853402137756348 -0.08343514800071716 [ 0.1868344   0.15398395  0.09243231  0.13606528  0.11214139  0.04458457
  0.02215808  1.          1.          1.          1.          1.        ] {'loss': [0.064754024147987366, 0.065033681690692902]}  
-3.96954345703125 -1.4102623462677002 0.07489857077598572 [ 0.13107927  0.08997571  0.11259747  0.13792067  0.09467177  0.02609976
  0.0564787   0.06479478  1.          1.          1.          1.        ] {'loss': [0.052948173135519028, 0.059275198727846146]}  
-3.0860726833343506 -1.2569385766983032 0.35823237895965576 [ 0.08634003  0.07742877  0.12782565  0.11627749  0.05433246  0.02880918
  0.11232426  0.01506732  0.02487435  1.          1.          0.49721734] {'loss': [0.07014986127614975, 0.069937683641910553]}  
-2.2485294342041016 -0.9273802042007446 0.37489861249923706 [ 0.06622679  0.07182799  0.11476417  0.10160602  0.04551168  0.03373965
  0.15234835  0.06824035  0.02645167  0.35344163  1.          1.        ] {'loss': [0.061899382621049881, 0.050901040434837341]}  
-1.418747901916504 -0.5784581899642944 0.5082318782806396 [ 0.04738481  0.07633475  0.10462381  0.08063036  0.02954195  0.25798288
  0.19881947  0.02088247  0.02862136  0.21584442  0.68502705  0.93889255] {'loss': [0.055168066173791885, 0.061902653425931931]}  
-0.6542977094650269 -0.10292653739452362 0.558231770992279 [ 0.0369183   0.07039234  0.09021129  0.06497874  0.03706425  0.39728639
  0.28616338  0.02422054  0.03103984  0.14024299  0.38957002  0.49925344] {'loss': [0.049538359045982361, 0.048119481652975082]}  
0.09391818195581436 0.39759236574172974 0.7165646553039551 [ 0.03311689  0.06961145  0.07562695  0.04514788  0.60754988  0.66005146
  0.39403833  0.03021601  0.03282713  0.13205394  0.27757646  0.3015633 ] {'loss': [0.050968676805496216, 0.051466118544340134]}  
0.6161223649978638 1.1256109476089478 1.1665645837783813 [ 0.05428298  0.06388769  0.04194564  0.94405137  1.          0.72948887
  0.03267388  0.03845513  0.02524782  0.19831222  0.2334012   0.0253567 ] {'loss': [0.075535528361797333, 0.077311716973781586]}  
0.7734246850013733 1.8390668630599976 1.616560935974121 [ 0.05371559  0.03856344  1.          1.          0.97480373  0.29684652
  0.04543128  0.03261599  0.17030336  0.21756158  0.02711014  0.04204761] {'loss': [0.10159154981374741, 0.096326090395450592]}  
0.7734246850013733 1.8390668630599976 2.066558837890625 [ 0.0419915   0.97634767  1.          1.          0.38337491  0.0454355
  0.03551536  0.15643903  0.21758183  0.17007617  0.03862452  0.05372058] {'loss': [0.080640524625778198, 0.086258143186569214]}  
0.7734246850013733 1.8390668630599976 2.51655912399292 [ 0.88341091  1.          1.          0.47631145  0.04494902  0.03813845
  0.14154792  0.21525218  0.18263766  0.03494793  0.05314538  0.04509291] {'loss': [0.097853749990463257, 0.10186327248811722]}  
0.7734246850013733 1.8390668630599976 2.966560125350952 [ 1.          1.          0.57365041  0.04398238  0.04042867  0.02186136
  0.21062311  0.19360507  0.03109718  0.05200249  0.04780076  0.78607201] {'loss': [0.094856761395931244, 0.10114296525716782]}  
0.47992804646492004 1.7736486196517944 -2.866624355316162 [ 0.95279708  0.50698911  0.04208978  0.04187221  0.02228045  0.23113336
  0.22993851  0.02748505  0.05092707  0.05066381  0.51689098  0.9577478 ] {'loss': [0.063767395913600922, 0.063351951539516449]}  
-0.3198302686214447 1.3647887706756592 -2.5916244983673096 [ 0.37618526  0.03201094  0.04141045  0.03011916  0.29801213  0.38551884
  0.28040026  0.04623279  0.05980834  0.04350053  0.39981347  0.51721253] {'loss': [0.035478327423334122, 0.030697045847773552]}  
-1.1459757089614868 1.0308610200881958 -2.9666249752044678 [ 0.29809566  0.17827496  0.03432399  0.0373437   0.29336372  0.61798954
  0.67235846  0.03279018  0.05806659  0.0631751   0.03778162  0.27399079] {'loss': [0.049812521785497665, 0.055003378540277481]}  
-1.9403237104415894 1.0568252801895142 2.8665614128112793 [ 0.18975913  0.19075807  0.01918937  0.0360664   0.03625625  0.80232757
  1.          1.          0.81820355  0.06054001  0.0608587   0.03284809] {'loss': [0.068127579987049103, 0.05909903347492218]}  
-2.3462791442871094 1.2487839460372925 2.41656231880188 [ 0.02674817  0.16481483  0.15309586  0.02289049  0.03878295  0.31029935
  1.          1.          1.          1.          0.05970394  0.0554588 ] {'loss': [0.066093474626541138, 0.061912547796964645]}  
-2.4396491050720215 1.4596145153045654 1.9665614366531372 [ 0.05031914  0.02149978  0.16321159  0.13996863  0.02665941  0.04103856
  0.52554622  1.          1.          1.          1.          0.05867507] {'loss': [0.060604110360145569, 0.046000212430953979]}  
-2.5876381397247314 2.3408892154693604 1.5165598392486572 [ 0.04846503  0.03830235  0.02311771  0.15480238  0.12234169  0.03561768
  0.05011309  0.99428193  1.          1.          1.          1.        ] {'loss': [0.068174473941326141, 0.077022366225719452]}  
-2.4643783569335938 3.2320685386657715 1.4248932600021362 [ 0.03941522  0.03479018  0.10005927  0.15929495  0.14060301  0.03811254
  0.0606754   0.05355565  1.          1.          1.          1.        ] {'loss': [0.050370499491691589, 0.065465308725833893]}  
-2.3523173332214355 4.124567031860352 1.5582270622253418 [ 0.03390806  0.02604865  0.12486228  0.17057578  0.02613225  0.05739142
  0.07840312  0.06023036  1.          1.          1.          0.79962008] {'loss': [0.049224290996789932, 0.052755538374185562]}  
-2.5890870094299316 5.083436965942383 2.05822491645813 [ 0.02253287  0.11090742  0.15578433  0.02574123  0.07450001  0.10464525
  0.08257165  0.05904604  1.          1.          1.          0.0285565 ] {'loss': [0.056078638881444931, 0.055505950003862381]}  
-3.2575511932373047 5.807588577270508 2.558225631713867 [ 0.08426773  0.05816363  0.02619858  0.09326133  0.13475242  0.10918073
  0.06983414  0.10090269  1.          1.          0.23356983  0.02043505] {'loss': [0.057415928691625595, 0.051750436425209045]}  
-4.146162033081055 6.250007152557373 2.8832263946533203 [ 0.08538306  0.02355915  0.07990184  0.15017575  0.15096656  0.08148343
  0.12776737  0.24747385  1.          1.          1.          0.04542851] {'loss': [0.055156182497739792, 0.055964455008506775]}  
-5.138171195983887 6.2623372077941895 -3.0166242122650146 [ 0.02131011  0.05963309  0.13881214  0.1608972   0.10380322  0.17497967
  0.20281899  1.          1.          1.          1.          0.05891608] {'loss': [0.05753643810749054, 0.060315344482660294]}  
-6.127078056335449 6.3280253410339355 2.841562509536743 [ 0.04979823  0.0178136   0.07824154  0.15266492  0.15763784  0.16113019
  0.31439753  0.32463846  1.          1.          1.          1.        ] {'loss': [0.038882549852132797, 0.042364072054624557]}  
-6.809228420257568 6.765279293060303 2.3415629863739014 [ 0.8838843   0.04323974  0.0160495   0.09811731  0.18479222  0.18604387
  0.2658462   0.50068927  0.50408092  0.86189514  1.          1.        ] {'loss': [0.041531126946210861, 0.04618772491812706]}  
-7.298027038574219 7.629798889160156 1.8415637016296387 [ 0.66037419  0.34494362  0.03938892  0.02298698  0.15667716  0.28512834
  0.27988912  0.41893057  0.76238868  0.74837991  0.390913    0.67273572] {'loss': [0.033119488507509232, 0.025707302615046501]}  
-7.365289688110352 8.024141311645508 1.3415639400482178 [ 0.48280405  0.46208465  0.23285632  0.0243473   0.03489528  0.21238671
  0.37383532  0.35779226  0.46971056  0.82676756  0.79128696  0.39874965] {'loss': [0.026419779285788536, 0.016518216580152512]}  
-7.043070316314697 8.520261764526367 0.841562807559967 [ 0.29122653  0.36031117  0.33621013  0.02473067  0.01589908  0.05503244
  0.30226344  0.51504338  0.48059237  0.37721398  0.64275517  0.59976168] {'loss': [0.012529555708169937, 0.011653917841613293]}  
-6.2294392585754395 9.085708618164062 0.49156197905540466 [ 0.29386073  0.19514118  0.27009063  0.21013346  0.03773069  0.01837311
  0.19213813  0.62246642  0.86154208  0.67028914  0.27289506  0.37770773] {'loss': [0.022456472739577293, 0.021875759586691856]}  
-5.304039478302002 9.441363334655762 0.14989504218101501 [ 0.22384412  0.13837593  0.19610984  0.21922739  0.02594198  0.02869906
  0.03127985  0.50037753  1.          1.          0.75948565  0.20023967] {'loss': [0.030507920309901237, 0.03117833100259304]}  
-4.3058762550354 9.4263916015625 -0.050104010850191116 [ 0.14914579  0.11843013  0.15896247  0.22477696  0.01205271  0.06052801
  0.02424756  0.2605079   0.88378097  1.          0.9923235   0.36904978] {'loss': [0.020425321534276009, 0.030275752767920494]}  
-3.3149523735046387 9.519474983215332 0.19989746809005737 [ 0.10113312  0.0950824   0.19500607  0.0144725   0.05146672  0.0256632
  0.05417893  0.60219674  1.          1.          0.7718779   0.13902015] {'loss': [0.026361793279647827, 0.040796574205160141]}  
-2.325326919555664 9.66051197052002 0.13323108851909637 [ 0.07679725  0.07571534  0.17366964  0.01454195  0.06348186  0.0294057
  0.03339741  0.61137094  1.          1.          1.          0.23743928] {'loss': [0.046621058136224747, 0.030629010871052742]}  
-1.433301329612732 9.78003978729248 0.13323108851909637 [ 0.06071107  0.07179603  0.13848905  0.01433275  0.09534776  0.0345184
  0.03965082  0.71690029  1.          1.          1.          0.27842388] {'loss': [0.02958553284406662, 0.032256737351417542]}  
-0.5412780046463013 9.899567604064941 0.13323108851909637 [ 0.04919661  0.06817336  0.06714243  0.01412804  0.1146737   0.04164781
  0.04784027  0.85231168  1.          1.          1.          0.33101376] {'loss': [0.017052112147212029, 0.029472807422280312]}  
0.3507457971572876 10.019095420837402 0.13323108851909637 [ 0.04067231  0.06481814  0.03950352  0.01392768  0.1090299   0.05123766
  0.05885598  1.          1.          1.          1.          0.4000427 ] {'loss': [0.037259530276060104, 0.035138692706823349]}  
1.2427691221237183 10.138623237609863 0.13323108851909637 [ 0.0341858   0.06170462  0.01195414  0.04315769  0.10379271  0.06456552
  0.07416552  1.          1.          1.          1.          0.49315164] {'loss': [0.030383145436644554, 0.023484192788600922]}  
2.141148805618286 10.161681175231934 -0.008434824645519257 [ 0.02962609  0.03968367  0.03259969  0.01392757  0.1238044   0.07296321
  0.09823877  0.87460787  1.          1.          1.          0.92724638] {'loss': [0.035466961562633514, 0.04169154167175293]}  
3.041142702102661 10.1541109085083 -0.008434019982814789 [ 0.02551963  0.03980554  0.01035344  0.16397796  0.12418412  0.09889322
  0.13315117  0.86217717  1.          1.          1.          0.91406121] {'loss': [0.042481169104576111, 0.029476635158061981]}  
3.9411160945892334 10.146540641784668 -0.008433215320110321 [ 0.0222114   0.0399279   0.01036272  0.16448179  0.12456565  0.14156895
  0.19061011  0.850006    1.          1.          1.          0.90115409] {'loss': [0.023732692003250122, 0.026179186999797821]}  
4.8410773277282715 10.138970375061035 -0.008432410657405853 [ 0.01950716  0.04005089  0.010372    0.16498797  0.12494882  0.2192589
  0.29521283  0.83809512  1.          1.          1.          0.88852159] {'loss': [0.026648551225662231, 0.039319224655628204]}  
5.7191481590271 9.965669631958008 -0.33343154191970825 [ 0.28151746  0.01669649  0.02700869  0.15721371  0.16978313  0.21853389
  0.45524827  0.49164615  1.          1.          1.          1.        ] {'loss': [0.021559705957770348, 0.038510609418153763]}  
6.537424564361572 9.596136093139648 -0.6084308624267578 [ 0.50394494  0.01549225  0.03238407  0.14014758  0.20456839  0.19099564
  0.69590617  1.          0.83076187  1.          1.          1.        ] {'loss': [0.038248453289270401, 0.017865994945168495]}  
7.134683609008789 8.92807388305664 -1.0584299564361572 [ 0.59771668  0.20057265  0.01446408  0.02663996  0.2119477   0.28354546
  0.52717111  1.          1.          1.          0.59372824  0.79429404] {'loss': [0.020576605573296547, 0.024524858221411705]}  
7.384056568145752 8.069149017333984 -1.5084279775619507 [ 0.41504528  0.28634915  0.07986716  0.01394635  0.14877696  0.38367681
  0.47216762  1.          1.          1.          1.          0.62526527] {'loss': [0.025008782744407654, 0.02168959379196167]}  
7.324337482452393 7.172578811645508 -1.750096082687378 [ 0.24349944  0.22084747  0.10272693  0.01369427  0.0299719   0.58677934
  0.96520618  0.87541648  1.          1.          1.          1.        ] {'loss': [0.032057244330644608, 0.026897398754954338]}  
7.080002784729004 6.536785125732422 -2.20009183883667 [ 0.68244801  0.18098444  0.15147883  0.06184994  0.0143936   0.39179033
  1.          1.          1.          1.          1.          1.        ] {'loss': [0.029188176617026329, 0.022759227082133293]}  
6.7998127937316895 6.349185466766357 -2.6500930786132812 [ 1.          0.39343251  0.17044947  0.13136998  0.04619342  0.01497206
  0.68632272  1.          1.          1.          1.          1.        ] {'loss': [0.045106392353773117, 0.027487972751259804]}  
5.938843250274658 6.114158630371094 -3.0084261894226074 [ 0.62039886  0.39610893  0.13177328  0.1513768   0.09665018  0.02231999
  0.04369352  1.          1.          1.          1.          0.70730294] {'loss': [0.027274100109934807, 0.020497484132647514]}  
5.046813488006592 5.994656562805176 -3.0084261894226074 [ 0.33818119  0.21591989  0.12580265  0.14451793  0.09227098  0.02130868
  0.05323795  1.          1.          1.          1.          0.93886265] {'loss': [0.02367650531232357, 0.026069728657603264]}  
4.154783725738525 5.875154495239258 -3.0084261894226074 [ 0.21244392  0.13563999  0.12022879  0.13811488  0.08818276  0.02036457
  0.06628884  1.          1.          1.          1.          1.        ] {'loss': [0.021006256341934204, 0.022682392969727516]}  
3.262753963470459 5.75565242767334 -3.0084261894226074 [ 0.14572477  0.09304153  0.11501734  0.13212813  0.08436037  0.02085426
  0.08480037  1.          1.          1.          1.          1.        ] {'loss': [0.042807966470718384, 0.035088896751403809]}  
2.4186851978302 5.455743312835693 -2.6667590141296387 [ 0.08671879  0.08587643  0.12123788  0.09612475  0.03565022  0.02789863
  0.08907758  0.01879654  0.02653641  1.          1.          0.13754029] {'loss': [0.050241589546203613, 0.036755550652742386]}  
1.6227034330368042 5.034817218780518 -2.5750925540924072 [ 0.0615555   0.08230909  0.10549092  0.07599041  0.0250187   0.1499172
  0.10799286  0.02221445  0.02847102  1.          1.          1.        ] {'loss': [0.050878915935754776, 0.03263627365231514]}  
0.7923691272735596 4.477319717407227 -2.5500926971435547 [ 0.04687057  0.07162343  0.08841846  0.0612087   0.03021659  0.21222125
  0.14691258  0.02530586  0.03123984  0.44672422  1.          1.        ] {'loss': [0.048112016171216965, 0.044799771159887314]}  
-0.0365481823682785 3.917315721511841 -2.5084261894226074 [ 0.03643466  0.06298505  0.07493296  0.04980101  0.03685977  0.32285979
  0.21457502  0.02889826  0.03438009  0.21931464  0.53323498  0.63438658] {'loss': [0.032568644732236862, 0.052580568939447403]}  
-0.7810381650924683 3.2488796710968018 -2.4000930786132812 [ 0.02899288  0.05780198  0.06058855  0.03456602  0.47928762  0.50239359
  0.28661772  0.03589491  0.03762536  0.17327439  0.34545044  0.36210414] {'loss': [0.067109085619449615, 0.050865624099969864]}  
-1.485770583152771 2.540102005004883 -2.1917598247528076 [ 0.03506199  0.05304912  0.04481026  0.6250386   0.94568936  0.79881764
  0.33129542  0.04510033  0.03809596  0.16714652  0.2528943   0.21361816] {'loss': [0.07402617484331131, 0.098158188164234161]}  
-1.871838927268982 1.621509313583374 -1.866760492324829 [ 0.04015788  0.04165627  0.68504528  1.          1.          0.78544465
  0.05121123  0.05312202  0.02989712  0.19334397  0.20055798  0.02044742] {'loss': [0.15725454688072205, 0.14484699070453644]}  
-2.2675552368164062 0.7110006213188171 -2.133425235748291 [ 0.02614491  0.03648655  0.54530376  1.          1.          1.
  0.05037213  0.07029685  0.05512676  0.02481857  0.17788608  0.1394982 ] {'loss': [0.12722460925579071, 0.15664412081241608]}  
-2.8042287826538086 -0.13038058578968048 -1.966758370399475 [ 0.02647858  0.03088224  1.          1.          1.          1.
  0.07531776  0.08784387  0.05707915  0.02657326  0.14145682  0.09191575] {'loss': [0.18913017213344574, 0.16226135194301605]}  
-3.1542506217956543 -0.9544264674186707 -2.150089979171753 [ 0.01925069  0.02713218  1.          1.          0.54456779  0.07773119
  0.08213363  0.11576026  0.09163683  0.0338867   0.02953395  0.0998611 ] {'loss': [0.12498107552528381, 0.12508819997310638]}  
-3.886829137802124 -1.6136369705200195 -2.6500906944274902 [ 0.076507    0.01778537  1.          1.          1.          0.12505971
  0.09638664  0.10810142  0.14817395  0.11420136  0.04015622  0.02622742] {'loss': [0.11252889782190323, 0.12489151954650879]}  
-4.670379161834717 -2.2249646186828613 -2.241757392883301 [ 1.          1.          1.          0.80373272  0.16515169  0.14733112
  0.11450145  0.18461334  0.16469285  0.07466044  0.02261633  0.06834896] {'loss': [0.11047518998384476, 0.12162119150161743]}  
-5.071005821228027 -3.1331698894500732 -1.7417571544647217 [ 0.73233345  0.67021023  0.31607138  0.19590359  0.17928527  0.1700552
  0.2828347   0.25884209  0.12206999  0.02108154  0.06211503  0.01138758] {'loss': [0.10017359256744385, 0.095489390194416046]}  
-5.164732933044434 -4.128777980804443 -1.6584230661392212 [ 0.36567052  0.30277929  0.14179842  0.20980836  0.1737236   0.36655405
  0.54236219  0.44908187  0.17999388  0.02130248  0.05615505  0.01146801] {'loss': [0.071582995355129242, 0.068314589560031891]}  
-5.213924407958984 -4.7434563636779785 -1.4000895023345947 [ 0.24851231  0.1527954   0.18953306  0.21092553  0.38533943  0.84044034
  0.93530062  0.5750604   0.11995994  0.02074717  0.04036984  0.22330756] {'loss': [0.064735792577266693, 0.049857452511787415]}  
-4.808963775634766 -5.64165735244751 -0.9000874161720276 [ 0.10713415  0.15676887  0.17899268  1.          1.          1.          1.
  0.40360778  0.02211977  0.04644049  0.0121488   0.16900375] {'loss': [0.097943581640720367, 0.092961512506008148]}  
-4.01870584487915 -6.230737209320068 -0.40008726716041565 [ 0.1129262   0.16089874  1.          1.          1.          1.          1.
  0.02510925  0.04827765  0.01109337  0.13401947  0.08753555] {'loss': [0.10431023687124252, 0.10168749839067459]}  
-3.040087938308716 -6.401152610778809 -0.06675314903259277 [ 0.09596141  1.          1.          1.          1.          1.
  0.15071968  0.02429626  0.04106632  0.01282081  0.10306827  0.06585504] {'loss': [0.10344336181879044, 0.10595378279685974]}  
-2.04197359085083 -6.419558525085449 0.11658120900392532 [ 0.362458    1.          1.          1.          1.          1.
  0.03542669  0.04385023  0.03127089  0.0127031   0.08184889  0.06055671] {'loss': [0.083406656980514526, 0.085780322551727295]}  
-1.064326286315918 -6.218032360076904 0.0749153271317482 [ 0.08741083  1.          1.          1.          1.          1.
  0.04322739  0.04399857  0.05651279  0.01306406  0.09129005  0.04623652] {'loss': [0.096080012619495392, 0.094176642596721649]}  
-0.16547095775604248 -6.17298698425293 0.049915801733732224 [ 0.04600772  1.          1.          1.          1.          1.
  0.05286924  0.04051611  0.10898446  0.01319222  0.09710586  0.036525  ] {'loss': [0.092227458953857422, 0.095536611974239349]}  
0.6834703683853149 -6.131406784057617 0.04991620406508446 [ 0.03838954  1.          1.          1.          1.          1.
  0.06549661  0.04632964  0.11078857  0.01325934  0.06692063  0.03047702] {'loss': [0.096437357366085052, 0.093527607619762421]}  
0.6834703683853149 -6.131406784057617 0.04991660639643669 [ 0.03838954  1.          1.          1.          1.          1.
  0.06549662  0.04632962  0.1107886   0.01325934  0.06692073  0.03047702] {'loss': [0.086229555308818817, 0.081782229244709015]}  
0.6834703683853149 -6.131406784057617 0.049917057156562805 [ 0.03838953  1.          1.          1.          1.          1.
  0.06549662  0.04632958  0.11078867  0.01325934  0.06692082  0.03047704] {'loss': [0.080427564680576324, 0.085338585078716278]}  
0.6834703683853149 -6.131406784057617 0.04991746321320534 [ 0.03838952  1.          1.          1.          1.          1.
  0.06549659  0.04632955  0.11078869  0.01325934  0.06692092  0.03047705] {'loss': [0.088616691529750824, 0.083769805729389191]}  
0.6834703683853149 -6.131406784057617 0.04991746321320534 [ 0.03838952  1.          1.          1.          1.          1.
  0.06549659  0.04632955  0.11078869  0.01325934  0.06692092  0.03047705] {'loss': [0.09687458723783493, 0.079835191369056702]}  
0.6834703683853149 -6.131406784057617 0.04991746321320534 [ 0.03838952  1.          1.          1.          1.          1.
  0.06549659  0.04632955  0.11078869  0.01325934  0.06692092  0.03047705] {'loss': [0.088605582714080811, 0.080965436995029449]}  
0.6834703683853149 -6.131406784057617 0.04991746321320534 [ 0.03838952  1.          1.          1.          1.          1.
  0.06549659  0.04632955  0.11078869  0.01325934  0.06692092  0.03047705] {'loss': [0.079696506261825562, 0.07082386314868927]}  
0.6834703683853149 -6.131406784057617 0.04991746321320534 [ 0.03838952  1.          1.          1.          1.          1.
  0.06549659  0.04632955  0.11078869  0.01325934  0.06692092  0.03047705] {'loss': [0.074660904705524445, 0.078157924115657806]}  
0.6834703683853149 -6.131406784057617 0.04991746321320534 [ 0.03838952  1.          1.          1.          1.          1.
  0.06549659  0.04632955  0.11078869  0.01325934  0.06692092  0.03047705] {'loss': [0.077460877597332001, 0.072672702372074127]}  
0.6834703683853149 -6.131406784057617 0.04991746321320534 [ 0.03838952  1.          1.          1.          1.          1.
  0.06549659  0.04632955  0.11078869  0.01325934  0.06692092  0.03047705] {'loss': [0.073760576546192169, 0.063713125884532928]}  
0.6834703683853149 -6.131406784057617 0.04991746321320534 [ 0.03838952  1.          1.          1.          1.          1.
  0.06549659  0.04632955  0.11078869  0.01325934  0.06692092  0.03047705] {'loss': [0.069490291178226471, 0.062235202640295029]}  
