1.0 0.0 2.087252141791396e-05 [ 0.01670299  0.11111915  0.06249548  0.01777778  0.25001815  0.75001805
  0.99999976  0.74998193  0.33334138  0.44444444  0.33332536  0.11110309] {'loss': [0.077221103012561798, 0.07684006541967392]}  
1.0 0.0 2.1771284082205966e-05 [ 0.01670299  0.11111949  0.0624953   0.01777778  0.2500188   0.75001886
  0.99999976  0.74998115  0.33334172  0.44444444  0.33332501  0.11110275] {'loss': [0.061269700527191162, 0.062387827783823013]}  
0.7716407775878906 0.051667116582393646 -0.25831031799316406 [ 0.0160859   0.03162746  0.1349522   0.0166036   0.06056099  0.42449769
  0.77863     0.7688256   0.40488882  0.42827876  0.42288592  0.22270564] {'loss': [0.018874095752835274, 0.026617774739861488]}  
0.3208252787590027 0.2114172726869583 -0.7083097100257874 [ 0.21853694  0.01777004  0.04401509  0.15285496  0.01668339  0.06332111
  0.3199051   0.53000412  0.48351891  0.30806674  0.51039067  0.46562586] {'loss': [0.022775014862418175, 0.019041180610656738]}  
0.9146854877471924 -0.4657420516014099 -0.9666422009468079 [ 0.22834028  0.06049371  0.01679716  0.17645906  0.04674892  0.01868025
  0.29854496  0.74306249  0.89615322  0.6047262   0.28057499  0.33838092] {'loss': [0.01706344448029995, 0.019416926428675652]}  
1.2435979843139648 -1.2983362674713135 -1.3749722242355347 [ 0.21314021  0.12533646  0.01452337  0.04940905  0.12605811  0.01896229
  0.04872866  0.55887731  1.          1.          0.72821762  0.19856722] {'loss': [0.033880073577165604, 0.023945173248648643]}  
1.4187151193618774 -2.1811349391937256 -1.3749722242355347 [ 0.14612008  0.08592547  0.01420497  0.19768896  0.11625042  0.02165334
  0.06007008  0.68895411  1.          1.          0.89770788  0.16444705] {'loss': [0.022143529728055, 0.020701164379715919]}  
1.593835473060608 -3.063933849334717 -1.3749722242355347 [ 0.10637591  0.06255404  0.01389691  0.1828836   0.1075442   0.02496069
  0.07588646  0.87035485  1.          1.          1.          0.20774584] {'loss': [0.027508169412612915, 0.034391146153211594]}  
1.7689558267593384 -3.946732521057129 -1.3749722242355347 [ 0.08088936  0.04756675  0.01359878  0.1696813   0.09978062  0.02908802
  0.09888319  1.          1.          1.          1.          0.27070118] {'loss': [0.01627291738986969, 0.033745963126420975]}  
1.9333858489990234 -4.8315324783325195 -1.4749712944030762 [ 0.0653407   0.04326866  0.01239776  0.16279297  0.10780165  0.0319559
  0.03789552  1.          1.          1.          1.          0.5795103 ] {'loss': [0.02612132765352726, 0.021378902718424797]}  
1.8474565744400024 -5.604950428009033 -1.8833047151565552 [ 0.28463236  0.0516495   0.0297452   0.15413789  0.16275521  0.02036448
  0.04103355  0.13219712  1.          1.          1.          1.        ] {'loss': [0.06136663630604744, 0.068993531167507172]}  
1.8474565744400024 -5.604950428009033 -1.8833047151565552 [ 0.28463236  0.0516495   0.0297452   0.15413789  0.16275521  0.02036448
  0.04103355  0.13219712  1.          1.          1.          1.        ] {'loss': [0.060544475913047791, 0.063292592763900757]}  
1.8474565744400024 -5.604950428009033 -1.8833047151565552 [ 0.28463236  0.0516495   0.0297452   0.15413789  0.16275521  0.02036448
  0.04103355  0.13219712  1.          1.          1.          1.        ] {'loss': [0.05863054096698761, 0.062881477177143097]}  
1.8474565744400024 -5.604950428009033 -1.8833047151565552 [ 0.28463236  0.0516495   0.0297452   0.15413789  0.16275521  0.02036448
  0.04103355  0.13219712  1.          1.          1.          1.        ] {'loss': [0.037945274263620377, 0.059338640421628952]}  
1.8474565744400024 -5.604950428009033 -1.8833047151565552 [ 0.28463236  0.0516495   0.0297452   0.15413789  0.16275521  0.02036448
  0.04103355  0.13219712  1.          1.          1.          1.        ] {'loss': [0.042503092437982559, 0.05454636737704277]}  
1.8474565744400024 -5.604950428009033 -1.8916378021240234 [ 0.28463236  0.0516495   0.0297452   0.15413789  0.16275521  0.02036448
  0.04103355  0.13219712  1.          1.          1.          1.        ] {'loss': [0.074317947030067444, 0.042307872325181961]}  
1.4818493127822876 -6.229344367980957 -2.2833032608032227 [ 0.76346426  0.06299661  0.04223779  0.00897124  0.19025724  0.17593314
  0.02952118  0.0497354   0.19275163  1.          1.          1.        ] {'loss': [0.058157872408628464, 0.057406801730394363]}  
1.1876710653305054 -6.557252883911133 -2.2833032608032227 [ 0.52045911  0.04294521  0.03906688  0.00933686  0.22005101  0.2034838
  0.03213431  0.05413785  0.13140014  0.69736906  1.          1.        ] {'loss': [0.044698845595121384, 0.048915904015302658]}  
1.1876710653305054 -6.557252883911133 -2.2833032608032227 [ 0.52045911  0.04294521  0.03906688  0.00933686  0.22005101  0.2034838
  0.03213431  0.05413785  0.13140014  0.69736906  1.          1.        ] {'loss': [0.034736316651105881, 0.045600011944770813]}  
1.1876710653305054 -6.557252883911133 -2.2833032608032227 [ 0.52045911  0.04294521  0.03906688  0.00933686  0.22005101  0.2034838
  0.03213431  0.05413785  0.13140014  0.69736906  1.          1.        ] {'loss': [0.034318599849939346, 0.034754123538732529]}  
1.1876710653305054 -6.557252883911133 -2.2833032608032227 [ 0.52045911  0.04294521  0.03906688  0.00933686  0.22005101  0.2034838
  0.03213431  0.05413785  0.13140014  0.69736906  1.          1.        ] {'loss': [0.028474809601902962, 0.045899540185928345]}  
1.1876710653305054 -6.557252883911133 -2.2833032608032227 [ 0.52045911  0.04294521  0.03906688  0.00933686  0.22005101  0.2034838
  0.03213431  0.05413785  0.13140014  0.69736906  1.          1.        ] {'loss': [0.026827046647667885, 0.03400031104683876]}  
1.1876710653305054 -6.557252883911133 -2.2833032608032227 [ 0.52045911  0.04294521  0.03906688  0.00933686  0.22005101  0.2034838
  0.03213431  0.05413785  0.13140014  0.69736906  1.          1.        ] {'loss': [0.028940444812178612, 0.027673376724123955]}  
1.1876710653305054 -6.557252883911133 -2.2833032608032227 [ 0.52045911  0.04294521  0.03906688  0.00933686  0.22005101  0.2034838
  0.03213431  0.05413785  0.13140014  0.69736906  1.          1.        ] {'loss': [0.045615676790475845, 0.023412803187966347]}  
1.1440891027450562 -6.620312213897705 -2.2833032608032227 [ 0.50816562  0.04202551  0.03886148  0.00936289  0.22235917  0.20561816
  0.03232719  0.05446279  0.12829643  0.68089652  1.          1.        ] {'loss': [0.030998749658465385, 0.020091049373149872]}  
0.5136085748672485 -7.25840950012207 -2.4249701499938965 [ 0.37542356  0.06956777  0.03684704  0.1378109   0.28576685  0.30766599
  0.0285525   0.05920693  0.06374412  0.28488364  0.59073938  0.63600939] {'loss': [0.025169188156723976, 0.030321059748530388]}  
-0.1630619913339615 -7.852438926696777 -2.3749701976776123 [ 0.21398268  0.03295281  0.03233271  0.2310918   0.44899964  0.46224033
  0.03667017  0.07124821  0.07334928  0.19198281  0.37301272  0.38401264] {'loss': [0.037095498293638229, 0.035847879946231842]}  
-0.6697433590888977 -8.59390640258789 -2.0749704837799072 [ 0.06992856  0.02997247  0.19399612  0.55700142  0.72628508  0.02567316
  0.07371285  0.09611558  0.08000738  0.22971731  0.2995329   0.21963851] {'loss': [0.045990314334630966, 0.060441877692937851]}  
-1.1423521041870117 -9.355339050292969 -2.2833046913146973 [ 0.09873647  0.02551382  0.12811395  0.65785203  1.          0.01401285
  0.0719545   0.11987888  0.1098616   0.1368362   0.22797433  0.20892445] {'loss': [0.061559360474348068, 0.072659678757190704]}  
-1.8639205694198608 -9.874441146850586 -2.7333056926727295 [ 0.14318203  0.05952358  0.02393116  0.48129316  1.          0.06244226
  0.02474158  0.09856127  0.14936202  0.12634299  0.11169767  0.16926914] {'loss': [0.062225919216871262, 0.066893048584461212]}  
-2.7376551628112793 -10.0712251663208 -3.0416386127471924 [ 0.12169715  0.08100916  0.02077263  0.45610528  1.          0.59459205
  0.01183109  0.05602924  0.13655532  0.1626886   0.10829558  0.10214849] {'loss': [0.095461763441562653, 0.074747592210769653]}  
-3.6354901790618896 -10.109594345092773 3.124880790710449 [ 0.09174161  0.07014047  0.02428252  1.          1.          0.85838819
  0.01321138  0.03942962  0.12303722  0.16726201  0.12787918  0.06748473] {'loss': [0.10239425301551819, 0.12601985037326813]}  
-4.5353684425354 -10.09455680847168 3.1248817443847656 [ 0.0710526   0.05432281  1.          1.          1.          0.88211573
  0.01469191  0.03918823  0.12228403  0.16623794  0.12709612  0.05226604] {'loss': [0.1603359580039978, 0.15282289683818817]}  
-5.435251712799072 -10.079519271850586 3.124882459640503 [ 0.05664757  0.80766903  1.          1.          1.          0.90683983
  0.01643602  0.03894918  0.12153771  0.16522324  0.12632021  0.04373161] {'loss': [0.15291875600814819, 0.14401744306087494]}  
-6.335134983062744 -10.064481735229492 3.1248831748962402 [ 0.04621725  0.83063419  1.          1.          1.          0.93262043
  0.01851018  0.03871229  0.12079818  0.1642178   0.12555145  0.04346544] {'loss': [0.15026946365833282, 0.11758046597242355]}  
-7.235018253326416 -10.049444198608398 3.1248841285705566 [ 0.0384233   0.85459232  1.          1.          1.          0.95951362
  0.02100328  0.03847757  0.12006548  0.16322152  0.12478962  0.0432016 ] {'loss': [0.13624967634677887, 0.11342496424913406]}  
-8.13490104675293 -10.034406661987305 3.124884843826294 [ 0.03244664  0.87960115  1.          1.          1.          0.98758729
  0.02403617  0.03824486  0.11933944  0.16223427  0.12403461  0.04294014] {'loss': [0.12196490168571472, 0.11342588812112808]}  
-9.034784317016602 -10.019369125366211 3.1248855590820312 [ 0.02776328  0.90572397  1.          1.          1.          1.
  0.02777676  0.03801433  0.1186198   0.16125595  0.12328662  0.04268116] {'loss': [0.10056553035974503, 0.10777585953474045]}  
-9.934667587280273 -10.004331588745117 3.1248865127563477 [ 0.02402533  0.93303145  1.          1.          1.          1.
  0.03246367  0.03778596  0.11790678  0.16028646  0.12254523  0.04242444] {'loss': [0.099184215068817139, 0.093678027391433716]}  
-10.834550857543945 -9.989294052124023 3.124887228012085 [ 0.02099441  0.96158963  1.          1.          1.          1.
  0.03844522  0.0375596   0.11720019  0.15932568  0.12181057  0.04216995] {'loss': [0.096820227801799774, 0.094410695135593414]}  
-11.733437538146973 -9.955415725708008 2.9998881816864014 [ 0.01818245  0.62482369  1.          1.          1.          1.
  0.04543443  0.03955944  0.09883428  0.15483802  0.1348164   0.05879102] {'loss': [0.084540717303752899, 0.073862634599208832]}  
-12.565192222595215 -9.625055313110352 2.549889326095581 [ 0.0424503   0.01651004  1.          1.          1.          1.          1.
  0.05565509  0.04467548  0.0974538   0.13940489  0.11190319] {'loss': [0.10097598284482956, 0.097652249038219452]}  
-13.245932579040527 -9.064411163330078 2.3498897552490234 [ 0.05672312  0.01419668  1.          1.          1.          1.          1.
  1.          0.06162879  0.05718524  0.10639309  0.10616198] {'loss': [0.14043517410755157, 0.13469359278678894]}  
-13.952505111694336 -9.065836906433105 2.5665571689605713 [ 0.0344604   0.01391467  1.          1.          1.          1.          1.
  0.07961605  0.06390936  0.07911174  0.11316689  0.09084127] {'loss': [0.10885894298553467, 0.10139802843332291]}  
-14.792084693908691 -9.0763521194458 3.0165581703186035 [ 0.01245873  1.          1.          1.          1.          1.
  0.10088066  0.0878357   0.07146195  0.1119549   0.09747792  0.04250815] {'loss': [0.065541766583919525, 0.089929990470409393]}  
-15.69145393371582 -9.08973503112793 -3.124959707260132 [ 0.13999816  1.          1.          0.00689137  0.03708218  0.10713113
  0.14013686  0.10309357  0.08749171  0.11444678  0.08419431  0.02698674] {'loss': [0.072060078382492065, 0.06930357962846756]}  
-16.682071685791016 -8.998834609985352 2.841559886932373 [ 0.00950248  1.          0.77834641  0.121482    0.0111665   0.09938613
  0.19392281  0.20024012  0.1120206   0.10238597  0.10572137  0.05914382] {'loss': [0.074367605149745941, 0.065383337438106537]}  
-17.452425003051758 -8.541893005371094 2.39156174659729 [ 0.0442333   0.00913664  0.61716876  0.30966089  0.03176809  0.02835904
  0.17042675  0.29881263  0.28513051  0.14306266  0.0923893   0.08815892] {'loss': [0.041492030024528503, 0.046250615268945694]}  
-17.9683780670166 -7.806851387023926 2.0082273483276367 [ 0.06373705  0.02506526  0.45558222  0.3731504   0.14674519  0.00761329
  0.08014777  0.29312054  0.42855264  0.35101172  0.13803894  0.07781702] {'loss': [0.031404558569192886, 0.034577697515487671]}  
-18.152894973754883 -6.932200908660889 1.558225393295288 [ 0.06222162  0.04689489  0.30025456  0.40230548  0.30320773  0.10205841
  0.00827771  0.12158224  0.36835273  0.49354955  0.37197586  0.12520546] {'loss': [0.027173906564712524, 0.03123088926076889]}  
-18.09557342529297 -6.0346760749816895 1.4665590524673462 [ 0.04977738  0.0419791   0.27278809  0.4119815   0.34743931  0.14370286
  0.00890041  0.07880312  0.31131271  0.47016406  0.39650659  0.16399749] {'loss': [0.026492983102798462, 0.01995709165930748]}  
-18.00888442993164 -5.222437858581543 1.4665590524673462 [ 0.04138772  0.03490379  0.28938033  0.43704069  0.36857217  0.1524436
  0.00967533  0.07412422  0.29282863  0.44224836  0.3729642   0.15426013] {'loss': [0.031367998570203781, 0.022782869637012482]}  
-18.00888442993164 -5.222437858581543 1.4665590524673462 [ 0.04138772  0.03490379  0.28938033  0.43704069  0.36857217  0.1524436
  0.00967533  0.07412422  0.29282863  0.44224836  0.3729642   0.15426013] {'loss': [0.028536051511764526, 0.027891026809811592]}  
-18.00888442993164 -5.222437858581543 1.4665590524673462 [ 0.04138772  0.03490379  0.28938033  0.43704069  0.36857217  0.1524436
  0.00967533  0.07412422  0.29282863  0.44224836  0.3729642   0.15426013] {'loss': [0.026484834030270576, 0.018992012366652489]}  
-17.982877731323242 -4.957217216491699 1.4665590524673462 [ 0.03962199  0.03341467  0.29376498  0.44366263  0.37415694  0.15475334
  0.00988488  0.07301961  0.28846492  0.43565794  0.36740632  0.15196133] {'loss': [0.030744252726435661, 0.015534024685621262]}  
-17.889253616333008 -4.062097549438477 1.4665590524673462 [ 0.0333751   0.02814646  0.31308839  0.47284604  0.39876815  0.16493288
  0.01083249  0.06868564  0.2713435   0.4098002   0.34559952  0.1429419 ] {'loss': [0.025534555315971375, 0.024556264281272888]}  
-17.795629501342773 -3.166977882385254 1.4665590524673462 [ 0.02849701  0.02403258  0.33438267  0.50500585  0.42588995  0.17615057
  0.0119232   0.06472643  0.25570247  0.38617807  0.32567813  0.13470235] {'loss': [0.021811461076140404, 0.015947295352816582]}  
-17.70200538635254 -2.2718582153320312 1.4665590524673462 [ 0.02461517  0.09060246  0.35792606  0.54056214  0.45587655  0.18855307
  0.01318734  0.06109989  0.24137585  0.36454107  0.30743087  0.12715523] {'loss': [0.018442714586853981, 0.025238096714019775]}  
-17.608381271362305 -1.3767430782318115 1.4665590524673462 [ 0.0214757   0.09721441  0.38404658  0.58001185  0.48914494  0.20231313
  0.01466372  0.0577698   0.22822034  0.34467285  0.29067525  0.12022494] {'loss': [0.010822250507771969, 0.017954880371689796]}  
-17.51475715637207 -0.4816280007362366 1.4665590524673462 [ 0.01890067  0.10457737  0.41313406  0.62394121  0.52619287  0.2176363
  0.01640265  0.05470473  0.21611175  0.32638572  0.27525303  0.11384621] {'loss': [0.023118749260902405, 0.014674842357635498]}  
-17.421133041381836 0.41348686814308167 1.4665590524673462 [ 0.01676246  0.11280956  0.44565569  0.67305756  0.56761372  0.23476836
  0.01847029  0.05187733  0.20494194  0.30951629  0.26102644  0.10796204] {'loss': [0.010132248513400555, 0.008188711479306221]}  
-17.3275089263916 1.3086020946502686 1.4665590524673462 [ 0.01496759  0.12205365  0.48217438  0.72821034  0.6141265   0.25400621
  0.02095502  0.04926354  0.19461618  0.29392169  0.24787494  0.10252249] {'loss': [0.014977931044995785, 0.010563693940639496]}  
-17.233884811401367 2.20371675491333 1.4665590524673462 [ 0.01344629  0.13248227  0.52337287  0.79043144  0.66659974  0.27570939
  0.02397707  0.04684243  0.18505159  0.27947665  0.23569291  0.09748393] {'loss': [0.010714318603277206, 0.01000211201608181]}  
-17.140260696411133 3.0988364219665527 1.4665590524673462 [ 0.01214566  0.14430695  0.5700862   0.8609802   0.7260967   0.30031781
  0.02770334  0.04459552  0.17617512  0.26607089  0.22438714  0.09280784] {'loss': [0.0064547131769359112, 0.019983034580945969]}  
-17.0466365814209 3.9939560890197754 1.4665590524673462 [ 0.01102501  0.1577882   0.62334426  0.94141338  0.7939291   0.32837348
  0.03237089  0.04250649  0.16792243  0.25360705  0.21387613  0.0884604 ] {'loss': [0.014900330454111099, 0.01804053969681263]}  
-16.953012466430664 4.889075756072998 1.4665590524673462 [ 0.01005259  0.17325101  0.68443014  1.          0.87173155  0.36055299
  0.03832564  0.04056087  0.16023626  0.24199892  0.20408656  0.08441137] {'loss': [0.018002903088927269, 0.013074164278805256]}  
-16.84898567199707 5.883653163909912 1.4665590524673462 [ 0.00911571  0.19325569  0.76345933  1.          0.97238768  0.40218523
  0.04709403  0.03971614  0.15229908  0.23001176  0.19397735  0.08023014] {'loss': [0.017188740894198418, 0.025079371407628059]}  
-16.755361557006836 6.778772830963135 1.4665590524673462 [ 0.00838014  0.21437745  0.84689898  1.          1.          0.0382973
  0.05783907  0.04877781  0.14564929  0.2199688   0.18550776  0.07672708] {'loss': [0.039984650909900665, 0.036452200263738632]}  
-16.6617374420166 7.673892498016357 1.4665590524673462 [ 0.00773015  0.23916142  0.94480954  1.          1.          0.04815674
  0.07272943  0.06133541  0.13942571  0.21056951  0.17758099  0.07344853] {'loss': [0.033255774527788162, 0.033213477581739426]}  
-16.717559814453125 8.56470012664795 1.8498914241790771 [ 0.09803018  0.69744396  1.          1.          0.04843332  0.08920621
  0.08835342  0.11054234  0.20360114  0.20165467  0.10664956  0.01359108] {'loss': [0.039357978850603104, 0.052016809582710266]}  
-17.12307357788086 9.362651824951172 2.116558790206909 [ 0.24304649  0.69363635  0.0098902   0.0334042   0.09533321  0.12391873
  0.09057533  0.20282019  0.26363525  0.19269784  0.06094479  0.00675962] {'loss': [0.051492270082235336, 0.046515572816133499]}  
-17.590267181396484 10.131935119628906 2.116558790206909 [ 0.16279617  0.46460795  0.00944611  0.04468953  0.12754073  0.16578363
  0.12117546  0.2618886   0.34041543  0.24881852  0.07869412  0.00635145] {'loss': [0.035685878247022629, 0.047598958015441895]}  
-17.978736877441406 10.940868377685547 1.8248918056488037 [ 0.03051514  0.22698596  0.04639675  0.01595621  0.11869057  0.22127532
  0.22112626  0.21814992  0.40669824  0.40642406  0.21760104  0.02905283] {'loss': [0.038586203008890152, 0.031142307445406914]}  
-18.0009822845459 11.833174705505371 1.3748915195465088 [ 0.01553028  0.04808798  0.21985427  0.01794387  0.04205379  0.22199428
  0.3733305   0.34472588  0.25634325  0.43109513  0.39806466  0.19028239] {'loss': [0.041491392999887466, 0.044262278825044632]}  
-17.63295555114746 12.643089294433594 0.9248880743980408 [ 0.12650909  0.00518189  0.09014817  0.03449471  0.00925643  0.11043912
  0.44957208  0.68727196  0.58583851  0.24670584  0.35242831  0.30041408] {'loss': [0.061842750757932663, 0.066807754337787628]}  
-16.94792938232422 13.2093505859375 0.47488638758659363 [ 0.19384321  0.07063982  0.00502655  0.17895381  0.04489294  0.0100062
  0.26256671  0.86870603  1.          0.95367662  0.34753606  0.24680948] {'loss': [0.054402526468038559, 0.076035484671592712]}  
-16.0873966217041 13.456717491149902 0.19988705217838287 [ 0.16079041  0.09296635  0.01616016  0.13625651  0.03523219  0.01946181
  0.07085364  0.74036176  1.          1.          0.91769559  0.15952003] {'loss': [0.06983783096075058, 0.070756711065769196]}  
-15.192026138305664 13.54229736328125 0.08322106301784515 [ 0.11911912  0.08094162  0.02179641  0.19288251  0.03356527  0.03529362
  0.01293342  0.60868361  1.          1.          1.          0.34012643] {'loss': [0.1082238033413887, 0.072936728596687317]}  
-14.295129776000977 13.617124557495117 0.08322106301784515 [ 0.0892446   0.06064178  0.01632997  0.01439309  0.04581607  0.03415791
  0.01436652  0.67612936  1.          1.          1.          0.37781508] {'loss': [0.098264805972576141, 0.10403008013963699]}  
-13.398233413696289 13.691951751708984 0.08322106301784515 [ 0.06934634  0.04712089  0.01268898  0.01426431  0.06623857  0.03307614
  0.01605171  0.75543932  1.          1.          1.          0.4221326 ] {'loss': [0.096324242651462555, 0.094481147825717926]}  
-12.499837875366211 13.728612899780273 -0.008445125073194504 [ 0.05579399  0.04225458  0.01435956  0.01429181  0.07777494  0.04602961
  0.01657711  0.60103919  1.          1.          1.          0.63725943] {'loss': [0.09259902685880661, 0.091056346893310547]}  
-11.599851608276367 13.720991134643555 -0.008444219827651978 [ 0.04558743  0.03452477  0.12745735  0.01430484  0.13588467  0.04617815
  0.0186789   0.59389717  1.          1.          1.          0.62968146] {'loss': [0.085849829018115997, 0.075073622167110443]}  
-10.699865341186523 13.713369369506836 -0.008443314582109451 [ 0.03794536  0.02873717  0.07351922  0.01431789  0.13632434  0.0463276
  0.02120731  0.58688091  1.          1.          1.          0.62224084] {'loss': [0.059315402060747147, 0.067498870193958282]}  
-9.79987907409668 13.705747604370117 -0.008442496880888939 [ 0.03207543  0.02429166  0.04777419  0.01433096  0.13676606  0.04647756
  0.02428613  0.57998955  1.          1.          1.          0.61492903] {'loss': [0.091665267944335938, 0.072162806987762451]}  
-8.899889945983887 13.698125839233398 -0.008441692218184471 [ 0.02746923  0.02080323  0.03351714  0.18117633  0.13720999  0.04662835
  0.02808753  0.573218    1.          1.          1.          0.60774589] {'loss': [0.082214333117008209, 0.067346073687076569]}  
-7.9998955726623535 13.690492630004883 -0.008440887555480003 [ 0.0237884   0.01801562  0.02480586  0.18176645  0.13765677  0.04678005
  0.03285669  0.56655342  1.          1.          1.          0.60067638] {'loss': [0.060828719288110733, 0.054867137223482132]}  
-7.099935054779053 13.68287467956543 -0.008440082892775536 [ 0.02080083  0.01575304  0.01909715  0.18235849  0.13810506  0.04693237
  0.03895203  0.56001652  1.          1.          1.          0.5937437 ] {'loss': [0.057841259986162186, 0.04320252314209938]}  
-6.199974536895752 13.675304412841797 -0.008439277298748493 [ 0.01834267  0.04441005  0.13587824  0.18294946  0.13855248  0.0470843
  0.0469153   0.55363424  1.          1.          1.          0.58697289] {'loss': [0.042855996638536453, 0.056327685713768005]}  
-5.300014019012451 13.667734146118164 -0.008438472636044025 [ 0.01629583  0.03624558  0.13631947  0.18354332  0.13900214  0.04723696
  0.05759572  0.54735757  1.          1.          1.          0.5803163 ] {'loss': [0.055398713797330856, 0.037417810410261154]}  
-4.40005350112915 13.660163879394531 -0.008437667973339558 [ 0.01457342  0.03003985  0.1367627   0.18414007  0.13945393  0.05376201
  0.07238621  0.54119012  1.          1.          1.          0.57377302] {'loss': [0.048631459474563599, 0.048764970153570175]}  
-3.5000858306884766 13.652593612670898 -0.00843686331063509 [ 0.01311032  0.0253014   0.13720829  0.18473974  0.13990789  0.06959338
  0.09370186  0.53512642  1.          1.          1.          0.56734125] {'loss': [0.046270597726106644, 0.052524816244840622]}  
-2.6001124382019043 13.645023345947266 -0.008436058647930622 [ 0.01185697  0.02160167  0.13765587  0.18534234  0.14036417  0.09360547
  0.12603207  0.52916389  1.          1.          1.          0.56101631] {'loss': [0.044086799025535583, 0.036610595881938934]}  
-1.7001452445983887 13.637469291687012 -0.008435253985226154 [ 0.01077513  0.01865788  0.13810491  0.18594659  0.14082168  0.13258346
  0.17851247  0.52331143  1.          1.          1.          0.55480869] {'loss': [0.038422171026468277, 0.043794814497232437]}  
-0.8001782894134521 13.629899024963379 -0.008434450253844261 [ 0.00983487  0.01627726  0.13855698  0.18655511  0.14128235  0.20214206
  0.27216718  0.51754394  1.          1.          1.          0.5486921 ] {'loss': [0.032741624861955643, 0.029228620231151581]}  
0.09978952258825302 13.622328758239746 -0.008433644659817219 [ 0.00901252  0.04543461  0.13901128  0.1871667   0.14174537  0.34519592
  0.46477657  0.51187209  1.          1.          1.          0.54267499] {'loss': [0.046423505991697311, 0.036600489169359207]}  
0.9997570514678955 13.614758491516113 -0.008432839997112751 [ 0.00828916  0.04558394  0.1394678   0.18778115  0.23478386  0.71834099
  0.9671831   0.73246757  1.          1.          1.          0.53675623] {'loss': [0.055507034063339233, 0.052064161747694016]}  
1.8996468782424927 13.60329818725586 -0.05843203514814377 [ 0.00763089  0.03920203  0.13299217  0.18805316  0.64721639  1.          1.
  1.          1.          1.          1.          0.60653476] {'loss': [0.084316365420818329, 0.065534777939319611]}  
2.765500068664551 13.369186401367188 -0.3667646646499634 [ 0.20638514  0.00694528  0.0805679   0.17993189  1.          1.          1.
  1.          1.          1.          1.          0.94154438] {'loss': [0.07448122650384903, 0.074393726885318756]}  
2.1505637168884277 13.407572746276855 0.08323629200458527 [ 0.00740035  0.06523546  0.16684173  0.20436349  1.          1.          1.
  1.          1.          1.          1.          0.29838179] {'loss': [0.066476084291934967, 0.0799899622797966]}  
1.3013311624526978 13.126216888427734 0.5332368016242981 [ 0.05828026  0.17431575  0.23207111  0.36023193  1.          1.          1.
  0.87942398  1.          0.87677826  0.29137904  0.00802191] {'loss': [0.063691087067127228, 0.062979564070701599]}  
0.6559464335441589 12.504494667053223 0.9832355976104736 [ 0.21789458  0.31643474  0.25758724  0.50667846  0.73581764  0.59897744
  0.45502962  0.66081162  0.53792041  0.2092474   0.0084701   0.06050706] {'loss': [0.046990517526865005, 0.041141510009765625]}  
0.45812973380088806 12.1338472366333 1.4332326650619507 [ 0.39868235  0.35189783  0.3806578   0.60600469  0.53489157  0.29939382
  0.47663288  0.42070126  0.18753034  0.01029131  0.05539246  0.25042967] {'loss': [0.045846264809370041, 0.040726352483034134]}  
0.4035339057445526 12.861034393310547 1.8832330703735352 [ 0.24426137  0.32173441  0.56519843  0.54012798  0.47408362  0.83283451
  0.79589276  0.4001999   0.04144937  0.01644891  0.14549737  0.25559889] {'loss': [0.05843145027756691, 0.075872540473937988]}  
0.4035339057445526 12.861034393310547 2.3332324028015137 [ 0.27810777  0.54380099  0.56235745  0.40979893  0.80130495  0.82864805
  0.46448483  0.07297892  0.00827574  0.1257682   0.24592228  0.25431406] {'loss': [0.068215027451515198, 0.073034860193729401]}  
0.13099823892116547 12.991476058959961 2.7832326889038086 [ 0.43284351  0.48456218  0.38575487  0.8491812   0.95064581  0.58868482
  0.12525874  0.00871372  0.1002707   0.22073086  0.24710493  0.19662651] {'loss': [0.068777851760387421, 0.071868054568767548]}  
-0.7541542649269104 13.117952346801758 3.108233690261841 [ 0.28859891  0.24990313  0.81228657  1.          0.87737143  0.31498814
  0.00971576  0.05233491  0.17010962  0.23581198  0.18373966  0.20818889] {'loss': [0.065578736364841461, 0.053330887109041214]}  
-1.6536521911621094 13.14797592163086 3.108234167098999 [ 0.18716698  0.25806386  0.83881195  1.          0.90602093  0.32527302
  0.0106386   0.01884026  0.16765505  0.23240931  0.18108824  0.13501828] {'loss': [0.059044536203145981, 0.055030670017004013]}  
-2.549783706665039 13.096506118774414 -2.9999499320983887 [ 0.12880883  0.42374453  0.95768114  1.          0.68845732  0.15452067
  0.01147526  0.09050196  0.20453835  0.23280651  0.14703841  0.11316844] {'loss': [0.057652328163385391, 0.056026563048362732]}  
-3.4407706260681152 12.969459533691406 -2.9999499320983887 [ 0.09547807  0.37220522  0.84119783  0.95745588  0.60472003  0.13572631
  0.01266706  0.0963775   0.21781684  0.24792012  0.15658397  0.08388483] {'loss': [0.045199111104011536, 0.050878781825304031]}  
-4.331752777099609 12.842412948608398 -2.9999499320983887 [ 0.07359024  0.32952697  0.74474357  0.84767043  0.53538071  0.12016347
  0.01405464  0.02390952  0.23243157  0.2645547   0.1670902   0.06465468] {'loss': [0.033455092459917068, 0.042309027165174484]}  
-5.222726821899414 12.71536636352539 -2.9999499320983887 [ 0.05844922  0.29378932  0.66397513  0.75573999  0.47731791  0.10713158
  0.01568335  0.02871813  0.24856811  0.2829214   0.17869042  0.05135212] {'loss': [0.032937448471784592, 0.025268940255045891]}  
-6.086849212646484 12.478555679321289 -2.674949884414673 [ 0.12537043  0.44288141  0.63774765  0.51510285  0.19759263  0.01783745
  0.04539717  0.22567344  0.32496906  0.26247455  0.10068482  0.04855534] {'loss': [0.034476272761821747, 0.028870644047856331]}  
-6.890636444091797 12.073675155639648 -2.674950122833252 [ 0.09601308  0.33166096  0.47283276  0.37835687  0.14270893  0.01994366
  0.05502937  0.29173466  0.41591176  0.33280916  0.12552918  0.04100343] {'loss': [0.020993458107113838, 0.029380284249782562]}  
-7.694423675537109 11.668670654296875 -2.674950122833252 [ 0.07395289  0.25545785  0.3641935   0.29142478  0.10991973  0.02242031
  0.06878537  0.02594449  0.55046541  0.44047817  0.16613981  0.03505555] {'loss': [0.03422783687710762, 0.027782412245869637]}  
-8.391736030578613 11.103559494018555 -2.3499505519866943 [ 0.1358472   0.25119656  0.24952113  0.13249631  0.02346713  0.02331061
  0.05296028  0.818287    0.81282922  0.43161418  0.05585707  0.02877956] {'loss': [0.055057629942893982, 0.051707565784454346]}  
-9.024136543273926 10.463176727294922 -2.3499505519866943 [ 0.09994339  0.18480641  0.18357385  0.0974781   0.0260059   0.12411058
  0.06590299  0.02054921  1.          0.87924948  0.11378757  0.02582629] {'loss': [0.0598471499979496, 0.060016065835952759]}  
-9.656537055969238 9.822793960571289 -2.3499505519866943 [ 0.07659809  0.14163843  0.14069372  0.07470869  0.02898009  0.15864747
  0.08424218  0.02264701  0.69996804  1.          0.34690138  0.02330533] {'loss': [0.044036611914634705, 0.030251620337367058]}  
-10.169921875 9.088371276855469 -1.9666177034378052 [ 0.09828625  0.11461453  0.07446102  0.02876065  0.21147374  0.13738703
  0.03317313  0.02677966  1.          1.          0.02277923  0.04180441] {'loss': [0.058875158429145813, 0.058251380920410156]}  
-10.370157241821289 8.212255477905273 -1.7416177988052368 [ 0.0855465   0.07757621  0.03607578  0.22988824  0.20846984  0.09694617
  0.03062883  0.25646572  1.          1.          1.          0.05201635] {'loss': [0.055317018181085587, 0.050215650349855423]}  
-10.52315902709961 7.325349807739258 -1.7416177988052368 [ 0.06680399  0.06057992  0.02817188  0.24800725  0.22490065  0.10458702
  0.03608948  0.20735622  1.          1.          1.          0.04062   ] {'loss': [0.06176033616065979, 0.0558951236307621]}  
-10.67616081237793 6.438444137573242 -1.7416177988052368 [ 0.05360841  0.04861377  0.02260719  0.26835548  0.24335319  0.11316809
  0.04315208  0.03913164  0.84639478  1.          1.          0.58701452] {'loss': [0.049035891890525818, 0.046137277036905289]}  
-10.82916259765625 5.551538467407227 -1.7416177988052368 [ 0.04396877  0.03987224  0.17713341  0.29131487  0.26417349  0.12285025
  0.05251051  0.04761816  0.7103186   1.          1.          0.49263974] {'loss': [0.04261137917637825, 0.036463785916566849]}  
-10.982172012329102 4.664648056030273 -1.7416177988052368 [ 0.03671346  0.0332929   0.19296582  0.31735326  0.28778579  0.13383094
  0.0652792   0.05919719  0.6045982   0.99432695  0.90168736  0.41931735] {'loss': [0.020563019439578056, 0.029224181547760963]}  
-11.135173797607422 3.777742385864258 -1.7416177988052368 [ 0.03111621  0.02821714  0.21101919  0.34704398  0.31471019  0.14635178
  0.08334191  0.07557701  0.01183066  0.85657814  0.77677108  0.36122715] {'loss': [0.037206679582595825, 0.026814907789230347]}  
-11.170538902282715 2.883925199508667 -1.4332822561264038 [ 0.026956    0.13847469  0.31523057  0.36041388  0.22884147  0.09750642
  0.11148244  0.07078475  0.01708423  0.82958214  0.52673529  0.11988792] {'loss': [0.01847577840089798, 0.018046194687485695]}  
-11.047148704528809 1.9924232959747314 -1.4332822561264038 [ 0.02337449  0.12867236  0.29291598  0.33490089  0.21264224  0.13503646
  0.15439177  0.09802963  0.01738558  0.0818918   0.59199636  0.13474167] {'loss': [0.038040854036808014, 0.035907112061977386]}  
-10.923758506774902 1.100921392440796 -1.4332822561264038 [ 0.02046209  0.11987517  0.27288961  0.31200406  0.19810408  0.1992774
  0.22784061  0.14466531  0.01769499  0.02197265  0.44081664  0.15253708] {'loss': [0.025486916303634644, 0.03734971210360527]}  
-10.798995971679688 0.20973418653011322 -1.399948239326477 [ 0.01792608  0.11916224  0.25983531  0.28911866  0.17772889  0.32960278
  0.36674903  0.22545013  0.01837037  0.0204407   0.21369028  0.15331791] {'loss': [0.031372550874948502, 0.030452584847807884]}  
-10.451457023620605 -0.6093165874481201 -0.9499472975730896 [ 0.08245618  0.20521805  0.24749081  0.22366136  0.55665095  0.6713149
  0.45298937  0.11999962  0.02186952  0.10381951  0.25838721  0.01637269] {'loss': [0.036570597440004349, 0.03852236270904541]}  
-9.780984878540039 -1.192672610282898 -0.4999457895755768 [ 0.1402757   0.18376889  0.3141449   0.91023146  1.          0.87858724
  0.28250152  0.02436959  0.06062404  0.17565745  0.01529705  0.04841293] {'loss': [0.053501535207033157, 0.037013150751590729]}  
-8.9210786819458 -1.4246231317520142 -0.05827852711081505 [ 0.13079535  0.32330812  1.          1.          1.          0.48503138
  0.02789534  0.04119163  0.14279139  0.20389352  0.01184636  0.09159896] {'loss': [0.069003887474536896, 0.068444207310676575]}  
-8.02258586883545 -1.4770420789718628 -0.05827852711081505 [ 0.09674316  0.34590331  1.          1.          1.          0.51892847
  0.0326136   0.04023209  0.13946502  0.19914387  0.01177109  0.06775145] {'loss': [0.072854019701480865, 0.067720428109169006]}  
-7.124118328094482 -1.5294610261917114 -0.05827852711081505 [ 0.07444523  0.37095219  1.          1.          1.          0.55650756
  0.03863843  0.03930568  0.13625364  0.19455831  0.01169655  0.05213571] {'loss': [0.093389362096786499, 0.07024092972278595]}  
-6.225651264190674 -1.58187997341156 -0.05827852711081505 [ 0.05905373  0.39882466  1.          1.          1.          0.59832191
  0.04650104  0.03841091  0.13315189  0.19012931  0.15236559  0.0413567 ] {'loss': [0.07576722651720047, 0.075418896973133087]}  
-5.327184200286865 -1.6342989206314087 -0.05827852711081505 [ 0.0479852   0.42996019  1.          1.          1.          0.6450319
  0.05703267  0.04570478  0.13015487  0.18584977  0.14893609  0.03360515] {'loss': [0.077197559177875519, 0.060751732438802719]}  
-4.428717136383057 -1.6867178678512573 -0.05827852711081505 [ 0.03976017  0.46488939  1.          1.          1.          0.05013867
  0.07159363  0.05737363  0.12725793  0.18171318  0.14562109  0.02784498] {'loss': [0.060398980975151062, 0.084734238684177399]}  
-3.5303478240966797 -1.7412145137786865 -0.09161180257797241 [ 0.03336365  0.45529471  1.          1.          0.01860718  0.06265074
  0.09220754  0.07598181  0.12029936  0.17705316  0.14589718  0.02266905] {'loss': [0.059303075075149536, 0.037488173693418503]}  
-2.6834425926208496 -2.029649257659912 -0.5416110157966614 [ 0.02143762  0.02890565  0.97419444  1.          0.02368054  0.0296269
  0.0909128   0.1225833   0.09296789  0.1184678   0.15973738  0.12114576] {'loss': [0.033205356448888779, 0.051892410963773727]}  
-1.9909762144088745 -2.7423853874206543 -1.0416089296340942 [ 0.0908647   0.01960904  0.02573007  1.          0.96743721  0.02643084
  0.04181169  0.12152783  0.15946317  0.1176824   0.09383383  0.12312439] {'loss': [0.066730685532093048, 0.037481743842363358]}  
-1.5144661664962769 -3.621748924255371 -1.0749423503875732 [ 0.07152142  0.01732087  1.          1.          0.50816207  0.03063542
  0.04411831  0.14141593  0.19474517  0.1507769   0.06708102  0.0923779 ] {'loss': [0.050293024629354477, 0.038333162665367126]}  
-1.06773841381073 -4.516053676605225 -1.2499415874481201 [ 0.064216    0.01264122  1.          0.97003772  0.46884435  0.03471917
  0.03229614  0.13639818  0.23150752  0.21535081  0.10408464  0.06903384] {'loss': [0.036246802657842636, 0.033110462129116058]}  
-0.9635521769523621 -5.506300926208496 -1.5582741498947144 [ 0.05592818  0.04134178  0.73407748  0.96476901  0.71315136  0.03341007
  0.04390953  0.06642167  0.19366439  0.25452543  0.18814367  0.06090097] {'loss': [0.033264070749282837, 0.034042496234178543]}  
-0.9510316252708435 -6.506228446960449 -1.5582741498947144 [ 0.04472554  0.24870067  0.72513188  0.95301189  0.70446077  0.04168805
  0.05478897  0.06684328  0.19489369  0.25614102  0.18933791  0.06128753] {'loss': [0.024041278287768364, 0.031665053218603134]}  
-0.938511073589325 -7.506155967712402 -1.5582741498947144 [ 0.03658032  0.24568822  0.71634854  0.94146839  0.69592766  0.05347188
  0.07027598  0.0672689   0.19613464  0.25777195  0.19054347  0.06167777] {'loss': [0.034153174608945847, 0.027853908017277718]}  
-0.9642295241355896 -8.503771781921387 -1.7499414682388306 [ 0.02960526  0.02684668  0.56668241  0.93195848  0.01114592  0.0551307
  0.09066728  0.08221908  0.15073863  0.24790274  0.22480359  0.10454028] {'loss': [0.034639071673154831, 0.023231878876686096]}  
-1.3797484636306763 -9.398436546325684 -2.2499406337738037 [ 0.08134937  0.02562182  0.20066087  0.91133151  0.66577906  0.01698602
  0.07714464  0.12302229  0.1087413   0.12917499  0.20599484  0.18208205] {'loss': [0.015433133579790592, 0.018845813348889351]}  
-2.175001621246338 -9.980788230895996 -2.749941825866699 [ 0.12823287  0.05495434  0.02344675  0.82825139  1.          0.06575088
  0.02389417  0.10028697  0.1551812   0.13368268  0.09619867  0.148855  ] {'loss': [0.035845417529344559, 0.030074985697865486]}  
-3.1083824634552 -10.339404106140137 -2.774941921234131 [ 0.09438505  0.04287919  0.02198938  1.          0.90686277  0.05596044
  0.02348547  0.11039271  0.1782793   0.15925851  0.07235116  0.10565782] {'loss': [0.03556438535451889, 0.044776838272809982]}  
-4.041919231414795 -10.697890281677246 -2.774941921234131 [ 0.07092251  0.03222013  1.          1.          0.56112743  0.03462591
  0.02754495  0.1294742   0.20909486  0.18678643  0.08485706  0.07939307] {'loss': [0.022156829014420509, 0.016867762431502342]}  
-4.975442409515381 -11.056376457214355 -2.774941921234131 [ 0.05523387  0.58150907  0.9391108   0.83891635  0.38111954  0.01513773
  0.03275568  0.15396704  0.24864978  0.22212115  0.10090962  0.06183067] {'loss': [0.022905854508280754, 0.033776011317968369]}  
-5.9193806648254395 -11.383904457092285 -2.841609239578247 [ 0.04621834  0.38351571  0.67761341  0.65042762  0.3291441   0.01665289
  0.02649519  0.1632825   0.28849534  0.27692091  0.14013372  0.04815013] {'loss': [0.020561223849654198, 0.015504839830100536]}  
-6.8747334480285645 -11.679390907287598 -2.841609239578247 [ 0.03768183  0.30317369  0.53566151  0.5141708   0.26019236  0.01897627
  0.03139764  0.1934949   0.34187603  0.32815995  0.16606285  0.03925681] {'loss': [0.0093346657231450081, 0.013850569725036621]}  
-7.8300862312316895 -11.97487735748291 -2.841609239578247 [ 0.03130913  0.24566716  0.43405676  0.41664227  0.21083868  0.02182211
  0.03779814  0.2329397   0.41156884  0.39505667  0.19991537  0.03261777] {'loss': [0.016997270286083221, 0.01360632386058569]}  
-8.785438537597656 -12.270363807678223 -2.841609239578247 [ 0.02642627  0.20309617  0.35883991  0.34444321  0.17430277  0.02535963
  0.04637567  0.28580048  0.50496601  0.48470664  0.24528202  0.02753081] {'loss': [0.015463930554687977, 0.018317298963665962]}  
-9.741375923156738 -12.56304931640625 -2.8832759857177734 [ 0.02304477  0.16021315  0.2968525   0.29531332  0.15713451  0.02935046
  0.04627982  0.33650318  0.62349349  0.62026031  0.33003709  0.04304667] {'loss': [0.024546733126044273, 0.023755839094519615]}  
-10.72356128692627 -12.749042510986328 -2.958275556564331 [ 0.02063128  0.12062821  0.25410446  0.27645521  0.16532947  0.03344412
  0.03638581  0.33038109  0.69595119  0.75716565  0.45281044  0.08724042] {'loss': [0.029158027842640877, 0.030416654422879219]}  
-11.714569091796875 -12.689116477966309 2.949911594390869 [ 0.02741105  0.01658622  0.16663484  0.2817867   0.26135131  0.02625369
  0.0443961   0.08019425  0.43040848  0.72783967  0.67505648  0.32484188] {'loss': [0.02257980965077877, 0.033546935766935349]}  
-12.696216583251953 -12.498220443725586 2.9415793418884277 [ 0.02337995  0.01457235  0.18522256  0.31321868  0.29050316  0.0328009
  0.05546762  0.06840296  0.3671205   0.62081543  0.57579235  0.27707486] {'loss': [0.01952001266181469, 0.022392928600311279]}  
-13.585505485534668 -12.05665397644043 2.441580295562744 [ 0.1920201   0.01417803  0.05079401  0.24868099  0.40750656  0.36844534
  0.04286328  0.07023889  0.06350619  0.27997289  0.45878397  0.41480729] {'loss': [0.038170430809259415, 0.040299024432897568]}  
-14.23547649383545 -11.296805381774902 2.2415802478790283 [ 0.18282573  0.04025903  0.01320735  0.28323479  0.63398663  0.71726881
  0.03357001  0.07514237  0.08501326  0.11512371  0.2576906   0.29154132] {'loss': [0.043445836752653122, 0.049317240715026855]}  
-14.856953620910645 -10.513200759887695 2.2332468032836914 [ 0.12409299  0.02732582  0.03568748  0.64113466  1.          0.00599441
  0.04068228  0.09106233  0.10302451  0.07814022  0.17490741  0.19788366] {'loss': [0.013707168400287628, 0.047205377370119095]}  
-15.2354154586792 -9.701375007629395 1.8415817022323608 [ 0.13471802  0.07124619  0.01128743  0.50940952  1.          1.
  0.00858602  0.06107826  0.11249233  0.11141404  0.07385373  0.13602183] {'loss': [0.060820367187261581, 0.055503562092781067]}  
-15.436226844787598 -8.82534408569336 1.6665807962417603 [ 0.10565095  0.07069119  0.01835339  1.          1.          1.          0.0069531
  0.04349883  0.10685301  0.12788897  0.08557069  0.08827284] {'loss': [0.059823367744684219, 0.056386664509773254]}  
-15.531842231750488 -7.829936981201172 1.6665807962417603 [ 0.07817604  1.          1.          1.          1.          1.
  0.00757126  0.04503245  0.11062034  0.13239792  0.08858763  0.06531717] {'loss': [0.073920480906963348, 0.086404800415039062]}  
-15.64262580871582 -6.938014030456543 1.7915798425674438 [ 0.05930673  1.          1.          1.          1.          0.88126169
  0.00787756  0.06379903  0.12662686  0.13232117  0.07518762  0.05675455] {'loss': [0.090492419898509979, 0.095076680183410645]}  
-15.861608505249023 -5.9622907638549805 1.7915798425674438 [ 0.04713034  1.          1.          1.          1.          0.48738192
  0.00862619  0.0693447   0.13763379  0.14382307  0.08172324  0.04510216] {'loss': [0.060619037598371506, 0.059458557516336441]}  
-16.05870819091797 -5.084139823913574 1.7915798425674438 [ 0.03911464  1.          1.          1.          1.          0.32177911
  0.00939511  0.07497858  0.14881577  0.15550789  0.0883628   0.03743138] {'loss': [0.057497400790452957, 0.062308471649885178]}  
-16.255844116210938 -4.205988883972168 1.7915798425674438 [ 0.0329826   1.          1.          1.          1.          0.22818812
  0.01027162  0.08132929  0.16142056  0.16867949  0.09584715  0.03156324] {'loss': [0.045271981507539749, 0.046545445919036865]}  
-16.296001434326172 -4.043368339538574 1.7915798425674438 [ 0.03172209  1.          1.          1.          1.          0.21178159
  0.01050094  0.08297865  0.16469415  0.17210028  0.09779094  0.03035698] {'loss': [0.05718892440199852, 0.048935670405626297]}  
-16.296001434326172 -4.043368339538574 1.7915798425674438 [ 0.03172209  1.          1.          1.          1.          0.21178159
  0.01050094  0.08297865  0.16469415  0.17210028  0.09779094  0.03035698] {'loss': [0.042973611503839493, 0.037253379821777344]}  
-16.296001434326172 -4.043368339538574 1.7915798425674438 [ 0.03172209  1.          1.          1.          1.          0.21178159
  0.01050094  0.08297865  0.16469415  0.17210028  0.09779094  0.03035698] {'loss': [0.040572065860033035, 0.064994178712368011]}  
-16.296001434326172 -4.043368339538574 1.7915798425674438 [ 0.03172209  1.          1.          1.          1.          0.21178159
  0.01050094  0.08297865  0.16469415  0.17210028  0.09779094  0.03035698] {'loss': [0.037653189152479172, 0.044579390436410904]}  
-16.296001434326172 -4.043368339538574 1.7915798425674438 [ 0.03172209  1.          1.          1.          1.          0.21178159
  0.01050094  0.08297865  0.16469415  0.17210028  0.09779094  0.03035698] {'loss': [0.031093865633010864, 0.044791381806135178]}  
-16.296001434326172 -4.043368339538574 1.7915798425674438 [ 0.03172209  1.          1.          1.          1.          0.21178159
  0.01050094  0.08297865  0.16469415  0.17210028  0.09779094  0.03035698] {'loss': [0.050156954675912857, 0.03209429606795311]}  
-16.296001434326172 -4.043368339538574 1.7915798425674438 [ 0.03172209  1.          1.          1.          1.          0.21178159
  0.01050094  0.08297865  0.16469415  0.17210028  0.09779094  0.03035698] {'loss': [0.044202294200658798, 0.029265252873301506]}  
-16.296001434326172 -4.043368339538574 1.7915798425674438 [ 0.03172209  1.          1.          1.          1.          0.21178159
  0.01050094  0.08297865  0.16469415  0.17210028  0.09779094  0.03035698] {'loss': [0.026717221364378929, 0.037281028926372528]}  
-16.296001434326172 -4.043368339538574 1.7915798425674438 [ 0.03172209  1.          1.          1.          1.          0.21178159
  0.01050094  0.08297865  0.16469415  0.17210028  0.09779094  0.03035698] {'loss': [0.025485284626483917, 0.039779245853424072]}  
