2.902122735977173 3.5540730953216553 3.100706100463867 0.907291278322   
2.902122735977173 3.5540730953216553 3.1007065773010254 0.907291278322   
2.902122735977173 3.5540730953216553 3.1007070541381836 0.907291278322   
2.902122735977173 3.5540730953216553 3.100707769393921 0.907291278322   
2.902122735977173 3.5540730953216553 3.100708246231079 0.907291278322   
2.902122735977173 3.5540730953216553 3.1007087230682373 0.907291278322   
2.902122735977173 3.5540730953216553 3.1007091999053955 0.907291278322   
2.902122735977173 3.5540730953216553 3.1007096767425537 0.907291278322   
2.902122735977173 3.5540730953216553 3.100710153579712 0.907291278322   
2.902122735977173 3.5540730953216553 3.10071063041687 0.907291278322   
2.902122735977173 3.5540730953216553 3.100710868835449 0.907291278322   
2.902122735977173 3.5540730953216553 3.1007111072540283 0.907291278322   
2.902122735977173 3.5540730953216553 3.1007113456726074 0.907291278322   
2.902122735977173 3.5540730953216553 3.1007115840911865 0.907291278322   
2.902122735977173 3.5540730953216553 3.1007118225097656 0.907291278322   
2.902122735977173 3.5540730953216553 3.1007120609283447 0.907291278322   
2.902122735977173 3.5540730953216553 3.1007120609283447 0.907291278322   
2.902122735977173 3.5540730953216553 3.100712299346924 0.907291278322   
2.902122735977173 3.5540730953216553 3.100712776184082 0.907291278322   
2.902122735977173 3.5540730953216553 3.1007132530212402 0.907291278322   
2.902122735977173 3.5540730953216553 3.1007137298583984 0.907291278322   
2.902122735977173 3.5540730953216553 3.1007142066955566 0.907291278322   
2.902122735977173 3.5540730953216553 3.100714921951294 0.907291278322   
2.569418430328369 3.539236545562744 -3.024136543273926 0.151931088803   
2.0719666481018066 3.502142906188965 3.1090493202209473 0.918576464343   
1.5797725915908813 3.5865349769592285 2.8590500354766846 0.55700072674   
1.1227447986602783 3.7899043560028076 2.6090505123138428 0.753907581742   
0.7283397912979126 4.098104000091553 2.3923847675323486 0.609043617246   
0.36222541332244873 4.4386372566223145 2.3923847675323486 0.551023536483   
-0.0038889627903699875 4.779170513153076 2.3923847675323486 0.490783091354   
-0.38221412897109985 5.1034674644470215 2.5257182121276855 0.364493147791   
-0.8110606074333191 5.359059810638428 2.6173856258392334 0.219374010748   
-1.2469054460525513 5.602605819702148 2.692385673522949 0.5273521896   
-1.719614863395691 5.759338855743408 2.892385721206665 0.194162777454   
-2.204169988632202 5.882663249969482 2.892385721206665 0.370850876994   
-2.6887271404266357 6.005987644195557 2.892385721206665 0.359171848974   
-3.1732842922210693 6.129312038421631 2.892385721206665 0.78356926779   
-3.657841444015503 6.252636432647705 2.892385721206665 0.619991231122   
-4.14580774307251 6.3574676513671875 3.0173861980438232 0.797591334035   
-4.545062065124512 6.3635430335998535 -3.015798807144165 0.0693910749933   
-4.545062065124512 6.3635430335998535 -2.765798568725586 0.0693910749933   
-4.814615249633789 6.188109874725342 -2.515798807144165 0.48733022261   
-5.177817344665527 5.843356132507324 -2.2657992839813232 0.499358364197   
-5.445181846618652 5.420169353485107 -2.0157999992370605 0.610819155778   
-5.600083351135254 4.9448628425598145 -1.7657980918884277 0.912336817218   
-5.632890701293945 4.446987152099609 -1.5157984495162964 0.416092786713   
-5.541565418243408 3.9574978351593018 -1.265796422958374 0.309991901203   
-5.3324995040893555 3.5061135292053223 -1.040795087814331 0.0321194712914   
-5.089259147644043 3.068734645843506 -1.1407946348190308 0.401564587424   
-4.941484451293945 2.591216802597046 -1.390792965888977 0.230338812597   
-4.916142463684082 2.0929665565490723 -1.6407934427261353 0.94672931715   
-5.005956649780273 1.602148175239563 -1.7991260290145874 0.466058246004   
-5.119138717651367 1.1151269674301147 -1.7991260290145874 0.435752703133   
-5.232320785522461 0.6281043887138367 -1.7991260290145874 0.213155939374   
-5.345502853393555 0.14108139276504517 -1.7991260290145874 0.349703427587   
-5.458684921264648 -0.34594157338142395 -1.7991260290145874 0.634970968765   
-5.571866989135742 -0.8329645395278931 -1.7991260290145874 0.649581463872   
-5.685049057006836 -1.319986343383789 -1.7991260290145874 0.822791284063   
-5.794424533843994 -1.808024287223816 -1.7407917976379395 0.299569900047   
-5.822412967681885 -2.3067243099212646 -1.5741260051727295 0.496128501489   
-5.809506893157959 -2.806061267852783 -1.457459807395935 0.645195307364   
-5.689752101898193 -3.289154529571533 -1.2074579000473022 0.196346657505   
-5.489476680755615 -3.7464137077331543 -1.099123239517212 0.500114912895   
-5.219188690185547 -4.165462493896484 -0.9657903909683228 0.252454264668   
-4.919784069061279 -4.563795566558838 -0.8324565291404724 0.0588307240416   
-4.53941535949707 -4.883256435394287 -0.5824565291404724 0.169926675491   
-4.120301723480225 -5.155008316040039 -0.5324568748474121 0.46472114832   
-3.67155385017395 -5.373917579650879 -0.4407898485660553 0.326163173513   
-3.2168312072753906 -5.580249309539795 -0.3657900393009186 0.151968914011   
-2.734811305999756 -5.70947265625 -0.2324555218219757 0.798052589728   
-2.248258590698242 -5.824657440185547 -0.23245541751384735 0.53872534581   
-1.7617058753967285 -5.939842224121094 -0.23245541751384735 0.875189614648   
-1.2751531600952148 -6.055027008056641 -0.23245541751384735 0.351927958222   
-0.7886004447937012 -6.1702117919921875 -0.23245541751384735 0.407909132699   
-0.30204811692237854 -6.285396575927734 -0.23245541751384735 0.186555498811   
0.188777893781662 -6.374629020690918 -0.08245505392551422 0.448225661513   
0.6880401372909546 -6.359756946563721 0.06754520535469055 0.987431247401   
1.1800514459609985 -6.274128437042236 0.28421226143836975 0.342365287333   
1.7517595291137695 -6.092078685760498 0.3008789122104645 0.897671154883   
2.243126153945923 -6.010963439941406 0.0508793480694294 0.251227684585   
2.7430474758148193 -6.014554023742676 0.00921306386590004 0.152498509328   
3.23698091506958 -5.941650390625 0.25921374559402466 0.845477001967   
3.698540687561035 -5.748959064483643 0.5092132687568665 0.566436507373   
4.09902811050415 -5.448458671569824 0.7592130899429321 0.45905297829   
4.413544178009033 -5.058834552764893 1.0092123746871948 0.537635477905   
4.622533798217773 -4.604310989379883 1.2592113018035889 0.993378251178   
4.764267444610596 -4.124743461608887 1.2842117547988892 0.466706379787   
4.905601978302002 -3.6451358795166016 1.2842117547988892 0.771149940109   
5.046936511993408 -3.1655282974243164 1.2842117547988892 0.153329549006   
5.1882710456848145 -2.6859207153320312 1.2842117547988892 0.441222744415   
5.329605579376221 -2.206313133239746 1.2842117547988892 0.128832943049   
5.470940113067627 -1.726705551147461 1.2842117547988892 0.576084291656   
5.612274646759033 -1.2470979690551758 1.2842117547988892 0.529502421689   
5.7536091804504395 -0.7674903869628906 1.2842117547988892 0.810292774097   
5.894943714141846 -0.28788280487060547 1.2842117547988892 0.682498653322   
6.036278247833252 0.1917247474193573 1.2842117547988892 0.56414828279   
6.163476943969727 0.6753492951393127 1.4008771181106567 0.356008945429   
6.1837944984436035 1.1737875938415527 1.6508771181106567 0.534425121471   
6.080202579498291 1.6607297658920288 1.9008760452270508 0.74197245565   
5.859143257141113 2.105900287628174 2.150876760482788 0.43291438886   
5.534358024597168 2.4816205501556396 2.400876998901367 0.306641418528   
5.12604284286499 2.7645301818847656 2.6508774757385254 0.534029978588   
4.659584045410156 2.9370386600494385 2.9008777141571045 0.232923969731   
4.163982391357422 2.988419771194458 -3.1323068141937256 0.570066169255   
3.6700549125671387 2.9154810905456543 -2.8823063373565674 0.656162642989   
3.2085092067718506 2.7227556705474854 -2.6323070526123047 0.226664484122   
2.8080434799194336 2.422226905822754 -2.382307767868042 0.0733955076733   
2.461547613143921 2.061300039291382 -2.332307815551758 0.0828639784657   
2.116536855697632 1.699402093887329 -2.332307815551758 0.0981907923672   
1.7715284824371338 1.3375041484832764 -2.332307815551758 0.118296231032   
1.4265213012695312 0.975606381893158 -2.332307815551758 0.142685567569   
1.0815141201019287 0.6137102246284485 -2.332307815551758 0.17076305348   
0.7365055680274963 0.25181344151496887 -2.332307815551758 0.201861329437   
0.3914968967437744 -0.11008357256650925 -2.332307815551758 0.235239547045   
0.046488821506500244 -0.47198060154914856 -2.332307815551758 0.27010722481   
-0.2985192835330963 -0.8338768482208252 -2.332307815551758 0.305638039637   
-0.6435277462005615 -1.195773959159851 -2.332307815551758 0.34100020725   
-0.9885367155075073 -1.5576719045639038 -2.332307815551758 0.375360672829   
-1.3335438966751099 -1.9195698499679565 -2.332307815551758 0.40790879599   
-1.6785510778427124 -2.2814676761627197 -2.332307815551758 0.437874201705   
-2.0235586166381836 -2.6433656215667725 -2.332307815551758 0.464547708233   
-2.3685693740844727 -3.005263566970825 -2.332307815551758 0.487293435709   
-2.7135801315307617 -3.367161512374878 -2.332307815551758 0.505567105339   
-3.0866892337799072 -3.6957194805145264 -2.532308578491211 0.436489110646   
-3.52900767326355 -3.9223666191101074 -2.782308578491211 0.0168469472328   
-4.014561176300049 -4.032065391540527 -3.032308578491211 0.587705019573   
-4.513164043426514 -4.017996311187744 3.0008773803710938 0.661854052926   
-4.993812084197998 -3.8810338973999023 2.750877618789673 0.0286478090197   
-5.426619052886963 -3.6296966075897217 2.5008773803710938 0.311793219663   
-5.7846832275390625 -3.279604911804199 2.2508785724639893 0.328795610478   
-6.046487808227539 -2.8531227111816406 2.025876522064209 0.0203763264321   
-6.266257286071777 -2.4040064811706543 2.025876522064209 0.276124318039   
-6.486026763916016 -1.9548907279968262 2.025876522064209 0.517093737237   
-6.705796241760254 -1.5057780742645264 2.025876522064209 0.15576939872   
-6.924310207366943 -1.0557783842086792 1.9925425052642822 0.420383462599   
-7.068145751953125 -0.5770893096923828 1.7425416707992554 0.695958142572   
-7.08937406539917 -0.0786813497543335 1.4925423860549927 0.882536115862   
-6.986673831939697 0.4084567129611969 1.2425414323806763 0.21001298914   
-6.785213470458984 0.8651646971702576 1.1342084407806396 0.421476179864   
-6.5347208976745605 1.294986605644226 0.9425404667854309 0.536195733976   
-6.2309160232543945 1.6904782056808472 0.8342068791389465 0.390847532284   
-5.851112365722656 2.0104916095733643 0.5842057466506958 0.482803931294   
-5.4098896980285645 2.243216037750244 0.4592055678367615 0.338028158532   
-4.961681842803955 2.4648308753967285 0.4592055678367615 0.00425598330747   
-4.513473987579346 2.686445713043213 0.4592055678367615 0.40823216054   
-4.065266132354736 2.9080605506896973 0.4592055678367615 0.473274430786   
-3.6170644760131836 3.1296753883361816 0.4592055678367615 0.158200827364   
-3.1688637733459473 3.351290225982666 0.4592055678367615 0.558019036894   
-2.7154908180236816 3.5595896244049072 0.35087206959724426 0.747654706674   
-2.2320268154144287 3.683767795562744 0.225871741771698 0.588886729793   
-1.7447283267974854 3.795748233795166 0.225871741771698 0.807140222209   
-1.2574281692504883 3.907728672027588 0.225871741771698 0.421623207369   
-0.7701280117034912 4.01970911026001 0.225871741771698 0.30598250155   
-0.28282827138900757 4.131689548492432 0.225871741771698 0.299196110028   
0.2044713944196701 4.2436699867248535 0.225871741771698 0.379909685895   
0.6917710304260254 4.355650424957275 0.225871741771698 0.792850746339   
1.1856118440628052 4.423087120056152 0.02587226778268814 0.491836848299   
1.6816537380218506 4.3675360679626465 -0.224126935005188 0.322825406054   
2.160811424255371 4.223932266235352 -0.29912689328193665 0.962342644288   
2.6284496784210205 4.046576499938965 -0.46579331159591675 0.52825878277   
3.0538461208343506 3.782874345779419 -0.5741267800331116 0.601202074944   
3.473679780960083 3.5113203525543213 -0.5741267800331116 0.896969743829   
3.8935134410858154 3.2397663593292236 -0.5741267800331116 0.947124537589   
4.288420677185059 2.932188034057617 -0.7741262316703796 0.801385094142   
4.629530906677246 2.5661675930023193 -0.8241259455680847 0.849320395832   
4.969134330749512 2.1991913318634033 -0.8241259455680847 0.893762078777   
5.308737754821777 1.8322150707244873 -0.8241259455680847 0.927460412616   
5.648341178894043 1.4652388095855713 -0.8241259455680847 0.948315817782   
5.975240707397461 1.0860875844955444 -0.9491255879402161 0.949639782465   
6.211044788360596 0.644707441329956 -1.1991239786148071 0.549084793806   
6.3308000564575195 0.1596183478832245 -1.449121117591858 0.571296822837   
6.356204509735107 -0.3397047519683838 -1.5324549674987793 0.0109845715083   
6.375373363494873 -0.8393377065658569 -1.5324549674987793 0.69872464437   
6.394542217254639 -1.3389694690704346 -1.5324549674987793 0.880093228103   
6.413711071014404 -1.8386006355285645 -1.5324549674987793 0.111721564824   
6.428991794586182 -2.3383073806762695 -1.5907882452011108 0.359856404017   
6.360980033874512 -2.8325326442718506 -1.7657884359359741 0.996125964412   
6.26125431060791 -3.322222948074341 -1.8157883882522583 0.402250395385   
6.078985214233398 -3.7848870754241943 -2.0657849311828613 0.740776655453   
5.787538051605225 -4.1871185302734375 -2.3157849311828613 0.702866269462   
5.405033588409424 -4.503908157348633 -2.565786123275757 0.714690251443   
4.955254077911377 -4.715560436248779 -2.815786361694336 0.224966049397   
4.478993892669678 -4.86768102645874 -2.8324532508850098 0.345861667076   
4.00269079208374 -5.019801616668701 -2.8324532508850098 0.25058927037   
3.526394844055176 -5.171922206878662 -2.8324532508850098 0.342363345731   
3.0500988960266113 -5.324042797088623 -2.8324532508850098 0.671483437708   
2.573802947998047 -5.476163387298584 -2.8324532508850098 0.539657515292   
2.0975069999694824 -5.628283977508545 -2.8324532508850098 0.95735333142   
1.6091506481170654 -5.72921895980835 -2.990786075592041 0.442123189285   
1.1148266792297363 -5.804335117340088 -2.9907853603363037 0.346848079341   
0.6205012798309326 -5.879451274871826 -2.9907851219177246 0.389206595013   
0.12617620825767517 -5.9545674324035645 -2.9907851219177246 0.318433096778   
-0.3681487739086151 -6.029683589935303 -2.9907851219177246 0.994631134546   
-0.862665593624115 -6.102736473083496 -3.024118423461914 0.425084624579   
-1.3614866733551025 -6.094821453094482 3.042400598526001 0.150385028763   
-1.8590292930603027 -6.045311450958252 3.04240083694458 0.846308961425   
-2.356569290161133 -5.9958014488220215 3.04240083694458 0.726652360779   
-2.8541083335876465 -5.946291446685791 3.04240083694458 0.112058329565   
-3.35164737701416 -5.8967814445495605 3.04240083694458 0.525947526456   
-3.843332290649414 -5.806210994720459 2.934067726135254 0.353971827662   
-4.330815315246582 -5.694285869598389 2.8507347106933594 0.865679781479   
-4.789742469787598 -5.495222091674805 2.684067964553833 0.501881394797   
-5.2383222579956055 -5.274351119995117 2.684067964553833 0.873177379567   
-5.681782245635986 -5.042366027832031 2.5840680599212646 0.864110066647   
-6.067451000213623 -4.722995758056641 2.334068775177002 0.7262022913   
-6.362909317016602 -4.318794250488281 2.0840697288513184 0.907403477313   
-6.561726093292236 -3.8596324920654297 1.9424030780792236 0.540531902485   
-6.743286609649658 -3.3937578201293945 1.9424030780792236 0.373047409089   
-6.92484712600708 -2.9278831481933594 1.9424030780792236 0.554884048874   
-7.106407642364502 -2.462008476257324 1.9424030780792236 0.0160961099645   
-7.274181365966797 -1.9907591342926025 1.8257348537445068 0.477410242225   
-7.336738109588623 -1.49549400806427 1.5757354497909546 0.260273777383   
-7.2749457359313965 -1.001168966293335 1.3257343769073486 0.554983588155   
-7.097139835357666 -0.5357741117477417 1.1424005031585693 0.519909660523   
-6.906946182250977 -0.07308418303728104 1.275733232498169 0.50246125471   
-6.81204080581665 0.4177931249141693 1.41739821434021 0.813356394152   
-6.735637187957764 0.9119221568107605 1.41739821434021 0.616285001741   
-6.659233570098877 1.4060497283935547 1.41739821434021 0.0949604067365   
-6.58282995223999 1.900177001953125 1.41739821434021 0.555344578184   
-6.5064263343811035 2.3943042755126953 1.41739821434021 0.356223542654   
-6.406172275543213 2.8835463523864746 1.3340651988983154 0.934077466885   
-6.288913249969482 3.369598388671875 1.3340651988983154 0.516061417594   
-6.171654224395752 3.8556504249572754 1.3340651988983154 0.60817307995   
-6.0543951988220215 4.341707706451416 1.3340651988983154 0.171623253897   
-5.937136173248291 4.8277668952941895 1.3340651988983154 0.352260582415   
-5.817859649658203 5.3130903244018555 1.2923986911773682 0.386179678868   
-5.620187759399414 5.769279479980469 1.0423978567123413 0.781081585206   
-5.315385818481445 6.161438465118408 0.7923973202705383 0.658927173998   
-4.922405242919922 6.46518611907959 0.5423965454101562 0.830817058939   
-4.465681076049805 6.661634922027588 0.2923961281776428 0.638635274251   
-3.9736101627349854 6.738572597503662 0.042396705597639084 0.884310125823   
-3.4738306999206543 6.726166248321533 -0.03260284289717674 0.0879674132689   
-2.9753339290618896 6.691461086273193 -0.14926902949810028 0.355384452278   
-2.4808919429779053 6.617103099822998 -0.14926902949810028 0.772619338891   
-1.9864500761032104 6.542745113372803 -0.14926902949810028 0.513866582774   
-1.4920116662979126 6.468387126922607 -0.14926902949810028 0.765307866538   
-0.99757319688797 6.394029140472412 -0.14926902949810028 0.0866154578381   
-0.5031329989433289 6.319671154022217 -0.14926902949810028 0.391152345194   
-0.008692856878042221 6.2453131675720215 -0.14926902949810028 0.70346782096   
0.4857472777366638 6.170955181121826 -0.14926902949810028 0.546519043464   
0.9770032167434692 6.078076362609863 -0.2742687165737152 0.817177073155   
1.4356669187545776 5.878481388092041 -0.5242689847946167 0.350533185968   
1.8316352367401123 5.572023391723633 -0.7742683291435242 0.213489035591   
2.1491539478302 5.184987545013428 -0.9242683053016663 0.292026888412   
2.4125478267669678 4.759506702423096 -1.1325997114181519 0.579586557968   
2.6006312370300293 4.295950412750244 -1.1909327507019043 0.28260541499   
2.7860255241394043 3.831592082977295 -1.1909327507019043 0.11553431836   
2.9319632053375244 3.3532824516296387 -1.315932273864746 0.467921581042   
3.0580198764801025 2.8694334030151367 -1.315932273864746 0.305505659464   
3.1840765476226807 2.3855843544006348 -1.315932273864746 0.837241512311   
3.310133218765259 1.9017353057861328 -1.315932273864746 0.592488111358   
3.436189889907837 1.4178862571716309 -1.315932273864746 0.796642768297   
3.562246561050415 0.9340372085571289 -1.315932273864746 0.294454937723   
3.688303232192993 0.45018815994262695 -1.315932273864746 0.412132447424   
3.8143599033355713 -0.03366081416606903 -1.315932273864746 0.14158152086   
3.9404165744781494 -0.5175098180770874 -1.315932273864746 0.556097536856   
4.054136276245117 -1.0044630765914917 -1.4242640733718872 0.572163626923   
4.062796592712402 -1.5031428337097168 -1.6742645502090454 0.467729147573   
3.961846351623535 -1.9920035600662231 -1.8075969219207764 0.341163701052   
3.7833855152130127 -2.456176519393921 -2.0575945377349854 0.765600883667   
3.497485399246216 -2.8633360862731934 -2.2575950622558594 0.945823426126   
3.180455446243286 -3.2499747276306152 -2.2575950622558594 0.924337750922   
2.8552932739257812 -3.628242015838623 -2.3575947284698486 0.852863881717   
2.4597487449645996 -3.928656578063965 -2.607595205307007 0.971869214953   
2.0125372409820557 -4.150885581970215 -2.6909286975860596 0.672944188066   
1.5598864555358887 -4.361698150634766 -2.7659287452697754 0.581075123247   
1.0802541971206665 -4.500122547149658 -2.8825957775115967 0.798016595516   
0.5969308614730835 -4.6281819343566895 -2.8825957775115967 0.231114122093   
0.11269006133079529 -4.751379013061523 -2.9409289360046387 0.429209845361   
-0.38473623991012573 -4.782857418060303 3.092256784439087 0.493131531032   
-0.8810895085334778 -4.721827983856201 2.975590944290161 0.490348422884   
-1.3624978065490723 -4.586489200592041 2.8339245319366455 0.0620574513227   
-1.8390190601348877 -4.435069561004639 2.8339245319366455 0.529112376157   
-2.315537929534912 -4.283649921417236 2.8339245319366455 0.443100247401   
-2.785712480545044 -4.114032745361328 2.808924674987793 0.662665669568   
-3.2741212844848633 -4.01732063293457 3.058925151824951 0.670202403404   
-3.772282123565674 -4.044651985168457 -2.974259376525879 0.556716313699   
-4.249221324920654 -4.194328784942627 -2.724259376525879 0.940252679557   
-4.677016735076904 -4.453923225402832 -2.524259328842163 0.594143054381   
-5.1099162101745605 -4.6984171867370605 -2.7409260272979736 0.424822225508   
-5.590348720550537 -4.828147888183594 -2.9909257888793945 0.657495531661   
-6.08893346786499 -4.834714889526367 3.042259931564331 0.312071845176   
-6.383881568908691 -4.78330135345459 2.7922606468200684 0.509069420747   
-6.718358516693115 -4.5877180099487305 2.5422606468200684 0.992415585594   
-7.090475559234619 -4.252620697021484 2.2922611236572266 0.998862071542   
-7.368884086608887 -3.836562395095825 2.042262554168701 0.854809540235   
-7.536274433135986 -3.365415573120117 1.7922619581222534 0.497637318455   
-7.58223819732666 -2.868471622467041 1.5422621965408325 0.365321097286   
-7.503918170928955 -2.3766298294067383 1.2922587394714355 0.755288178016   
-7.30618143081665 -1.9204695224761963 1.042258620262146 0.547598051064   
-7.00132417678833 -1.5283533334732056 0.7922581434249878 0.704680701866   
-6.609041690826416 -1.2228965759277344 0.5755913853645325 0.535691099498   
-6.195810317993164 -0.9405056834220886 0.6755914688110352 0.504385312734   
-5.805638313293457 -0.6278262734413147 0.6755914688110352 0.625312739489   
-5.406816482543945 -0.328582763671875 0.5589247345924377 0.826397681531   
-4.976619243621826 -0.07400564104318619 0.5339246988296509 0.89088046248   
-4.546206951141357 0.18045222759246826 0.5339246988296509 0.513008140247   
-4.115794658660889 0.4349099397659302 0.5339246988296509 0.35998860351   
-3.6864748001098633 0.6918509006500244 0.5755913257598877 0.639692703521   
-3.306478977203369 1.0178053379058838 0.8172580599784851 0.727329138915   
-2.964365005493164 1.3824427127838135 0.8172580599784851 0.68953249017   
-2.622251033782959 1.7470800876617432 0.8172580599784851 0.645231926337   
-2.280137062072754 2.111717462539673 0.8172580599784851 0.596051683244   
-1.9380238056182861 2.4763548374176025 0.8172580599784851 0.543806793388   
-1.5959134101867676 2.8409922122955322 0.8172580599784851 0.490427587589   
-1.253803014755249 3.205629587173462 0.8172580599784851 0.437911717211   
-0.9089125990867615 3.566760778427124 0.7589248418807983 0.399096352714   
-0.5058777332305908 3.8571012020111084 0.5089240670204163 0.605062133637   
-0.042707331478595734 4.038099765777588 0.25892338156700134 0.358799009011   
0.4518006443977356 4.09850549697876 0.0089240912348032 0.42710547058   
0.9515601396560669 4.082973003387451 -0.03274193033576012 0.475339834462   
1.4498100280761719 4.045438766479492 -0.16607458889484406 0.384510723246   
1.9269325733184814 3.896360158920288 -0.4160742163658142 0.592530930423   
2.364835739135742 3.654087781906128 -0.5244075655937195 0.356651975706   
2.7799832820892334 3.3744916915893555 -0.6994067430496216 0.539065434197   
3.1451423168182373 3.03238844871521 -0.7577396631240845 0.590078210509   
3.5083348751068115 2.688650369644165 -0.7577396631240845 0.635581662622   
3.82853627204895 2.3038523197174072 -0.9327394366264343 0.506488623231   
4.126354217529297 1.9022228717803955 -0.9327394366264343 0.410005900525   
4.424172401428223 1.500596046447754 -0.9327394366264343 0.509493825808   
4.721990585327148 1.0989692211151123 -0.9327394366264343 0.737875551624   
5.019808769226074 0.6973423957824707 -0.9327394366264343 0.925453145048   
5.311362266540527 0.29049450159072876 -1.0160731077194214 0.922327328153   
5.530774116516113 -0.159272700548172 -1.1494057178497314 0.528107299634   
5.698461532592773 -0.6308382153511047 -1.291071891784668 0.871177893332   
5.802118301391602 -1.120136022567749 -1.3744049072265625 0.342600933176   
5.899679183959961 -1.6105260848999023 -1.3744049072265625 0.535287068674   
5.974588394165039 -2.1045713424682617 -1.4994052648544312 0.048989100643   
6.007339954376221 -2.6034939289093018 -1.5494048595428467 0.723922519382   
5.985127925872803 -3.1028518676757812 -1.6410713195800781 0.847369047751   
5.88632345199585 -3.5908262729644775 -1.891070008277893 0.332887571091   
5.696576118469238 -4.0517191886901855 -2.0577354431152344 0.409808238678   
5.408394813537598 -4.456310749053955 -2.307737350463867 0.584537804986   
5.062796592712402 -4.816525936126709 -2.3910703659057617 0.592430900989   
4.657308578491211 -5.10344934463501 -2.64107084274292 0.375367772106   
4.210769176483154 -5.326292991638184 -2.749403953552246 0.0334839891812   
3.7304039001464844 -5.459442138671875 -2.9244041442871094 0.513630940863   
3.2421488761901855 -5.567188262939453 -2.9244041442871094 0.218950935095   
2.7538938522338867 -5.674934387207031 -2.9244041442871094 0.879892553774   
2.265638828277588 -5.782680511474609 -2.9244041442871094 0.581896884745   
1.7773544788360596 -5.890018939971924 -2.932737350463867 0.699164965068   
1.2815990447998047 -5.951900959014893 -3.0327370166778564 0.350924055824   
0.7845579385757446 -6.0062174797058105 -3.0327370166778564 0.113276401154   
0.287517786026001 -6.0605340003967285 -3.0327370166778564 0.889659038728   
-0.2095227837562561 -6.1148505210876465 -3.0327370166778564 0.595347153014   
-0.7088449597358704 -6.129537582397461 -3.1410698890686035 0.214985452657   
-1.2086260318756104 -6.120636940002441 3.0587825775146484 0.585831876034   
-1.7061675786972046 -6.07098388671875 3.042116165161133 0.879099119888   
-2.2036943435668945 -6.021330833435059 3.042116641998291 0.116954824962   
-2.701219081878662 -5.971677780151367 3.042117118835449 0.323970856463   
-3.1987438201904297 -5.922024726867676 3.0421173572540283 0.818344063708   
-3.6962685585021973 -5.872371673583984 3.0421173572540283 0.475121993724   
-4.19318151473999 -5.816519260406494 2.9754507541656494 0.604730775207   
-4.670295238494873 -5.667408466339111 2.7254509925842285 0.0835912549464   
-5.096667289733887 -5.405198097229004 2.4754509925842285 0.385327593505   
-5.445789813995361 -5.046187877655029 2.2254509925842285 0.365271442892   
-5.695956230163574 -4.6127028465271 1.9754523038864136 0.0181651185878   
-5.854593276977539 -4.138230323791504 1.8754520416259766 0.473710892473   
-6.004582405090332 -3.6612548828125 1.8754520416259766 0.258441531445   
-6.1384758949279785 -3.179471731185913 1.7504496574401855 0.750946949226   
-6.22782564163208 -2.687518835067749 1.7504496574401855 0.535898640337   
-6.317175388336182 -2.195565938949585 1.7504496574401855 0.853059592466   
-6.406525135040283 -1.703613042831421 1.7504496574401855 0.102352785274   
-6.472374439239502 -1.2080508470535278 1.675449252128601 0.410332795826   
-6.52460241317749 -0.7107871770858765 1.675449252128601 0.620650998061   
-6.5768303871154785 -0.21352297067642212 1.675449252128601 0.534583535609   
-6.597871780395508 0.2854689955711365 1.5504499673843384 0.661986277363   
-6.587700843811035 0.7853651642799377 1.5504499673843384 0.379523027681   
-6.5775299072265625 1.2852610349655151 1.5504499673843384 0.455889185612   
-6.56735897064209 1.7851568460464478 1.5504499673843384 0.566998776302   
-6.554274082183838 2.284893751144409 1.5004501342773438 0.498524290768   
-6.455434799194336 2.7728607654571533 1.2504475116729736 0.824944784649   
-6.238735198974609 3.2201976776123047 1.0004479885101318 0.330289282846   
-5.9176483154296875 3.599091053009033 0.750446617603302 0.233911926016   
-5.52008581161499 3.899972438812256 0.6171127557754517 0.366450391516   
-5.0947465896606445 4.159322738647461 0.4754459857940674 0.622412479278   
-4.645581245422363 4.376748085021973 0.3754456341266632 0.298503126076   
-4.165915489196777 4.515061855316162 0.2587788999080658 0.241614224123   
-3.6825647354125977 4.643006801605225 0.2587788999080658 0.351523017067   
-3.1971542835235596 4.7603936195373535 0.16711246967315674 0.591638180552   
-2.7017440795898438 4.827496528625488 0.13377927243709564 0.578304411895   
-2.2062149047851562 4.894186973571777 0.13377927243709564 0.816562094391   
-1.7106835842132568 4.960877418518066 0.13377927243709564 0.0696063957473   
-1.2151508331298828 5.0275678634643555 0.13377927243709564 0.412129878601   
-0.7196180820465088 5.0942583084106445 0.13377927243709564 0.677623174087   
-0.22408536076545715 5.160948753356934 0.13377927243709564 0.545465551934   
0.271447092294693 5.227639198303223 0.13377927243709564 0.77100366789   
0.7669798135757446 5.294329643249512 0.13377927243709564 0.0717674488176   
1.2625125646591187 5.361020088195801 0.13377927243709564 0.408214785813   
1.7580453157424927 5.42771053314209 0.13377927243709564 0.75917051622   
2.2535762786865234 5.494400978088379 0.13377927243709564 0.508909995556   
2.752234697341919 5.496701717376709 -0.10788702219724655 0.523732761602   
3.243980884552002 5.4052414894104 -0.21621963381767273 0.798336448063   
3.7132303714752197 5.232497215270996 -0.4662192165851593 0.481436762095   
4.126119613647461 4.949379920959473 -0.7162185311317444 0.726586737225   
4.465467929840088 4.581308841705322 -0.8662182092666626 0.663552149842   
4.776176929473877 4.188808917999268 -0.9912179708480835 0.480740358776   
5.030543327331543 3.7580158710479736 -1.0412178039550781 0.363175048772   
5.2642998695373535 3.315584897994995 -1.182883620262146 0.691587395273   
5.438523292541504 2.846536874771118 -1.2662160396575928 0.282701571158   
5.525554656982422 2.354780912399292 -1.5162137746810913 0.429323664354   
5.548671722412109 1.8553167581558228 -1.5245471000671387 0.316805161991   
5.568873405456543 1.3557515144348145 -1.574546456336975 0.777310633384   
5.502782344818115 0.8620178699493408 -1.8245458602905273 0.512035772304   
5.3164544105529785 0.4010024964809418 -2.0745456218719482 0.957185672791   
5.0214738845825195 0.0013694046065211296 -2.3245460987091064 0.923574885954   
4.639871597290039 -0.3186131715774536 -2.491213321685791 0.951698491525   
4.28518009185791 -0.6721214652061462 -2.24121356010437 0.951513145275   
3.9809865951538086 -1.0690255165100098 -2.2245469093322754 0.863409001014   
3.6905500888824463 -1.4767118692398071 -2.0995469093322754 0.606626558021   
3.4641973972320557 -1.9229285717010498 -2.032879590988159 0.415026499565   
3.24128794670105 -2.370492696762085 -2.032879590988159 0.753285136642   
3.066953182220459 -2.8390920162200928 -1.8078778982162476 0.259942703348   
2.971914768218994 -3.3300905227661133 -1.7578778266906738 0.44955802975   
2.8455028533935547 -3.8125483989715576 -1.8912103176116943 0.13250259832   
2.6880249977111816 -4.287103652954102 -1.8912103176116943 0.631605161068   
2.506004810333252 -4.75092077255249 -2.0495424270629883 0.629150814932   
2.2211689949035645 -5.157886505126953 -2.2995429039001465 0.434889587314   
1.8439122438430786 -5.480890274047852 -2.549543619155884 0.530703926984   
1.397690773010254 -5.6998491287231445 -2.799543619155884 0.971734185711   
0.9102480411529541 -5.801146984100342 -3.0495431423187256 0.459691992503   
0.41189125180244446 -5.778488636016846 2.983642578125 0.261534532821   
-0.06639456003904343 -5.63328218460083 2.733643054962158 0.897666298126   
-0.4948718547821045 -5.374556064605713 2.4836435317993164 0.635136766396   
-0.8469004034996033 -5.018395900726318 2.233644485473633 0.644304151056   
-1.1005924940109253 -4.586944103240967 1.9836441278457642 0.966233210193   
-1.240174412727356 -4.107029438018799 1.7336444854736328 0.500781209188   
-1.2573837041854858 -3.608421802520752 1.5003126859664917 0.56523497184   
-1.222171664237976 -3.1096596717834473 1.5003126859664917 0.559299061944   
-1.145738959312439 -2.6172497272491455 1.3003102540969849 0.625390073317   
-0.9516952037811279 -2.15948224067688 1.0503087043762207 0.235557512332   
-0.6500256657600403 -1.7648985385894775 0.8003080487251282 0.0660013126551   
-0.2594870328903198 -1.458032250404358 0.5503071546554565 0.188429737908   
0.19520021975040436 -1.255983829498291 0.33364033699035645 0.488401788909   
0.6676284670829773 -1.092240333557129 0.33364033699035645 0.0484225269284   
1.1277703046798706 -0.8961115479469299 0.5086402297019958 0.539643789406   
1.5284278392791748 -0.5958393812179565 0.7586403489112854 0.648412734604   
1.8431650400161743 -0.2063935548067093 1.008638858795166 0.602975117653   
2.0524137020111084 0.24801218509674072 1.2586382627487183 0.264676582252   
2.1431639194488525 0.73912513256073 1.508636474609375 0.975229096965   
2.1097726821899414 1.2364108562469482 1.7586355209350586 0.486059462371   
1.954316258430481 1.7089502811431885 2.0086350440979004 0.47579953793   
1.6864604949951172 2.12736439704895 2.258634090423584 0.133697790716   
1.3228585720062256 2.465637683868408 2.508634328842163 0.165763952763   
0.8861175775527954 2.702737331390381 2.758634567260742 0.498754136383   
0.4033918082714081 2.8239214420318604 3.0086350440979004 0.0484904581641   
-0.09530501067638397 2.8216567039489746 -3.024549722671509 0.829941412949   
-0.586951494216919 2.730058431625366 -2.949549674987793 0.644387139695   
-1.0671812295913696 2.5903170108795166 -2.832882881164551 0.775799470965   
-1.5410131216049194 2.429765462875366 -2.749549627304077 0.295842749072   
-1.9734950065612793 2.1778526306152344 -2.499549627304077 0.600338102128   
-2.331096887588501 1.82728910446167 -2.2495498657226562 0.611637484441   
-2.604341745376587 1.4078924655914307 -2.1162171363830566 0.278498770193   
-2.8491287231445312 0.9713935852050781 -1.9912166595458984 0.157965788033   
-2.9923319816589355 0.4925193786621094 -1.7412164211273193 0.473098386474   
-3.0142855644226074 -0.006038950756192207 -1.5245505571365356 0.482868681517   
-2.99116849899292 -0.5055045485496521 -1.5245505571365356 0.480766843393   
-2.9680514335632324 -1.0049694776535034 -1.5245505571365356 0.339874251099   
-2.9387028217315674 -1.503860354423523 -1.449550986289978 0.71253754724   
-2.815124273300171 -1.986011028289795 -1.1995488405227661 0.663601128759   
-2.6324474811553955 -2.451164484024048 -1.1662153005599976 0.601570135688   
-2.3787267208099365 -2.8783698081970215 -0.9162144660949707 0.210410919046   
-2.0267605781555176 -3.2289669513702393 -0.6745468378067017 0.199659726536   
-1.6362667083740234 -3.5412404537200928 -0.6745468378067017 0.315870140707   
-1.2457728385925293 -3.8535139560699463 -0.6745468378067017 0.47447279123   
-0.8315556645393372 -4.1286725997924805 -0.4745462238788605 0.609123528439   
-0.3628222942352295 -4.2964186668396 -0.2662125825881958 0.0431392152642   
0.11956492066383362 -4.427954196929932 -0.2662125825881958 0.498113752593   
0.6070117354393005 -4.533713340759277 -0.11621202528476715 0.24754575572   
1.1056702136993408 -4.523098945617676 0.13378843665122986 0.848951455871   
1.5933160781860352 -4.412182807922363 0.24212196469306946 0.500253630299   
2.0787315368652344 -4.292305946350098 0.24212196469306946 0.926570928742   
2.5641469955444336 -4.172429084777832 0.24212196469306946 0.218402654619   
3.0460755825042725 -4.038549900054932 0.35045528411865234 0.546681780875   
3.4885072708129883 -3.804748296737671 0.6004548072814941 0.192216076155   
3.876462697982788 -3.488447904586792 0.7004542946815491 0.0612432108478   
4.254585266113281 -3.1604738235473633 0.7754541635513306 0.0147009207788   
4.562892436981201 -2.7660624980926514 1.017120361328125 0.113818991482   
4.825806140899658 -2.340764284133911 1.017120361328125 0.435235367383   
5.088719844818115 -1.915466070175171 1.017120361328125 0.442870638178   
5.351633548736572 -1.4901678562164307 1.017120361328125 0.126265152466   
5.614547252655029 -1.0648696422576904 1.017120361328125 0.0525885632702   
5.846503257751465 -0.6216034889221191 1.2004529237747192 0.491228584485   
5.990763187408447 -0.14245235919952393 1.3504528999328613 0.354155924056   
6.036169528961182 0.3545376658439636 1.6004513502120972 0.995377872547   
5.9610724449157715 0.8474995493888855 1.7921180725097656 0.357630809855   
5.851309299468994 1.3353039026260376 1.7921180725097656 0.474851150152   
5.729333877563477 1.819338083267212 1.9004509449005127 0.113991419113   
5.525104522705078 2.274690628051758 2.017117738723755 0.537280764516   
5.299680709838867 2.7198333740234375 2.1171183586120605 0.234437086209   
4.98785400390625 3.106407403945923 2.3671183586120605 0.136695766501   
4.6001973152160645 3.4201035499572754 2.4921188354492188 0.263737843632   
4.167491436004639 3.664416551589966 2.7421188354492188 0.67240865074   
3.686898946762085 3.7935736179351807 2.992119312286377 0.414127079951   
3.1883020401000977 3.799544334411621 -3.0410654544830322 0.828432850146   
2.7026989459991455 3.681957244873047 -2.791064977645874 0.564194417666   
2.2602837085723877 3.4481241703033447 -2.5410656929016113 0.622300060885   
1.8870341777801514 3.114560127258301 -2.332733154296875 0.705130166562   
1.5418732166290283 2.752812385559082 -2.332733154296875 0.667776456136   
1.1967122554779053 2.3910646438598633 -2.332733154296875 0.631743794737   
0.8515505194664001 2.0293169021606445 -2.332733154296875 0.597786408523   
0.5063877701759338 1.6675658226013184 -2.332733154296875 0.566608449103   
0.16122591495513916 1.305814504623413 -2.332733154296875 0.538854333366   
-0.18393608927726746 0.9440634846687317 -2.332733154296875 0.51509830078   
-0.5290980339050293 0.5823139548301697 -2.332733154296875 0.495823386467   
-0.8742414116859436 0.2205452024936676 -2.332733154296875 0.481392122028   
-1.2194030284881592 -0.1412050426006317 -2.332733154296875 0.472142908536   
-1.5645639896392822 -0.502955436706543 -2.332733154296875 0.468209259167   
-1.9097249507904053 -0.864704966545105 -2.332733154296875 0.469643327254   
-2.2548859119415283 -1.226455569267273 -2.332733154296875 0.476383276843   
-2.6000468730926514 -1.5882068872451782 -2.332733154296875 0.488249622446   
-2.931467294692993 -1.9630001783370972 -2.2410666942596436 0.542984414179   
-3.28901743888855 -2.307657480239868 -2.491067409515381 0.515351782682   
-3.7214620113372803 -2.5524277687072754 -2.7410671710968018 0.509575663226   
-4.201908588409424 -2.6820945739746094 -2.9910666942596436 0.603441447795   
-4.700495719909668 -2.688591241836548 3.042119026184082 0.407102118588   
-5.186217784881592 -2.5715153217315674 2.7921199798583984 0.648695835803   
-5.628876209259033 -2.3381474018096924 2.5421206951141357 0.351515145326   
-6.000946998596191 -2.0029966831207275 2.292120933532715 0.268955348418   
-6.279297351837158 -1.5869008302688599 2.042120933532715 0.520060867066   
-6.446622848510742 -1.1157305240631104 1.7921204566955566 0.141594174253   
-6.492516040802002 -0.6187813878059387 1.542120099067688 0.676635537444   
-6.414126873016357 -0.12695088982582092 1.2921189069747925 0.702265583975   
-6.226012229919434 0.33485957980155945 1.1421183347702026 0.378480900241   
-6.0181732177734375 0.7896174192428589 1.1421183347702026 0.124538387551   
-5.810334205627441 1.2443761825561523 1.1421183347702026 0.506207130849   
-5.602495193481445 1.6991357803344727 1.1421183347702026 0.16118260929   
-5.394656181335449 2.153895378112793 1.1421183347702026 0.139183942025   
-5.15851354598999 2.5920965671539307 0.9671175479888916 0.55481339927   
-4.861785411834717 2.9942800998687744 0.9337838888168335 0.546728228559   
-4.527484893798828 3.3619117736816406 0.7171165347099304 0.509211035213   
-4.147912979125977 3.6873674392700195 0.7087831497192383 0.584808570995   
-3.768336534500122 4.012823104858398 0.7087831497192383 0.608189564965   
-3.3887574672698975 4.338278770446777 0.7087831497192383 0.575409339899   
-3.009178400039673 4.663734436035156 0.7087831497192383 0.495257137023   
-2.6295993328094482 4.989190101623535 0.7087831497192383 0.387256349923   
-2.2339656352996826 5.291478633880615 0.5504498481750488 0.220859966687   
-1.7788689136505127 5.49161434173584 0.3004496395587921 0.491015451939   
-1.2874661684036255 5.572518348693848 0.05044999718666077 0.638270369904   
-0.7875142097473145 5.577743053436279 0.008783829398453236 0.768957383306   
-0.2875329554080963 5.58213472366333 0.008784332312643528 0.196174190465   
0.21244779229164124 5.586526393890381 0.00878483522683382 0.383081668702   
0.7124289274215698 5.590918064117432 0.008785338141024113 0.891056121759   
1.212410569190979 5.595309734344482 0.00878584198653698 0.403768418418   
1.7123922109603882 5.599701404571533 0.008786343969404697 0.140087164036   
2.212372303009033 5.604093074798584 0.00878684688359499 0.803576111571   
2.712350368499756 5.608484745025635 0.008787349797785282 0.707586305527   
3.2098660469055176 5.5678815841674805 -0.19121195375919342 0.186263178945   
3.6831908226013184 5.406889915466309 -0.44121164083480835 0.396155743417   
4.1317458152771 5.185861587524414 -0.4578782618045807 0.39215976768   
4.580239772796631 4.9648332595825195 -0.4578782618045807 0.0120315137015   
5.0251593589782715 4.735720157623291 -0.5412113666534424 0.337033334692   
5.41593599319458 4.422642707824707 -0.7912114262580872 0.488032579219   
5.717907905578613 4.02325963973999 -1.0412099361419678 0.308459834171   
5.9123029708862305 3.5624032020568848 -1.2912087440490723 0.21916798951   
6.028107643127441 3.075854539871216 -1.341208815574646 0.773633166393   
6.141890525817871 2.588972806930542 -1.341208815574646 0.633966090889   
6.248190879821777 2.100292682647705 -1.4245407581329346 0.710499579131   
6.256711483001709 1.6016114950180054 -1.674541711807251 0.482642900705   
6.189216136932373 1.1062464714050293 -1.7078748941421509 0.535683976521   
6.120894908905029 0.6109368801116943 -1.7078748941421509 0.295007103453   
6.0525736808776855 0.11562751233577728 -1.7078748941421509 0.250940953928   
5.984252452850342 -0.3796820640563965 -1.7078748941421509 0.961820895804   
5.915931224822998 -0.8749912977218628 -1.7078748941421509 0.472415749477   
5.847609996795654 -1.3703018426895142 -1.7078748941421509 0.484310828358   
5.7792887687683105 -1.8656128644943237 -1.7078748941421509 0.319550831758   
5.710967540740967 -2.3609213829040527 -1.7078748941421509 0.269729142409   
5.642646312713623 -2.856228828430176 -1.7078748941421509 0.978649417493   
5.574325084686279 -3.351536273956299 -1.7078748941421509 0.460572758908   
5.5060038566589355 -3.846843719482422 -1.7078748941421509 0.434174075329   
5.406243324279785 -4.335192680358887 -1.8828730583190918 0.254827049219   
5.193265914916992 -4.784337520599365 -2.1328725814819336 0.49327831792   
4.8753461837768555 -5.165901184082031 -2.3828725814819336 0.401019973384   
4.47225284576416 -5.4561591148376465 -2.632873058319092 0.55697662757   
4.026445388793945 -5.682033061981201 -2.674539804458618 0.301536834791   
3.5799970626831055 -5.907166957855225 -2.674539804458618 0.248600719883   
3.114903450012207 -6.086771488189697 -2.816206693649292 0.833393156219   
2.641139507293701 -6.246602535247803 -2.816206693649292 0.472032725198   
2.160090923309326 -6.380050182342529 -2.9078729152679443 0.975495214642   
1.672399640083313 -6.4883713722229 -2.982872247695923 0.327978550396   
1.1780434846878052 -6.563287258148193 -2.9912054538726807 0.525756000949   
0.6811535954475403 -6.609182834625244 3.1336467266082764 0.264458127939   
0.1871335804462433 -6.536904335021973 2.8836474418640137 0.494024340976   
-0.2832251489162445 -6.366490364074707 2.7753140926361084 0.0969247704749   
-0.7500080466270447 -6.187030792236328 2.7669806480407715 0.455050559242   
-1.1867520809173584 -5.942658424377441 2.5169811248779297 0.673677613384   
-1.551405668258667 -5.599696159362793 2.3003151416778564 0.651996345091   
-1.874933123588562 -5.217676639556885 2.191981315612793 0.7010246258   
-2.1105220317840576 -4.776182651519775 1.9419796466827393 0.47771793621   
-2.23004150390625 -4.291036128997803 1.6919796466827393 0.778672502725   
-2.226060390472412 -3.792401075363159 1.441980004310608 0.310241013601   
-2.0988264083862305 -3.311281681060791 1.1919779777526855 0.278416064485   
-1.8562498092651367 -2.8775908946990967 0.9419774413108826 0.164414546049   
-1.5521411895751953 -2.4811387062072754 0.9003103375434875 0.319646063532   
-1.2145942449569702 -2.1132662296295166 0.8169766664505005 0.390668923091   
-0.8387117385864258 -1.7872238159179688 0.6419761180877686 0.300853257329   
-0.43825435638427734 -1.4878356456756592 0.6419761180877686 0.20353880617   
-0.03779720515012741 -1.1884474754333496 0.6419761180877686 0.293099872699   
0.36265990138053894 -0.8890585899353027 0.6419761180877686 0.516104000651   
0.763117253780365 -0.5896686315536499 0.6419761180877686 0.71898535901   
1.1635745763778687 -0.29027867317199707 0.6419761180877686 0.763349185447   
1.564031958580017 0.009110992774367332 0.6419761180877686 0.629858666487   
1.9644893407821655 0.3085006773471832 0.6419761180877686 0.432688476877   
2.3649466037750244 0.6078906059265137 0.6419761180877686 0.333665796397   
2.765403985977173 0.9072805643081665 0.6419761180877686 0.420607042649   
3.1658613681793213 1.2066693305969238 0.6419761180877686 0.641271837091   
3.5605995655059814 1.5145015716552734 0.7336423993110657 0.818693055885   
3.9186644554138184 1.8638684749603271 0.7753087878227234 0.832252070863   
4.275764465332031 2.2138359546661377 0.7753087878227234 0.843460214841   
4.6328630447387695 2.5638034343719482 0.7753087878227234 0.853805075085   
4.989961624145508 2.913770914077759 0.7753087878227234 0.863253630981   
5.347060203552246 3.2637383937835693 0.7753087878227234 0.871777247226   
5.694985389709473 3.6236979961395264 0.8836419582366943 0.861651998062   
5.959038734436035 4.048942565917969 1.1336414813995361 0.590069312609   
6.110215187072754 4.52541971206665 1.3836385011672974 0.768725058476   
6.1391191482543945 5.023505210876465 1.6336373090744019 0.291365447247   
6.043951988220215 5.512231826782227 1.8836345672607422 0.402314647576   
5.830630779266357 5.961211681365967 2.1336331367492676 0.449876515264   
5.512421131134033 6.342528820037842 2.3836333751678467 0.596454411614   
5.10910177230835 6.632477760314941 2.633634328842163 0.424338374183   
4.645752429962158 6.8130292892456055 2.8836348056793213 0.843169442023   
4.15118408203125 6.872956275939941 3.1336352825164795 0.406889299372   
3.6561431884765625 6.808533191680908 -2.8995494842529297 0.299056099127   
3.1869277954101562 6.635249614715576 -2.749549627304077 0.836295583319   
2.724865436553955 6.444204807281494 -2.749549627304077 0.733683425737   
2.2779905796051025 6.219509601593018 -2.582882881164551 0.520187513289   
1.854021430015564 5.954464435577393 -2.582882881164551 0.807660380431   
1.4593480825424194 5.646672248840332 -2.4245495796203613 0.957303509719   
1.0824726819992065 5.318098068237305 -2.4245495796203613 0.991566940122   
0.7429616451263428 4.950139999389648 -2.199550151824951 0.975338941047   
0.4891306757926941 4.518758296966553 -2.0745503902435303 0.632577127082   
0.24777209758758545 4.080864429473877 -2.0745503902435303 0.479334383039   
0.0064136311411857605 3.6429765224456787 -2.0745503902435303 0.810827074491   
-0.23494482040405273 3.205089807510376 -2.0745503902435303 0.742524640296   
-0.4763033986091614 2.7672030925750732 -2.0745503902435303 0.304981924368   
-0.7176611423492432 2.3293163776397705 -2.0745503902435303 0.380796786475   
-0.9590188264846802 1.8914296627044678 -2.0745503902435303 0.64590249715   
-1.2003779411315918 1.453542947769165 -2.0745503902435303 0.338635744339   
-1.441737413406372 1.0156562328338623 -2.0745503902435303 0.0538124801622   
-1.6830968856811523 0.5777677893638611 -2.0745503902435303 0.357208820423   
-1.9244563579559326 0.1398792862892151 -2.0745503902435303 0.466524490154   
-2.165813446044922 -0.29800906777381897 -2.0745503902435303 0.0892349495182   
-2.4071693420410156 -0.7358975410461426 -2.0745503902435303 0.110487756156   
-2.6485252380371094 -1.1737853288650513 -2.0745503902435303 0.51886552773   
-2.8818359375 -1.5824795961380005 -2.0745503902435303 0.545355337309   
-2.8818359375 -1.5824795961380005 -2.0745503902435303 0.545355337309   
-2.8818359375 -1.5824795961380005 -2.0745503902435303 0.545355337309   
-2.8818359375 -1.5824795961380005 -2.0745503902435303 0.545355337309   
-2.8818359375 -1.5824795961380005 -2.0745503902435303 0.545355337309   
-2.8818359375 -1.5824795961380005 -2.0745503902435303 0.545355337309   
-2.8818359375 -1.5824795961380005 -2.0745503902435303 0.545355337309   
-2.8818359375 -1.5824795961380005 -2.0745503902435303 0.545355337309   
-2.8818359375 -1.5824795961380005 -2.0745503902435303 0.545355337309   
-2.8818359375 -1.5824795961380005 -2.0745503902435303 0.545355337309   
-2.8818359375 -1.5824795961380005 -2.0745503902435303 0.545355337309   
-2.8818359375 -1.5824795961380005 -2.0745503902435303 0.545355337309   
