1.0 0.0 1.038642403727863e-05 [ 0.015625    0.1249974   0.01777778  0.50001034  0.99999976  0.49998963
  0.44444444  0.22221763] {'loss': [0.056916456669569016, 0.042772121727466583]}  
1.0 0.0 1.1285284926998429e-05 [ 0.015625    0.12499718  0.01777778  0.50001115  0.99999976  0.49998873
  0.44444444  0.22221722] {'loss': [0.049383420497179031, 0.048782002180814743]}  
0.4500177800655365 0.0020756558515131474 -0.033321160823106766 [ 0.01667476  0.17306522  0.01776571  0.30000186  0.63115866  0.33155109
  0.44428857  0.23338722] {'loss': [0.037118557840585709, 0.041552074253559113]}  
0.17170405387878418 -0.017735587432980537 -0.4833204448223114 [ 0.09329643  0.04131493  0.08473576  0.04569345  0.3873189   0.44405546
  0.35278218  0.40445961] {'loss': [0.046006981283426285, 0.034769445657730103]}  
0.8470386266708374 -0.6067394614219666 -0.9333208799362183 [ 0.20055515  0.01565914  0.17417917  0.01882914  0.30686289  0.83078
  0.54031736  0.30836912] {'loss': [0.045151792466640472, 0.046740315854549408]}  
1.2013849020004272 -1.4287285804748535 -1.3833178281784058 [ 0.20064606  0.06447137  0.05766832  0.0702693   0.04647735  0.84820946
  1.          0.37957684] {'loss': [0.10207667946815491, 0.078179322183132172]}  
1.2891194820404053 -2.3244049549102783 -1.483317494392395 [ 0.14267697  0.05937405  0.05802267  0.08991427  0.02451259  0.79947726
  1.          0.56241717] {'loss': [0.10559356957674026, 0.098144128918647766]}  
1.367751121520996 -3.2209665775299072 -1.483317494392395 [ 0.10423149  0.04337523  0.20835108  0.08670392  0.02836925  0.87821657
  1.          0.61780853] {'loss': [0.11098136752843857, 0.081714816391468048]}  
1.4143396615982056 -4.118403911590576 -1.6583181619644165 [ 0.07955497  0.04634102  0.20373059  0.11867371  0.03326457  0.67234163
  1.          0.92413023] {'loss': [0.10722426325082779, 0.075630463659763336]}  
1.2388708591461182 -5.000352382659912 -1.7833176851272583 [ 0.06045049  0.04467655  0.21200971  0.15668787  0.03785219  0.38197391
  1.          0.91805203] {'loss': [0.083089627325534821, 0.085319980978965759]}  
1.0490412712097168 -5.880099773406982 -1.7833176851272583 [ 0.04900649  0.03621874  0.23231871  0.1716975   0.04546454  0.31101497
  1.          0.74750653] {'loss': [0.076206840574741364, 0.061895973980426788]}  
0.8554198741912842 -6.7586798667907715 -1.8416504859924316 [ 0.05905657  0.03184192  0.24983837  0.20107697  0.05429041  0.21867253
  0.81782443  0.65820819] {'loss': [0.051996968686580658, 0.055338781327009201]}  
0.4291519820690155 -7.540130615234375 -2.249983787536621 [ 0.2427462   0.03586506  0.20344696  0.33226955  0.04306574  0.07033494
  0.37244537  0.60827794] {'loss': [0.038317225873470306, 0.038052540272474289]}  
-0.1361929029226303 -8.240406036376953 -2.249983787536621 [ 0.16263541  0.03152093  0.29100283  0.47526565  0.05239459  0.08557081
  0.24953135  0.40753463] {'loss': [0.028045164421200752, 0.034557346254587173]}  
-0.7062949538230896 -8.935711860656738 -2.324983835220337 [ 0.13575262  0.0282059   0.40217647  0.74429243  0.05798163  0.10730436
  0.1590432   0.2943351 ] {'loss': [0.02982124499976635, 0.033317048102617264]}  
-1.3332668542861938 -9.58129596710205 -2.3416502475738525 [ 0.10453187  0.02540955  0.72065857  0.0213385   0.06917669  0.13441481
  0.11079446  0.21528071] {'loss': [0.04043085128068924, 0.029924053698778152]}  
-2.0683460235595703 -10.081793785095215 -2.758317232131958 [ 0.13466515  0.0232057   0.62897433  0.52104731  0.02390782  0.13995505
  0.14020813  0.13442202] {'loss': [0.027651075273752213, 0.037724319845438004]}  
-2.942183256149292 -10.288732528686523 -2.941650390625 [ 0.11002155  0.03497406  1.          0.74686566  0.02628414  0.12465945
  0.17237603  0.07956579] {'loss': [0.0339023657143116, 0.042518209666013718]}  
-3.8331899642944336 -10.408368110656738 -3.0666491985321045 [ 0.0860215   0.03679439  1.          0.86232967  0.03170871  0.10885069
  0.18835458  0.08056582] {'loss': [0.051564920693635941, 0.049084596335887909]}  
-4.730655193328857 -10.47577953338623 -3.06664776802063 [ 0.06713183  1.          1.          0.78515673  0.03747365  0.1121161
  0.19400457  0.08298234] {'loss': [0.053681250661611557, 0.054251935333013535]}  
-5.62811803817749 -10.543190956115723 -3.0666470527648926 [ 0.05384418  0.9699432   1.          0.71789687  0.04496655  0.11553075
  0.19991285  0.08550928] {'loss': [0.053824245929718018, 0.062870241701602936]}  
-6.525792598724365 -10.605606079101562 -3.1249794960021973 [ 0.04436409  0.81533774  1.          0.73787663  0.05523093  0.10869363
  0.20693195  0.09836717] {'loss': [0.04243912547826767, 0.04231555387377739]}  
-7.4220170974731445 -10.544533729553223 2.949873447418213 [ 0.03571298  0.51831126  1.          1.          0.06655003  0.0633286
  0.19501642  0.13903525] {'loss': [0.035875428467988968, 0.046778567135334015]}  
-8.305523872375488 -10.37304401397705 2.949873685836792 [ 0.03033434  0.65486625  1.          1.          0.08517844  0.06072717
  0.18079972  0.1288995 ] {'loss': [0.047154750674962997, 0.051234036684036255]}  
-9.19693374633789 -10.25592041015625 3.0415406227111816 [ 0.02676511  1.          1.          1.          0.11626259  0.07135057
  0.17632602  0.10675236] {'loss': [0.064814969897270203, 0.070734113454818726]}  
-10.093694686889648 -10.198040962219238 -3.0749776363372803 [ 0.02337057  1.          1.          1.          0.16338228  0.0966878
  0.17264145  0.07654144] {'loss': [0.065279185771942139, 0.054294202476739883]}  
-10.968927383422852 -10.403822898864746 -2.8083107471466064 [ 0.21178887  1.          1.          0.41026785  0.2176506   0.15088782
  0.16884671  0.03712217] {'loss': [0.036244019865989685, 0.047046501189470291]}  
-11.723881721496582 -10.885992050170898 -2.358311891555786 [ 0.57171384  1.          0.59612148  0.36730582  0.1875117   0.23230875
  0.11859493  0.01850837] {'loss': [0.036907698959112167, 0.041607212275266647]}  
-12.196677207946777 -11.646800994873047 -1.9083104133605957 [ 0.52386892  0.48470913  0.44693482  0.41352552  0.3061893   0.28330104
  0.03975486  0.10717817] {'loss': [0.020157830789685249, 0.022787978872656822]}  
-12.293177604675293 -12.534770965576172 -1.4583100080490112 [ 0.32577156  0.3302966   0.54147449  0.38161017  0.62559676  0.25082192
  0.01690987  0.1987188 ] {'loss': [0.02021334320306778, 0.019789287820458412]}  
-11.994174003601074 -13.37309741973877 -1.0083067417144775 [ 0.15421038  0.42444093  0.39754711  1.          1.          0.07540844
  0.05905656  0.20206484] {'loss': [0.051414713263511658, 0.055329382419586182]}  
-11.359193801879883 -13.99485969543457 -0.5583057999610901 [ 0.21817478  0.29205666  1.          1.          1.          0.01841385
  0.11535005  0.15441174] {'loss': [0.068314269185066223, 0.068235345184803009]}  
-10.514671325683594 -14.276270866394043 -0.1083056628704071 [ 0.19906167  1.          1.          1.          0.10189813  0.05534744
  0.14202803  0.08863044] {'loss': [0.052820965647697449, 0.044384658336639404]}  
-9.618249893188477 -14.2205228805542 0.10836182534694672 [ 0.13818734  1.          1.          1.          0.0246987   0.08897958
  0.14475154  0.08494453] {'loss': [0.065981224179267883, 0.060866590589284897]}  
-8.723516464233398 -14.123190879821777 0.10836289823055267 [ 0.1014181   1.          1.          1.          0.0286011   0.09238909
  0.15029792  0.06234239] {'loss': [0.061621453613042831, 0.044061549007892609]}  
-7.829624176025391 -14.018292427062988 0.18336373567581177 [ 0.12822948  1.          1.          1.          0.03287253  0.10626807
  0.15346102  0.05272177] {'loss': [0.048845905810594559, 0.03525104746222496]}  
-6.947532653808594 -13.839438438415527 0.20003019273281097 [ 0.11928437  1.          1.          0.9222883   0.03857333  0.1181705
  0.16337828  0.05192338] {'loss': [0.058157768100500107, 0.055087201297283173]}  
-6.065467834472656 -13.660584449768066 0.20003019273281097 [ 0.08934862  1.          1.          0.69082988  0.04641527  0.12739424
  0.17613076  0.05597628] {'loss': [0.055292647331953049, 0.041722409427165985]}  
-5.183403015136719 -13.481730461120605 0.20003019273281097 [ 0.06941556  1.          1.          0.53671047  0.0569164   0.01808863
  0.19043675  0.06052283] {'loss': [0.04327484592795372, 0.045008357614278793]}  
-4.301338195800781 -13.302876472473145 0.20003019273281097 [ 0.05547852  0.97623386  1.          0.42895136  0.07143042  0.02270136
  0.20655923  0.06564675] {'loss': [0.039926409721374512, 0.043282002210617065]}  
-3.437389373779297 -13.058100700378418 0.4500303268432617 [ 0.19824814  0.96170798  0.88665203  0.12319214  0.07815475  0.01371354
  0.19639708  0.02728757] {'loss': [0.038229696452617645, 0.036369863897562027]}  
-2.716254234313965 -12.521428108215332 0.7083636522293091 [ 0.28297581  0.66458778  0.38557125  0.12061993  0.06997963  0.01643609
  0.18264506  0.02646124] {'loss': [0.024705894291400909, 0.037768144160509109]}  
-2.057227373123169 -11.908499717712402 0.8916967511177063 [ 0.25641487  0.42515489  0.17284675  0.153622    0.06245499  0.01773183
  0.18540419  0.02372707] {'loss': [0.042224235832691193, 0.029708290472626686]}  
-1.585155963897705 -11.141816139221191 1.0416957139968872 [ 0.20480995  0.25717006  0.14075216  0.17673563  0.04812107  0.13152027
  0.21346638  0.02085128] {'loss': [0.030777828767895699, 0.033158816397190094]}  
-1.1971238851547241 -10.332033157348633 1.3083609342575073 [ 0.17401989  0.14201982  0.20994408  0.17133802  0.02074386  0.30107501
  0.15019577  0.04540893] {'loss': [0.02779625728726387, 0.030545232817530632]}  
-1.0700767040252686 -9.441305160522461 1.4500256776809692 [ 0.12988389  0.09167251  0.2374916   0.14931707  0.02526502  0.41023253
  0.24088734  0.05013558] {'loss': [0.022761810570955276, 0.024959579110145569]}  
-0.9616467952728271 -8.547859191894531 1.4500256776809692 [ 0.09616347  0.09675411  0.25065624  0.15759404  0.02930769  0.36766711
  0.9524979   0.03711941] {'loss': [0.055403217673301697, 0.046566400676965714]}  
-0.8532168865203857 -7.654413223266602 1.4500256776809692 [ 0.0740536   0.10227019  0.26494657  0.16657869  0.03440439  0.33139884
  0.8585394   0.02858492] {'loss': [0.040258575230836868, 0.049130991101264954]}  
-0.7447869777679443 -6.760967254638672 1.4500256776809692 [ 0.05877686  0.10827185  0.28049482  0.17635428  0.04095611  0.30024363
  0.77782713  0.48903971] {'loss': [0.046868499368429184, 0.035835091024637222]}  
-0.6363570690155029 -5.867521286010742 1.4500256776809692 [ 0.04778222  0.11481776  0.29745299  0.18701627  0.04957438  0.03116868
  0.7079838   0.44512757] {'loss': [0.027979226782917976, 0.031348094344139099]}  
-0.5279271602630615 -4.9740753173828125 1.4500256776809692 [ 0.03960701  0.12197575  0.31599674  0.19867529  0.06122932  0.03849645
  0.64714241  0.4068748 ] {'loss': [0.019994759932160378, 0.016513433307409286]}  
-0.4194972515106201 -4.080629348754883 1.4500256776809692 [ 0.03336355  0.1298245   0.3363303   0.2114595   0.07753516  0.04874834
  0.59381935  0.37334931] {'loss': [0.024937570095062256, 0.018841378390789032]}  
-0.3818625509738922 -3.1823692321777344 1.5666927099227905 [ 0.02888515  0.17342189  0.34970801  0.17629206  0.10297847  0.05191269
  0.58359717  0.29419841] {'loss': [0.017576292157173157, 0.021061273291707039]}  
-0.5737670660018921 -2.312448263168335 2.008357286453247 [ 0.0546708   0.27727911  0.26098694  0.12240468  0.11521252  0.01685049
  0.55539296  0.08167151] {'loss': [0.019334152340888977, 0.01432569045573473]}  
-1.1256600618362427 -1.615756630897522 2.458357572555542 [ 0.14118018  0.23587665  0.10987888  0.18358005  0.07532696  0.02052082
  0.45061061  0.02223791] {'loss': [0.029186077415943146, 0.024302911013364792]}  
-1.8866186141967773 -1.1386518478393555 2.6166906356811523 [ 0.12570364  0.1589499   0.17110954  0.21636487  0.05961803  0.07384377
  0.79229438  0.0195933 ] {'loss': [0.033631332218647003, 0.047701563686132431]}  
-2.728684902191162 -0.8307486176490784 2.841691017150879 [ 0.11249449  0.09641224  0.24688171  0.21158754  0.02411936  0.18765185
  0.78652792  0.02683921] {'loss': [0.017958996817469597, 0.029924038797616959]}  
-3.6096720695495605 -0.6816089749336243 -3.1164937019348145 [ 0.09243078  0.15506482  0.29512573  0.14024695  0.03063208  0.39034532
  0.74292153  0.04856493] {'loss': [0.018331211060285568, 0.029762113466858864]}  
-4.509397983551025 -0.7041971683502197 -3.116492509841919 [ 0.07152192  0.15317908  0.29153619  0.13854078  0.03609365  0.39806091
  0.75760447  0.03757907] {'loss': [0.039651207625865936, 0.02817094698548317]}  
-5.4091267585754395 -0.7267856597900391 -3.1164915561676025 [ 0.05698143  0.15132743  0.28801163  0.02267594  0.04315762  0.40600738
  0.77272719  0.02993927] {'loss': [0.025276951491832733, 0.030321234837174416]}  
-6.3088555335998535 -0.7493741512298584 -3.116490602493286 [ 0.04646315  0.14950929  0.28455053  0.02759416  0.05251803  0.41419446
  0.78830727  0.37460977] {'loss': [0.030317813158035278, 0.047003522515296936]}  
-7.208584308624268 -0.7719637751579285 -3.1164896488189697 [ 0.03860959  0.14772352  0.28115145  0.0343049   0.06528997  0.42263171
  0.8043642   0.38223935] {'loss': [0.030844558030366898, 0.023123851045966148]}  
-8.101276397705078 -0.6974843144416809 2.86669659614563 [ 0.03038081  0.07141662  0.27029208  0.02047495  0.07749193  0.18772608
  0.71049024  0.57574037] {'loss': [0.04091208428144455, 0.052501920610666275]}  
-8.932056427001953 -0.35118088126182556 2.675029993057251 [ 0.11733769  0.03453196  0.28033274  0.01526114  0.08581148  0.09700818
  0.46257428  0.52293096] {'loss': [0.028946792706847191, 0.029569415375590324]}  
-9.67701244354248 0.1486911177635193 2.3500304222106934 [ 0.20547078  0.02498258  0.24101965  0.01804889  0.0702699   0.13993205
  0.20726151  0.41273035] {'loss': [0.039051622152328491, 0.025797361508011818]}  
-10.155156135559082 0.9076974391937256 2.008362054824829 [ 0.21998585  0.02047208  0.15718129  0.35696012  0.03042019  0.14973826
  0.13900261  0.23697599] {'loss': [0.021660849452018738, 0.021027609705924988]}  
-10.535237312316895 1.7237582206726074 1.97502863407135 [ 0.15341219  0.01897391  0.36784361  0.22910882  0.03206977  0.17300962
  0.16740674  0.15854668] {'loss': [0.023138461634516716, 0.014643002301454544]}  
-10.813484191894531 2.579930067062378 1.8750278949737549 [ 0.11896718  0.01649664  1.          0.26341479  0.02342336  0.17848403
  0.20675331  0.1027009 ] {'loss': [0.038854029029607773, 0.040152035653591156]}  
-11.083078384399414 3.4386017322540283 1.8750278949737549 [ 0.0891463   0.01587065  0.84720771  0.19935829  0.02701655  0.20383221
  0.23611639  0.07695739] {'loss': [0.024118959903717041, 0.024942746385931969]}  
-11.262247085571289 4.317163944244385 1.6333603858947754 [ 0.07544272  0.03314321  0.77997316  0.34265498  0.03458899  0.1608424
  0.28487441  0.12514992] {'loss': [0.019525742158293724, 0.0086507368832826614]}  
-11.318527221679688 5.215384483337402 1.6333603858947754 [ 0.05975789  0.41924023  0.74253321  0.32620695  0.04119578  0.16579491
  0.29364595  0.12900346] {'loss': [0.0099724233150482178, 0.011829565279185772]}  
-11.374814987182617 6.113619804382324 1.6333603858947754 [ 0.04850051  0.39958512  0.70772118  0.3109136   0.04989364  0.17098038
  0.30283023  0.13303825] {'loss': [0.0086797717958688736, 0.0085774548351764679]}  
-11.431102752685547 7.0118632316589355 1.6333603858947754 [ 0.04014855  0.38128068  0.67530163  0.0348181   0.06166771  0.17641304
  0.31245222  0.13726535] {'loss': [0.015502277761697769, 0.011913039721548557]}  
-11.283109664916992 7.890670299530029 1.183358907699585 [ 0.03992359  0.02870093  0.65509659  0.64050412  0.06742069  0.06591896
  0.25156301  0.24595938] {'loss': [0.008251456543803215, 0.017848813906311989]}  
-10.88610553741455 8.697816848754883 1.1083588600158691 [ 0.04738313  0.02648933  0.88658567  0.01861491  0.07953295  0.08929432
  0.19068398  0.21408728] {'loss': [0.021826177835464478, 0.017676902934908867]}  
-10.484572410583496 9.503303527832031 1.1083588600158691 [ 0.03930536  0.17920298  1.          0.01973876  0.10433468  0.11714009
  0.15817669  0.17759024] {'loss': [0.012567879632115364, 0.019164647907018661]}  
-9.987770080566406 10.243693351745605 0.7750245332717896 [ 0.08069671  0.02292649  1.          0.02362677  0.08676593  0.17424201
  0.08747682  0.16073698] {'loss': [0.033845230937004089, 0.026012096554040909]}  
-9.225027084350586 10.700628280639648 0.3250233829021454 [ 0.10827649  0.023136    1.          0.26890941  0.02377601  0.17381519
  0.19179931  0.09812392] {'loss': [0.031972669064998627, 0.026963898912072182]}  
-8.340458869934082 10.856294631958008 0.14169059693813324 [ 0.08927662  0.03281163  1.          0.42132578  0.03030586  0.14854185
  0.22753858  0.08362673] {'loss': [0.029951887205243111, 0.018891045823693275]}  
-7.346513748168945 10.94397258758545 -0.008308928459882736 [ 0.06888148  0.03501545  1.          0.53780065  0.03712344  0.11957479
  0.24317397  0.12361589] {'loss': [0.027455572038888931, 0.027242733165621758]}  
-6.346561431884766 10.935675621032715 -0.008308034390211105 [ 0.05382756  0.52468956  1.          0.5424199   0.04546051  0.11908736
  0.24218205  0.12311156] {'loss': [0.029354294762015343, 0.029556386172771454]}  
-5.34660530090332 10.92737865447998 -0.008307140320539474 [ 0.04321895  0.52921574  1.          0.54709757  0.05695719  0.11860267
  0.24119619  0.12261004] {'loss': [0.036432106047868729, 0.033393237739801407]}  
-4.4470109939575195 10.934477806091309 0.10002710670232773 [ 0.03584162  0.63518003  1.          0.43924667  0.07088887  0.14271895
  0.23938944  0.09869449] {'loss': [0.033408716320991516, 0.027847876772284508]}  
-3.5531115531921387 11.039277076721191 0.11669379472732544 [ 0.0302882   0.59554704  0.95425286  0.37181975  0.09096205  0.15651661
  0.25078858  0.09771854] {'loss': [0.022364605218172073, 0.024251688271760941]}  
-2.6592278480529785 11.144076347351074 0.11669379472732544 [ 0.02604841  0.53860025  0.86300539  0.33626605  0.12177321  0.16512688
  0.26458497  0.10309419] {'loss': [0.01379096508026123, 0.012438341043889523]}  
-1.7653459310531616 11.248875617980957 0.11669379472732544 [ 0.02264034  0.4894471   0.7842478   0.30557813  0.17136817  0.17446772
  0.27955194  0.10892599] {'loss': [0.0070154322311282158, 0.011363423429429531]}  
-0.871468186378479 11.35367488861084 0.11669379472732544 [ 0.01985986  0.44672816  0.7157986   0.2789073   0.25881236  0.18462415
  0.29582575  0.11526699] {'loss': [0.013285059481859207, 0.0077240890823304653]}  
-0.6893814206123352 11.373082160949707 0.11669379472732544 [ 0.01926707  0.43727989  0.7006589   0.27300838  0.28988477  0.18720171
  0.29995569  0.11687622] {'loss': [0.0095559628680348396, 0.011527654714882374]}  
-0.6893814206123352 11.373082160949707 0.11669379472732544 [ 0.01926707  0.43727989  0.7006589   0.27300838  0.28988477  0.18720171
  0.29995569  0.11687622] {'loss': [0.012975306250154972, 0.0074189510196447372]}  
-0.6893814206123352 11.373082160949707 0.11669379472732544 [ 0.01926707  0.43727989  0.7006589   0.27300838  0.28988477  0.18720171
  0.29995569  0.11687622] {'loss': [0.0082606561481952667, 0.0053218770772218704]}  
-0.6893814206123352 11.373082160949707 0.11669379472732544 [ 0.01926707  0.43727989  0.7006589   0.27300838  0.28988477  0.18720171
  0.29995569  0.11687622] {'loss': [0.010198310017585754, 0.0090858843177556992]}  
-0.6893814206123352 11.373082160949707 0.11669379472732544 [ 0.01926707  0.43727989  0.7006589   0.27300838  0.28988477  0.18720171
  0.29995569  0.11687622] {'loss': [0.010700500570237637, 0.0070148631930351257]}  
-0.6893814206123352 11.373082160949707 0.11669379472732544 [ 0.01926707  0.43727989  0.7006589   0.27300838  0.28988477  0.18720171
  0.29995569  0.11687622] {'loss': [0.0042940969578921795, 0.011302982456982136]}  
-0.6893814206123352 11.373082160949707 0.11669379472732544 [ 0.01926707  0.43727989  0.7006589   0.27300838  0.28988477  0.18720171
  0.29995569  0.11687622] {'loss': [0.0046808319166302681, 0.013152921572327614]}  
