1.0 0.0 2.1371834009187296e-05 [ 0.19653257  0.04345522  0.08690672  0.04345151  1.          0.9025347
  0.03179839  0.09827046] {'loss': [0.083286114037036896, 0.083929389715194702]}  
1.0 0.0 2.237045919173397e-05 [ 0.19653257  0.0434553   0.08690672  0.04345142  1.          0.90253296
  0.03179839  0.09827068] {'loss': [0.081408001482486725, 0.085258491337299347]}  
0.9166667461395264 -2.3244258500199066e-06 2.326922185602598e-05 [ 0.20096245  0.04345539  0.08690677  0.04345135  1.          0.8448246
  0.03179838  0.10048587] {'loss': [0.094176605343818665, 0.073106281459331512]}  
-0.02399551123380661 -0.09181351959705353 0.3250245749950409 [ 0.04012905  0.07108325  0.08064613  0.04393557  0.57215641  0.12929555
  0.02825001  0.2617764 ] {'loss': [0.025013329461216927, 0.018850143998861313]}  
0.033557817339897156 -0.019218411296606064 0.8250231742858887 [ 0.04694205  0.0882715   0.04141594  0.65090933  0.30539909  0.0314527
  0.17129123  0.32210226] {'loss': [0.032038301229476929, 0.040614034980535507]}  
0.4818110167980194 0.8107409477233887 1.3250207901000977 [ 0.06579804  0.05220753  0.92289341  0.73227082  0.03429183  0.0272089
  0.23597045  0.02982193] {'loss': [0.074783913791179657, 0.079002901911735535]}  
0.7108491063117981 1.784044861793518 1.4416862726211548 [ 0.05408534  0.45877575  1.          0.80062414  0.04366137  0.02828737
  0.22062312  0.02435608] {'loss': [0.10367459058761597, 0.084590025246143341]}  
0.5874120593070984 2.764871835708618 1.9416872262954712 [ 0.03872546  0.93199659  0.97973944  0.04606834  0.04842826  0.19684848
  0.20693237  0.03683835] {'loss': [0.090571843087673187, 0.10332886129617691]}  
0.1772136092185974 3.6756179332733154 1.85001802444458 [ 0.0339304   0.58267527  0.69408534  0.05362687  0.06388054  0.03283199
  0.26898079  0.02848412] {'loss': [0.056432235985994339, 0.053046319633722305]}  
0.1325627565383911 4.5672688484191895 1.400015115737915 [ 0.03049419  0.24414547  0.69847995  0.03773724  0.08683471  0.05881507
  0.29424964  0.19930184] {'loss': [0.037540491670370102, 0.038055289536714554]}  
0.5405568480491638 5.465441703796387 0.9000134468078613 [ 0.09310605  0.02642458  0.64167849  0.06204547  0.0741951   0.11754485
  0.04514466  0.24242377] {'loss': [0.032831043004989624, 0.028995102271437645]}  
1.3308573961257935 6.05446195602417 0.40001243352890015 [ 0.14553003  0.02104117  0.44661601  0.80786126  0.06520406  0.12882883
  0.12553165  0.02958108] {'loss': [0.046838473528623581, 0.04704168438911438]}  
2.3103394508361816 6.2009382247924805 -0.00832071527838707 [ 0.02878185  0.06068441  0.02371942  1.          0.10366353  0.07821839
  0.15907311  0.0808657 ] {'loss': [0.045526370406150818, 0.043601777404546738]}  
3.310309886932373 6.192612648010254 -0.008319821208715439 [ 0.02445671  0.04412277  1.          1.          0.14726056  0.07795948
  0.15854619  0.08059766] {'loss': [0.076673321425914764, 0.086761295795440674]}  
4.292257308959961 6.339090347290039 0.37501436471939087 [ 0.05770004  1.          1.          0.54151035  0.19505792  0.13934339
  0.1454832   0.02759775] {'loss': [0.074502184987068176, 0.087437622249126434]}  
5.173287868499756 6.812824249267578 0.5083474516868591 [ 0.04074204  1.          1.          0.33086347  0.27289472  0.18880927
  0.15572897  0.01722992] {'loss': [0.068255133926868439, 0.087077081203460693]}  
5.949552059173584 7.2689208984375 0.641680121421814 [ 0.34227167  0.95471521  0.63486114  0.59364696  0.39475988  0.2471312
  0.1643358   0.0164064 ] {'loss': [0.056223656982183456, 0.060215041041374207]}  
6.39653205871582 7.7268147468566895 1.0916787385940552 [ 0.49519751  0.5796935   0.71343886  0.83517343  0.25652052  0.30029089
  0.07208889  0.03723531] {'loss': [0.076691783964633942, 0.05056300014257431]}  
6.39653205871582 7.7268147468566895 1.541675090789795 [ 0.63347106  0.42276749  0.91265088  0.49116561  0.3281486   0.17660105
  0.01578419  0.29344288] {'loss': [0.069787308573722839, 0.064833194017410278]}  
6.22551965713501 8.400131225585938 1.991674542427063 [ 0.34074581  0.68553624  0.66335826  0.42376545  0.41005581  0.06483517
  0.03531035  0.35213792] {'loss': [0.036510150879621506, 0.040237322449684143]}  
5.685400485992432 9.106030464172363 2.4416754245758057 [ 0.29903464  0.51532043  0.50294139  0.86670768  0.36894608  0.01715997
  0.00917519  0.26713224] {'loss': [0.044688005000352859, 0.04337623342871666]}  
4.890043258666992 9.504154205322266 2.891676187515259 [ 0.29399301  0.34062357  1.          1.          0.08778532  0.04200447
  0.20449366  0.16339771] {'loss': [0.033827207982540131, 0.041959881782531738]}  
3.9973185062408447 9.519067764282227 -2.9915082454681396 [ 0.19674343  0.90818611  1.          0.49368051  0.02132527  0.0247663
  0.21043671  0.13037301] {'loss': [0.043746158480644226, 0.055091835558414459]}  
3.107438802719116 9.384502410888672 -2.9915082454681396 [ 0.13671842  0.77910924  1.          0.42351552  0.02443065  0.03183603
  0.22421638  0.09059718] {'loss': [0.043355472385883331, 0.040455829352140427]}  
2.2175590991973877 9.249937057495117 -2.9915082454681396 [ 0.10049401  0.67571528  1.          0.36731184  0.02826722  0.04242898
  0.23939515  0.0862332 ] {'loss': [0.041680362075567245, 0.041835952550172806]}  
1.3241219520568848 9.153080940246582 -3.1081745624542236 [ 0.07856982  0.50229886  0.94065294  0.43940578  0.03382265  0.07873319
  0.0157272   0.12029118] {'loss': [0.034015215933322906, 0.035956386476755142]}  
0.4254479706287384 9.1753511428833 3.066678285598755 [ 0.06168816  0.40719663  0.95192426  0.55008965  0.04001474  0.10872739
  0.01562355  0.14688185] {'loss': [0.037997301667928696, 0.036593344062566757]}  
-0.4720277488231659 9.242711067199707 3.066679000854492 [ 0.04990832  0.43542732  1.          0.58822583  0.04832306  0.1051164
  0.01549244  0.14200345] {'loss': [0.044094424694776535, 0.034292493015527725]}  
-1.3695034980773926 9.310070991516113 3.0666797161102295 [ 0.04120678  0.46669257  1.          0.63045987  0.05951537  0.10168326
  0.01536299  0.11630418] {'loss': [0.035784341394901276, 0.046335563063621521]}  
-2.266979217529297 9.37743091583252 3.0666799545288086 [ 0.03459732  0.50144858  1.          0.67741222  0.0750992   0.09841537
  0.01523517  0.07629789] {'loss': [0.041303589940071106, 0.04156036302447319]}  
-3.164804220199585 9.435633659362793 -3.133171796798706 [ 0.02962398  0.63157694  1.          0.63135564  0.09827123  0.11230873
  0.0152034   0.06333221] {'loss': [0.047480784356594086, 0.038527254015207291]}  
-4.063727855682373 9.391406059265137 -3.0915045738220215 [ 0.02545829  0.66285181  1.          0.54232364  0.13281704  0.12602343
  0.22855743  0.05176797] {'loss': [0.02940003015100956, 0.029585732147097588]}  
-4.955991744995117 9.290514945983887 -2.866503953933716 [ 0.07605945  0.82562745  1.          0.26896317  0.17685727  0.18050632
  0.22268068  0.05491204] {'loss': [0.032523654401302338, 0.033417250961065292]}  
-5.6869025230407715 8.907577514648438 -2.4165046215057373 [ 0.32403018  0.74728143  0.42678337  0.27218237  0.15544731  0.29209475
  0.02582771  0.01981235] {'loss': [0.024769667536020279, 0.017299085855484009]}  
-5.6869025230407715 8.907577514648438 -1.966505527496338 [ 0.63476903  0.64681297  0.23120209  0.23558884  0.24811663  0.25282405
  0.04535901  0.10400059] {'loss': [0.023193014785647392, 0.031952891498804092]}  
-5.6869025230407715 8.907577514648438 -1.5165046453475952 [ 0.74922833  0.34094905  0.27289168  0.16020635  0.29285599  0.03266938
  0.01986398  0.40986436] {'loss': [0.04220542311668396, 0.033425897359848022]}  
-5.625919818878174 8.77450942993164 -1.066500186920166 [ 0.53832704  0.24538418  0.20664764  0.28309777  0.23840781  0.02510611
  0.15760001  0.63923724] {'loss': [0.034295976161956787, 0.031370099633932114]}  
-5.070743560791016 8.070443153381348 -0.858166515827179 [ 0.23715676  0.20376731  0.20437276  0.47555114  0.02975205  0.02157182
  0.17708225  0.41204941] {'loss': [0.023793550208210945, 0.022919034585356712]}  
-4.482296943664551 7.389456272125244 -0.858166515827179 [ 0.15956005  0.15868906  0.34961161  0.81350447  0.03497012  0.02357008
  0.11914171  0.27722853] {'loss': [0.028206095099449158, 0.023295532912015915]}  
-3.893850326538086 6.70846700668335 -0.858166515827179 [ 0.11464121  0.12706869  0.72992124  1.          0.04169175  0.02585941
  0.0856013   0.19918405] {'loss': [0.023977559059858322, 0.037557043135166168]}  
-3.240020751953125 5.951812267303467 -0.858166515827179 [ 0.08384789  0.10187181  1.          0.33938315  0.05171158  0.03530127
  0.06260827  0.14568199] {'loss': [0.024195045232772827, 0.020659036934375763]}  
-2.586191177368164 5.195157527923584 -0.858166515827179 [ 0.06398007  0.08348888  1.          0.02755162  0.0658306   0.15318003
  0.04777321  0.11116255] {'loss': [0.045961607247591019, 0.032556906342506409]}  
-1.9709070920944214 4.406925678253174 -0.9414990544319153 [ 0.05706734  1.          1.          0.03094206  0.02072393  0.19455849
  0.03024802  0.08520493] {'loss': [0.052752163261175156, 0.046978384256362915]}  
-1.4119453430175781 3.578014612197876 -1.1248321533203125 [ 0.056025    0.82291515  0.74295939  0.03302699  0.02981804  0.23338997
  0.03285299  0.06205424] {'loss': [0.029259422793984413, 0.028829446062445641]}  
-1.0751241445541382 2.74310564994812 -1.191498875617981 [ 0.04861388  0.57455378  0.58745506  0.03683039  0.0376574   0.26397923
  0.26990673  0.04754627] {'loss': [0.019400065764784813, 0.019200006499886513]}  
-0.7048670649528503 1.814185380935669 -1.191498875617981 [ 0.03943891  0.43237512  0.44208386  0.04517072  0.04618499  0.32847771
  0.33585344  0.03857278] {'loss': [0.024553399533033371, 0.018234189599752426]}  
-0.3716266453266144 0.9781537055969238 -1.191498875617981 [ 0.03323355  0.34514204  0.35289195  0.05536059  0.05660368  0.40911065
  0.418297    0.03250371] {'loss': [0.010047857649624348, 0.023218326270580292]}  
-0.0013584569096565247 0.04922892153263092 -1.191498875617981 [ 0.02791307  0.27593623  0.03826337  0.07131929  0.07292072  0.04669882
  0.55124827  0.02730007] {'loss': [0.048947904258966446, 0.040500059723854065]}  
0.3181350827217102 -0.7923003435134888 -1.3081660270690918 [ 0.02596162  0.20766759  0.03850216  0.08309172  0.10178052  0.04531509
  0.78192659  0.20391805] {'loss': [0.055551454424858093, 0.048730883747339249]}  
0.32651132345199585 -1.7819187641143799 -1.8081650733947754 [ 0.02262561  0.07543262  0.22891869  0.04372679  0.14870643  0.11306152
  0.05705518  0.62146977] {'loss': [0.028844080865383148, 0.041922733187675476]}  
-0.14057691395282745 -2.6504361629486084 -2.30816388130188 [ 0.2611981   0.02084915  0.19325062  0.04519156  0.12790195  0.22920865
  0.10203633  0.05382582] {'loss': [0.033345017582178116, 0.010955959558486938]}  
-0.9687560796737671 -3.185239553451538 -2.808164358139038 [ 0.0790132   0.06278946  0.06780743  0.12959904  0.04829882  0.24963917
  0.27164557  0.05637958] {'loss': [0.03065999411046505, 0.015920227393507957]}  
-1.9552671909332275 -3.2553746700286865 2.975022077560425 [ 0.03598807  0.13478422  0.01860542  0.42659413  0.06772767  0.1111415
  0.31470557  0.21157748] {'loss': [0.017971688881516457, 0.030185321345925331]}  
-2.827157735824585 -3.03161883354187 2.8833558559417725 [ 0.02936851  0.10702406  0.01838759  0.58487963  0.08288706  0.07238048
  0.26733413  0.2136047 ] {'loss': [0.027230892330408096, 0.02089313417673111]}  
-3.6973135471343994 -2.801781415939331 2.8833558559417725 [ 0.02531371  0.07889667  0.01899496  0.72479779  0.10939676  0.08740993
  0.23727415  0.18958629] {'loss': [0.047105889767408371, 0.039372175931930542]}  
-4.586726665496826 -2.726686716079712 -3.0164949893951416 [ 0.02319648  0.01268078  1.          0.41004788  0.16052818  0.14912946
  0.2389216   0.09307945] {'loss': [0.030517388135194778, 0.031068533658981323]}  
-5.423737049102783 -3.0432348251342773 -2.566495180130005 [ 0.04579873  0.76530662  0.57158369  0.22502989  0.16806787  0.26844614
  0.20049416  0.01977362] {'loss': [0.015036758966743946, 0.035690560936927795]}  
-6.092146396636963 -3.7785587310791016 -2.066494941711426 [ 0.35235434  0.42411246  0.25989507  0.31282351  0.32976193  0.3969192
  0.10031584  0.03543055] {'loss': [0.015223401598632336, 0.014734044671058655]}  
-6.3272013664245605 -4.6414055824279785 -1.616496205329895 [ 0.27515877  0.17579545  0.39294698  0.37107448  0.82944517  0.460797
  0.01817353  0.02852037] {'loss': [0.01857917383313179, 0.024215569719672203]}  
-6.122389793395996 -5.6078596115112305 -1.1164957284927368 [ 0.14257641  0.31232553  0.49889245  1.          1.          0.29726665
  0.03258881  0.1557471 ] {'loss': [0.045873712748289108, 0.061501163989305496]}  
-5.8112263679504395 -6.010000705718994 -1.0914943218231201 [ 0.11339161  0.2634319   1.          1.          1.          0.68176599
  0.03062857  0.13094247] {'loss': [0.060568045824766159, 0.063546545803546906]}  
-6.1356706619262695 -5.52223014831543 -0.6581600308418274 [ 0.21685038  0.34607186  1.          1.          0.959881    0.01843987
  0.00882052  0.17568026] {'loss': [0.052518893033266068, 0.047770597040653229]}  
-5.390510559082031 -5.971134185791016 -0.4664933979511261 [ 0.18902807  0.53499589  1.          1.          1.          0.0187456
  0.01073918  0.1359702 ] {'loss': [0.053040854632854462, 0.067711599171161652]}  
-4.523096084594727 -6.173711776733398 -0.01649218425154686 [ 0.16281947  1.          1.          1.          0.02349111  0.04229641
  0.13766965  0.07741701] {'loss': [0.051954511553049088, 0.043843831866979599]}  
-3.5239005088806152 -6.133965969085693 0.04184219613671303 [ 0.11262924  1.          1.          1.          0.02751876  0.05014355
  0.13941269  0.06399174] {'loss': [0.056654524058103561, 0.045693915337324142]}  
-2.6246867179870605 -6.096320629119873 0.041842903941869736 [ 0.08501281  1.          1.          1.          0.03213782  0.0691964
  0.0133198   0.06490152] {'loss': [0.051551364362239838, 0.05079970508813858]}  
-1.6255578994750977 -6.054492473602295 0.04184335097670555 [ 0.06475565  1.          1.          1.          0.03877803  0.07796372
  0.01338439  0.06593537] {'loss': [0.051194828003644943, 0.056776858866214752]}  
-0.726344108581543 -6.016847133636475 0.041843753308057785 [ 0.05213242  1.          1.          1.          0.04668546  0.07908919
  0.01344292  0.06688706] {'loss': [0.061522070318460464, 0.046792145818471909]}  
0.17286846041679382 -5.979201793670654 0.04184451699256897 [ 0.04287031  1.          1.          1.          0.05728332  0.08023925
  0.01350184  0.06785947] {'loss': [0.064037993550300598, 0.042539454996585846]}  
1.1692426204681396 -5.905441761016846 0.15851210057735443 [ 0.13139226  1.          1.          1.          0.07215399  0.0997246
  0.01329336  0.05232465] {'loss': [0.055397965013980865, 0.061968665570020676]}  
2.057957649230957 -5.763383388519287 0.15851210057735443 [ 0.09712446  1.          1.          1.          0.09335993  0.10548698
  0.01351663  0.05534813] {'loss': [0.04625803604722023, 0.066522613167762756]}  
2.897292375564575 -5.452907562255859 0.5668461918830872 [ 0.66007069  1.          1.          0.12025856  0.09109687  0.17224588
  0.02759172  0.02477605] {'loss': [0.054152566939592361, 0.053013600409030914]}  
3.6361944675445557 -4.7806396484375 0.7168453335762024 [ 0.45306615  1.          0.57680304  0.16753373  0.1083923   0.2454952
  0.03468693  0.02314442] {'loss': [0.044231612235307693, 0.027945613488554955]}  
4.521763324737549 -4.346320152282715 0.21684624254703522 [ 0.03384975  0.48725873  0.64512004  0.19171096  0.23761435  0.22487997
  0.29773624  0.04484542] {'loss': [0.016576683148741722, 0.0094025181606411934]}  
5.509355068206787 -4.190008163452148 0.20017991960048676 [ 0.02177409  0.41155986  0.57714242  0.30299692  0.42490158  0.23559885
  0.33038717  0.03402462] {'loss': [0.015917403623461723, 0.0088322823867201805]}  
6.320783615112305 -3.811762571334839 0.6501801609992981 [ 0.16560975  0.45260774  0.29771775  0.81365612  0.53293817  0.41905815
  0.27447981  0.01568406] {'loss': [0.011393331922590733, 0.0128971878439188]}  
6.360071659088135 -3.79103684425354 1.100178837776184 [ 0.35163666  0.40582482  0.69538133  0.80254185  0.34847969  0.40218157
  0.0323304   0.04063053] {'loss': [0.0136087816208601, 0.012252997606992722]}  
6.508784294128418 -3.2461917400360107 1.5501737594604492 [ 0.31927151  0.48072117  1.          0.53978792  0.65939934  0.34907504
  0.01557256  0.15052224] {'loss': [0.023411581292748451, 0.026714308187365532]}  
6.488348960876465 -3.1854641437530518 2.000173330307007 [ 0.26387914  0.88493592  0.84432464  0.58336284  0.55659146  0.0348265
  0.05292019  0.27657144] {'loss': [0.030944792553782463, 0.030151350423693657]}  
5.942211627960205 -2.484231472015381 2.4501733779907227 [ 0.36839441  0.6248828   0.7804943   1.          0.55316519  0.01657191
  0.12850008  0.21796617] {'loss': [0.026060530915856361, 0.020669551566243172]}  
5.143455505371094 -2.0929102897644043 2.900175094604492 [ 0.34221149  0.59750394  1.          1.          0.04976503  0.04758776
  0.17151507  0.13508672] {'loss': [0.023744765669107437, 0.023791827261447906]}  
4.1498613357543945 -2.0849876403808594 -3.0413427352905273 [ 0.21361367  1.          1.          0.9540264   0.0211154   0.10837245
  0.17893695  0.12937431] {'loss': [0.030946377664804459, 0.04438311979174614]}  
3.15488338470459 -2.1850662231445312 -3.0413427352905273 [ 0.14094453  1.          1.          0.05343511  0.02455371  0.11313485
  0.1868003   0.08536252] {'loss': [0.035817325115203857, 0.031659319996833801]}  
2.1677439212799072 -2.094970464706421 2.8168435096740723 [ 0.09133592  0.46428355  1.          0.01792155  0.11077464  0.03741446
  0.16541583  0.14573408] {'loss': [0.029411273077130318, 0.030433172360062599]}  
1.3266854286193848 -1.562225580215454 2.4501771926879883 [ 0.06037406  0.07785413  1.          0.02416151  0.10034185  0.0335936
  0.08812213  0.14718842] {'loss': [0.042413264513015747, 0.039981022477149963]}  
0.7474860548973083 -0.7549980878829956 1.9501761198043823 [ 0.09577635  0.05692194  1.          0.20077926  0.02373927  0.18635844
  0.03249486  0.09498843] {'loss': [0.026634965091943741, 0.027581555768847466]}  
0.5735685229301453 0.22670021653175354 1.6335084438323975 [ 0.08213225  0.03646615  1.          0.46922211  0.03265972  0.13667687
  0.23823856  0.04711907] {'loss': [0.03349459171295166, 0.020475324243307114]}  
0.5587758421897888 1.2265851497650146 1.5835084915161133 [ 0.06310585  0.55092704  1.          0.52361074  0.03968231  0.12376921
  0.24136265  0.03236028] {'loss': [0.015423963777720928, 0.014301608316600323]}  
0.547336757183075 2.1265125274658203 1.5835084915161133 [ 0.05093836  0.54445185  1.          0.51745669  0.04788201  0.02333616
  0.24272489  0.02612086] {'loss': [0.011928225867450237, 0.0090402057394385338]}  
0.5358976721763611 3.0264344215393066 1.5835084915161133 [ 0.04197849  0.53809036  1.          0.51141047  0.05891289  0.02871226
  0.24409868  0.0215263 ] {'loss': [0.023748859763145447, 0.017379460856318474]}  
0.4894524812698364 3.9233760833740234 1.7668417692184448 [ 0.0339833   0.68829657  0.97218633  0.05071494  0.07163244  0.02729389
  0.24042493  0.02405979] {'loss': [0.023955456912517548, 0.021023254841566086]}  
0.18609735369682312 4.765827178955078 2.0835068225860596 [ 0.1787208   0.70640004  0.04465101  0.08756847  0.07271009  0.03913166
  0.22229249  0.02788769] {'loss': [0.035230968147516251, 0.033025268465280533]}  
-0.4168927073478699 5.418678283691406 2.53350830078125 [ 0.32147717  0.04931166  0.07847093  0.1145292   0.03939186  0.39883135
  0.13717644  0.02622438] {'loss': [0.060701802372932434, 0.049524430185556412]}  
-1.3451770544052124 5.753907680511475 3.0335092544555664 [ 0.19011613  0.05147232  0.13201667  0.08234983  0.05869497  0.50886411
  0.02512265  0.10651049] {'loss': [0.050701841711997986, 0.055700235068798065]}  
-2.3437435626983643 5.80571174621582 3.091843605041504 [ 0.03421486  0.06148905  0.13620362  0.07505226  0.07694909  1.          0.0251829
  0.07821416] {'loss': [0.06244460865855217, 0.054238699376583099]}  
-3.339120388031006 5.894855976104736 3.008512020111084 [ 0.11702765  0.05193161  0.13845155  0.08900119  0.10205062  1.          1.
  0.01572966] {'loss': [0.082979992032051086, 0.10513534396886826]}  
-4.258543014526367 6.268575668334961 2.516845941543579 [ 0.05897324  0.02402281  0.1075388   0.15695285  0.09552757  0.13942246
  1.          1.        ] {'loss': [0.11007498204708099, 0.11052443087100983]}  
-4.379752159118652 6.4698591232299805 2.016846179962158 [ 1.          0.07615736  0.03357071  0.1558587   0.14069515  0.13508618
  0.5271539   1.        ] {'loss': [0.11930406838655472, 0.13155674934387207]}  
-4.5707316398620605 7.242964267730713 1.5168461799621582 [ 0.97128507  0.03647682  0.02340534  0.1151747   0.25291275  0.13826501
  0.16352418  0.44231682] {'loss': [0.094395682215690613, 0.10585653036832809]}  
-4.5707316398620605 7.242964267730713 1.066841959953308 [ 0.7531719   0.89384195  0.06211233  0.02153917  0.19611819  0.23274725
  0.12680289  0.15048595] {'loss': [0.061310019344091415, 0.066537529230117798]}  
-4.268588542938232 7.513601303100586 0.6168408989906311 [ 0.26611871  0.75720328  0.01291722  0.02385119  0.09841572  0.28002782
  0.18892575  0.14329629] {'loss': [0.048071835190057755, 0.041000615805387497]}  
-3.3507089614868164 7.8911519050598145 0.29184040427207947 [ 0.09767538  0.43809349  0.01706884  0.08999391  0.0297005   0.27825761
  0.32908718  0.08258882] {'loss': [0.048792432993650436, 0.034990459680557251]}  
-2.3787457942962646 8.11252212524414 0.1251746565103531 [ 0.0781214   0.29867105  0.01775889  0.10391814  0.03313996  0.25810022
  0.40725917  0.15560739] {'loss': [0.047488365322351456, 0.045740894973278046]}  
-1.4857890605926514 8.224891662597656 0.12517648935317993 [ 0.0616405   0.27673749  0.01749385  0.15538916  0.03931791  0.27781774
  0.43837023  0.16749366] {'loss': [0.020269781351089478, 0.030226396396756172]}  
-0.49361488223075867 8.349746704101562 0.12517841160297394 [ 0.04877836  0.16888196  0.01720627  0.15378742  0.04844835  0.30249716
  0.4773101   0.18237125] {'loss': [0.04168374091386795, 0.047044578939676285]}  
0.3993431031703949 8.462116241455078 0.1251802295446396 [ 0.04035771  0.10005654  0.01695346  0.14330492  0.05968662  0.32763229
  0.51696923  0.19752322] {'loss': [0.043481584638357162, 0.032464910298585892]}  
1.1307718753814697 8.49288272857666 -0.008152157068252563 [ 0.03531582  0.09432102  0.01713745  0.18926028  0.07388114  0.26536606
  0.5394927   0.27416238] {'loss': [0.02843129076063633, 0.048937655985355377]}  
1.1307718753814697 8.49288272857666 -0.008151251822710037 [ 0.03531582  0.09432078  0.01713745  0.18925993  0.07388114  0.26536671
  0.5394927   0.27416175] {'loss': [0.039292674511671066, 0.029829584062099457]}  
1.1307718753814697 8.49288272857666 -0.008150346577167511 [ 0.03531582  0.09432065  0.01713745  0.18925957  0.07388114  0.26536726
  0.53949271  0.27416158] {'loss': [0.040732134133577347, 0.029718983918428421]}  
1.1307718753814697 8.49288272857666 -0.008149387314915657 [ 0.03531582  0.09432049  0.01713745  0.18925924  0.07388114  0.26536757
  0.53949272  0.27416091] {'loss': [0.035533756017684937, 0.026514779776334763]}  
1.1307718753814697 8.49288272857666 -0.008148493245244026 [ 0.03531582  0.09432027  0.01713745  0.18925882  0.07388114  0.26536812
  0.53949273  0.2741602 ] {'loss': [0.024945184588432312, 0.027931025251746178]}  
1.1307718753814697 8.49288272857666 -0.008147599175572395 [ 0.03531583  0.09432013  0.01713745  0.18925849  0.07388114  0.2653687
  0.53949274  0.2741601 ] {'loss': [0.023590339347720146, 0.026846259832382202]}  
1.1307718753814697 8.49288272857666 -0.008146794512867928 [ 0.03531583  0.09432001  0.01713744  0.18925822  0.07388114  0.26536896
  0.53949274  0.2741595 ] {'loss': [0.025002492591738701, 0.020628476515412331]}  
1.1307718753814697 8.49288272857666 -0.008145900443196297 [ 0.03531583  0.0943198   0.01713744  0.18925794  0.07388114  0.26536945
  0.53949275  0.27415888] {'loss': [0.029441233724355698, 0.026619251817464828]}  
1.1307718753814697 8.49288272857666 -0.008145006373524666 [ 0.03531583  0.09431965  0.01713745  0.18925753  0.07388114  0.26536982
  0.53949276  0.27415864] {'loss': [0.014862298965454102, 0.023764841258525848]}  
