1.0 0.0 2.4167984520317987e-05 [ 0.015625    0.22223298  0.44444444  0.50002417  0.99999976  0.4999758
  0.44444444  0.22221148] {'loss': [0.032881855964660645, 0.021123453974723816]}  
1.0 0.0 2.5066747184609994e-05 [ 0.015625    0.2222333   0.44444444  0.50002497  0.99999976  0.49997503
  0.44444444  0.22221111] {'loss': [0.027146253734827042, 0.025511037558317184]}  
1.0 0.0 2.5965509848902002e-05 [ 0.015625    0.22223377  0.44444444  0.50002587  0.99999976  0.49997407
  0.44444444  0.22221067] {'loss': [0.022552093490958214, 0.025197453796863556]}  
0.169165700674057 -0.041544631123542786 0.19169361889362335 [ 0.01673322  0.30845029  0.43898909  0.34704477  0.49391705  0.29555871
  0.42064164  0.13954846] {'loss': [0.016258390620350838, 0.012064779177308083]}  
0.007224950939416885 -0.07743844389915466 0.6416933536529541 [ 0.1640459   0.45756699  0.30426326  0.43634896  0.29015412  0.41267037
  0.2744089   0.01735327] {'loss': [0.0077290171757340431, 0.014472038485109806]}  
0.007224950939416885 -0.07743844389915466 1.1416913270950317 [ 0.38426913  0.4138598   0.36644997  0.39466853  0.34656456  0.37325184
  0.075794    0.05444929] {'loss': [0.012001722119748592, 0.01073087751865387]}  
0.0201791413128376 0.22202184796333313 1.5916881561279297 [ 0.39748052  0.23098543  0.45058178  0.25636215  0.50008416  0.24380081
  0.01772593  0.20376364] {'loss': [0.021409474313259125, 0.023826822638511658]}  
0.0010676899692043662 0.4377536475658417 2.041686534881592 [ 0.27106508  0.39998855  0.35619226  0.54795435  0.48795665  0.06132747
  0.06739741  0.30439435] {'loss': [0.021770929917693138, 0.016620729118585587]}  
-0.2575879395008087 0.6561631560325623 2.541688919067383 [ 0.25818827  0.37145901  0.4787734   0.68881782  0.23212422  0.01776664
  0.20467451  0.29446804] {'loss': [0.015900000929832458, 0.01445966400206089]}  
-1.0893850326538086 0.972549319267273 2.991689443588257 [ 0.23705465  0.33267389  0.94199046  0.63330199  0.02006288  0.08762097
  0.24810509  0.16680153] {'loss': [0.020605122670531273, 0.013961748220026493]}  
-1.9790105819702148 0.8944751620292664 -2.8414952754974365 [ 0.14991575  0.70962994  0.83936612  0.20544795  0.02165594  0.2029765
  0.24008508  0.12674413] {'loss': [0.024361219257116318, 0.031857069581747055]}  
-2.7699875831604004 0.4683688282966614 -2.574828624725342 [ 0.18378642  0.60756336  0.45377021  0.02536787  0.0943859   0.31202206
  0.23303957  0.11561831] {'loss': [0.015217103995382786, 0.011782375164330006]}  
-3.5292673110961914 -0.014845598489046097 -2.574828624725342 [ 0.12914966  0.42694451  0.3188717   0.02882861  0.12709981  0.42016806
  0.31381043  0.09018888] {'loss': [0.010241187177598476, 0.0084195015951991081]}  
-4.46237850189209 -0.3422832787036896 -2.9748287200927734 [ 0.07047023  0.23883493  0.34994426  0.02375934  0.03481251  0.37350738
  0.54726819  0.18926713] {'loss': [0.015935664996504784, 0.020522717386484146]}  
-5.353533744812012 -0.4564979672431946 -3.1164939403533936 [ 0.05774545  0.17592801  0.3348337   0.15911677  0.04266331  0.32433943
  0.61729647  0.29334629] {'loss': [0.009136740118265152, 0.015800170600414276]}  
-6.253262519836426 -0.479084849357605 -3.116492986679077 [ 0.04702516  0.17365057  0.33049863  0.02724569  0.05185508  0.33017504
  0.62840215  0.29862314] {'loss': [0.022877132520079613, 0.028036847710609436]}  
-7.1452956199646 -0.3993928134441376 2.8583600521087646 [ 0.0440524   0.08196407  0.31801892  0.01535301  0.05956933  0.14273117
  0.55379434  0.4551154 ] {'loss': [0.028085192665457726, 0.024932889267802238]}  
-7.995419979095459 0.1142628863453865 2.35836124420166 [ 0.20653716  0.03322493  0.23932475  0.46875345  0.04133849  0.08096768
  0.21539706  0.42188791] {'loss': [0.019871175289154053, 0.022173900157213211]}  
-8.592324256896973 0.7883818745613098 2.2916946411132812 [ 0.16044698  0.02975507  0.34449407  0.78742135  0.04215493  0.09635487
  0.12387163  0.28313744] {'loss': [0.034405011683702469, 0.02872624434530735]}  
-9.186336517333984 1.4644724130630493 2.2916946411132812 [ 0.11518195  0.02692001  0.7042397   0.61533448  0.0511736   0.11696914
  0.08892516  0.20325919] {'loss': [0.026305247098207474, 0.039288412779569626]}  
-9.780370712280273 2.140564203262329 2.2916946411132812 [ 0.0866831   0.02447156  1.          0.02394831  0.06342989  0.14498369
  0.08215869  0.15296789] {'loss': [0.042147576808929443, 0.034433033317327499]}  
-10.29054069519043 2.8786394596099854 1.9750310182571411 [ 0.09867464  0.01967975  1.          0.32529574  0.02883289  0.1555461
  0.15050815  0.10197749] {'loss': [0.036645222455263138, 0.029610550031065941]}  
-10.527605056762695 3.7466013431549072 1.8083646297454834 [ 0.08422168  0.02418637  1.          0.46979851  0.02958044  0.14521918
  0.18824027  0.0649734 ] {'loss': [0.034446436911821365, 0.029857663437724113]}  
-10.739418029785156 4.6213274002075195 1.8083646297454834 [ 0.06588851  0.97217616  1.          0.36189288  0.03475152  0.15998929
  0.20738591  0.05955608] {'loss': [0.031062757596373558, 0.039740249514579773]}  
-10.841176986694336 5.513696193695068 1.625030517578125 [ 0.05567424  0.65513634  1.          0.52714739  0.04385595  0.1280419
  0.23039015  0.10302736] {'loss': [0.033733520656824112, 0.035061508417129517]}  
-10.889951705932617 6.412376880645752 1.625030517578125 [ 0.04549911  0.62172643  1.          0.5002647   0.05345654  0.13109761
  0.23588833  0.10548608] {'loss': [0.026350235566496849, 0.038722280412912369]}  
-10.922067642211914 7.311209678649902 1.50003182888031 [ 0.03784062  0.4728552   1.          0.6073866   0.06653255  0.1054046
  0.23986049  0.13539331] {'loss': [0.028878215700387955, 0.029132187366485596]}  
-10.736295700073242 8.190350532531738 1.3333618640899658 [ 0.0304394   0.35685447  1.          0.02307949  0.08033723  0.06196257
  0.2086258   0.16090901] {'loss': [0.010476465336978436, 0.028094260022044182]}  
-10.401567459106445 9.023117065429688 1.1500276327133179 [ 0.03174828  0.25398432  1.          0.01939985  0.09188381  0.09625936
  0.15854173  0.16609149] {'loss': [0.027549473568797112, 0.023469870910048485]}  
-9.861525535583496 9.729072570800781 0.7000262141227722 [ 0.08824134  0.02466534  1.          0.0487894   0.06020152  0.14138845
  0.08202938  0.1520955 ] {'loss': [0.023949816823005676, 0.024511663243174553]}  
-9.066213607788086 10.127284049987793 0.25002604722976685 [ 0.10735299  0.02905536  1.          0.81409091  0.02554355  0.12521165
  0.15667438  0.08579478] {'loss': [0.042769409716129303, 0.043119870126247406]}  
-8.171555519104004 10.202857971191406 0.04169362783432007 [ 0.08647844  0.03970679  1.          1.          0.03180475  0.09406604
  0.17336548  0.07960119] {'loss': [0.036832720041275024, 0.047428563237190247]}  
-7.272341728210449 10.240348815917969 0.041694436222314835 [ 0.06744666  1.          1.          1.          0.0375971   0.09555321
  0.17610615  0.08085944] {'loss': [0.049151293933391571, 0.055169623345136642]}  
-6.3731279373168945 10.277839660644531 0.041695237159729004 [ 0.05407017  1.          1.          1.          0.04512892  0.097076
  0.17891233  0.0821478 ] {'loss': [0.048548266291618347, 0.063861943781375885]}  
-5.4799275398254395 10.386878967285156 0.13336291909217834 [ 0.04365677  1.          1.          0.77313632  0.05421894  0.11841047
  0.18410774  0.06901107] {'loss': [0.046957835555076599, 0.050271935760974884]}  
-4.587923526763916 10.506560325622559 0.13336291909217834 [ 0.03647527  1.          1.          0.65467792  0.06765398  0.1247926
  0.19403078  0.07273061] {'loss': [0.029479105025529861, 0.039996456354856491]}  
-3.6959195137023926 10.626242637634277 0.13336291909217834 [ 0.03093033  0.96342701  1.          0.56149678  0.08677953  0.13170489
  0.20477831  0.07675921] {'loss': [0.032219298183917999, 0.031022807583212852]}  
-2.803915500640869 10.745924949645996 0.13336291909217834 [ 0.02655999  0.83539889  1.          0.48688046  0.11532949  0.13920792
  0.2164442   0.08113205] {'loss': [0.046180889010429382, 0.015531915239989758]}  
-1.9119107723236084 10.865607261657715 0.13336291909217834 [ 0.02305449  0.73129322  1.          0.42620651  0.16069016  0.14737085
  0.22913611  0.0858895 ] {'loss': [0.022904276847839355, 0.021754331886768341]}  
-1.0199003219604492 10.985289573669434 0.13336291909217834 [ 0.02019981  0.6455012   1.          0.37620582  0.2392064   0.15627334
  0.24297801  0.09107797] {'loss': [0.012229268439114094, 0.016911083832383156]}  
-0.12940050661563873 11.115647315979004 0.22502979636192322 [ 0.01732805  0.64122369  0.86141251  0.2840539   0.38159445  0.18714373
  0.25140671  0.07644792] {'loss': [0.015145127661526203, 0.021846489980816841]}  
0.686797022819519 11.489375114440918 0.5166965126991272 [ 0.16069907  0.61206743  0.49777787  0.67776086  0.5512044   0.29748183
  0.24193389  0.02255617] {'loss': [0.0054654143750667572, 0.010236429981887341]}  
1.5058724880218506 12.05856990814209 0.8083633780479431 [ 0.22534457  0.43778343  0.89421272  1.          0.8433711   0.45106399
  0.21897988  0.01472   ] {'loss': [0.027321860194206238, 0.024029746651649475]}  
1.5727957487106323 12.12071418762207 1.2583613395690918 [ 0.36989499  0.39429539  1.          1.          0.43452712  0.38561445
  0.04796533  0.08246803] {'loss': [0.024264335632324219, 0.032347422093153]}  
1.5527421236038208 12.41958999633789 1.7083595991134644 [ 0.34634672  1.          1.          0.71517854  0.56871724  0.21525364
  0.01434875  0.22110695] {'loss': [0.029668612405657768, 0.041684549301862717]}  
1.4212960004806519 12.884167671203613 2.1583566665649414 [ 0.48087411  1.          1.          0.85606126  0.6257925   0.03744485
  0.07943957  0.25402192] {'loss': [0.048127852380275726, 0.046187113970518112]}  
1.2767616510391235 12.974685668945312 2.6583571434020996 [ 1.          1.          0.74080761  0.87321509  0.21235886  0.01378181
  0.19910534  0.23469223] {'loss': [0.040103573352098465, 0.057768095284700394]}  
0.41489696502685547 13.210549354553223 2.983358383178711 [ 0.5988467   0.42644184  1.          0.81179695  0.03074516  0.0779947
  0.22084614  0.21149036] {'loss': [0.030712375417351723, 0.036459948867559433]}  
-0.47923335433006287 13.27506160736084 -3.0831594467163086 [ 0.33570405  0.7531005   1.          0.5958162   0.01881954  0.1220253
  0.21782014  0.18806503] {'loss': [0.028580367565155029, 0.032330360263586044]}  
-1.4754719734191895 13.193845748901367 -2.9998245239257812 [ 0.19863353  0.79077033  1.          0.44504715  0.02132756  0.14503386
  0.22213409  0.12968996] {'loss': [0.022445514798164368, 0.015245622955262661]}  
-2.366446018218994 13.066696166992188 -2.9998228549957275 [ 0.1378116   0.68982075  1.          0.38822967  0.02443346  0.15422907
  0.23621689  0.08997902] {'loss': [0.0072877183556556702, 0.012342888861894608]}  
-3.2574198246002197 12.939546585083008 -2.9998209476470947 [ 0.1011821   0.60703698  0.92973448  0.34163724  0.02827074  0.16432734
  0.25168256  0.09248244] {'loss': [0.01075381226837635, 0.011334185488522053]}  
-4.148393630981445 12.812397003173828 -2.99981951713562 [ 0.07742897  0.53830859  0.82446776  0.30295529  0.03308843  0.17545079
  0.26871834  0.09874209] {'loss': [0.010888181626796722, 0.0065184733830392361]}  
-5.044342517852783 12.771212577819824 3.091700315475464 [ 0.06217266  0.36169898  0.80143715  0.4417363   0.03998885  0.02204107
  0.28092556  0.15484071] {'loss': [0.0072856023907661438, 0.011979506351053715]}  
-5.943221569061279 12.816119194030762 3.091701030731201 [ 0.05026086  0.37671044  0.8346972   0.46006824  0.04828854  0.02661564
  0.27434869  0.15121543] {'loss': [0.013372965157032013, 0.00625947630032897]}  
-6.842100620269775 12.8610258102417 3.0917015075683594 [ 0.04147115  0.39267562  0.87007074  0.47956481  0.05946816  0.03277759
  0.26799984  0.14771587] {'loss': [0.0036644358187913895, 0.0060813571326434612]}  
-7.7409796714782715 12.905932426452637 3.0917019844055176 [ 0.03480064  0.40967742  0.90774393  0.50032855  0.07503227  0.04135618
  0.26186898  0.14433673] {'loss': [0.0079813292250037193, 0.008694949559867382]}  
-8.639883041381836 12.950422286987305 3.1000356674194336 [ 0.02961895  0.42780772  0.94791539  0.52247041  0.09761414  0.05380285
  0.25594612  0.14107201] {'loss': [0.0080894306302070618, 0.0078360289335250854]}  
-9.607399940490723 12.734298706054688 -2.6998157501220703 [ 0.14516281  0.70399121  0.64896239  0.12058743  0.11116145  0.01543912
  0.23174705  0.03218716] {'loss': [0.016078433021903038, 0.018941400572657585]}  
-10.41923999786377 12.345036506652832 -2.641482353210449 [ 0.12884299  0.52945556  0.44901635  0.17244515  0.1462459   0.01576526
  0.27383879  0.02951975] {'loss': [0.015193141996860504, 0.011201455257833004]}  
-11.084688186645508 11.744861602783203 -2.191483497619629 [ 0.25311305  0.37772767  0.16892125  0.25208591  0.08943104  0.01785345
  0.17845093  0.019729  ] {'loss': [0.022315362468361855, 0.029385197907686234]}  
-11.476454734802246 10.828112602233887 -1.8831483125686646 [ 0.21295088  0.1863453   0.29006824  0.25382785  0.03024808  0.1365106
  0.10736296  0.04881188] {'loss': [0.03228456899523735, 0.014881055802106857]}  
-11.753008842468262 9.971657752990723 -1.8831483125686646 [ 0.14601242  0.12776999  0.34141555  0.29876002  0.03560254  0.11036963
  0.36360179  0.03346848] {'loss': [0.020796528086066246, 0.021613560616970062]}  
-12.02744197845459 9.010741233825684 -1.7664817571640015 [ 0.10907332  0.13939512  0.43368058  0.31132562  0.02646324  0.13555327
  0.42172777  0.03505872] {'loss': [0.021274808794260025, 0.016242761164903641]}  
-12.202433586120605 8.127903938293457 -1.7664817571640015 [ 0.08267332  0.15733641  0.48949881  0.35139559  0.03080887  0.12111539
  0.37680947  0.02657315] {'loss': [0.01697845570743084, 0.012071249075233936]}  
-12.364950180053711 7.2428412437438965 -1.658147931098938 [ 0.06672153  0.2327147   0.56950283  0.34203475  0.03741315  0.14329648
  0.35067699  0.02726426] {'loss': [0.0077609745785593987, 0.019252918660640717]}  
-12.443485260009766 6.346279621124268 -1.658147931098938 [ 0.05362288  0.25224488  0.60597915  0.35838136  0.04496223  0.02659106
  0.33533548  0.02232108] {'loss': [0.015420987270772457, 0.0050978045910596848]}  
-12.522034645080566 5.449731826782227 -1.658147931098938 [ 0.04397963  0.26846791  0.64495218  0.38143051  0.05494808  0.03249679
  0.32053531  0.18956736] {'loss': [0.0088102752342820168, 0.0047081783413887024]}  
-12.567965507507324 4.551519870758057 -1.574815034866333 [ 0.03699246  0.33538095  0.67618547  0.34081567  0.06922328  0.03489037
  0.31422733  0.15837906] {'loss': [0.0034119563642889261, 0.0053800055757164955]}  
-12.571579933166504 3.6515467166900635 -1.574815034866333 [ 0.03133393  0.33637998  0.67819971  0.34183093  0.08906413  0.04489069
  0.3135918   0.1580587 ] {'loss': [0.0031260969117283821, 0.0047662742435932159]}  
-12.57518482208252 2.751547336578369 -1.574815034866333 [ 0.02688088  0.33738087  0.68021707  0.34284792  0.1188407   0.05989888
  0.01648899  0.15774011] {'loss': [0.010789924301207066, 0.0098333293572068214]}  
-12.481910705566406 1.8620926141738892 -1.2664828300476074 [ 0.0540916   0.4952888   0.58171326  0.14051622  0.15181634  0.03667217
  0.28631867  0.07250573] {'loss': [0.01330266147851944, 0.013273803517222404]}  
-12.028080940246582 1.0974828004837036 -0.81648188829422 [ 0.21183601  0.45917516  0.24805344  0.23370136  0.12624895  0.01763054
  0.23180496  0.02077197] {'loss': [0.012032292783260345, 0.018548190593719482]}  
-11.306961059570312 0.5664752125740051 -0.5748147368431091 [ 0.209761    0.28477022  0.21817923  0.29619871  0.09155278  0.03018317
  0.21686766  0.01843103] {'loss': [0.0097852805629372597, 0.012232325971126556]}  
-10.602832794189453 0.008930092677474022 -0.8581472635269165 [ 0.09105424  0.20808815  0.18777283  0.42912112  0.24313391  0.02145857
  0.19985369  0.01781501] {'loss': [0.024235399439930916, 0.026530072093009949]}  
-10.184123992919922 -0.7830398082733154 -1.2414799928665161 [ 0.01724364  0.13848042  0.15598988  0.62367608  0.70253368  0.15651808
  0.02853034  0.22912164] {'loss': [0.036392506211996078, 0.04017716646194458]}  
-9.711225509643555 -1.535905122756958 -0.7914796471595764 [ 0.07005786  0.14424446  0.86365363  1.          0.91492164  0.02466053
  0.09590404  0.01468873] {'loss': [0.054927505552768707, 0.051562581211328506]}  
-8.956214904785156 -2.00538969039917 -0.34147900342941284 [ 0.09765539  0.69623907  1.          1.          0.45934233  0.02861538
  0.14185018  0.01969998] {'loss': [0.033991459757089615, 0.03526875376701355]}  
-8.069411277770996 -2.0980162620544434 0.10852201282978058 [ 0.08323727  1.          1.          1.          0.03212528  0.09207435
  0.15204378  0.05040663] {'loss': [0.037318449467420578, 0.035222217440605164]}  
-7.144171714782715 -1.7392125129699707 0.6085217595100403 [ 0.8403883   1.          1.          0.08934069  0.0561321   0.16999708
  0.02082093  0.06305661] {'loss': [0.076329723000526428, 0.056573856621980667]}  
-6.546974182128906 -1.071097493171692 1.0585205554962158 [ 0.84692389  1.          0.27842978  0.04073989  0.17780482  0.22007755
  0.0422945   0.07707535] {'loss': [0.068274438381195068, 0.073447883129119873]}  
-6.297544002532959 -0.21217453479766846 1.5001851320266724 [ 0.53093554  0.30434821  0.04601894  0.16149779  0.37403452  0.02270382
  0.05258282  0.22924338] {'loss': [0.053208686411380768, 0.054867859929800034]}  
-6.229069709777832 0.684977650642395 1.4335187673568726 [ 0.29764798  0.18992006  0.04614101  0.26648112  0.70359344  0.44894157
  0.05118774  0.1127321 ] {'loss': [0.03682582825422287, 0.044910337775945663]}  
-6.122161865234375 1.08755362033844 0.9335155487060547 [ 0.15654932  0.2335927   0.08285558  0.04690192  0.71515404  1.
  0.37850374  0.04951899] {'loss': [0.063656672835350037, 0.055927108973264694]}  
-5.8405442237854 1.2727922201156616 0.483514666557312 [ 0.04940022  0.20295531  0.17210017  0.0465843   0.29114801  1.          1.
  0.04396869] {'loss': [0.070339806377887726, 0.074015006422996521]}  
-4.877040386199951 1.4973690509796143 0.05851544067263603 [ 0.0391577   0.11057047  0.19734223  0.08744895  0.06370659  0.98536696
  1.          0.77931591] {'loss': [0.10749370604753494, 0.090966127812862396]}  
-3.8787455558776855 1.5558524131774902 0.058516789227724075 [ 0.03242405  0.10774836  0.19230494  0.08521652  0.08343761  1.          1.
  0.843578  ] {'loss': [0.098816558718681335, 0.11166771501302719]}  
-2.880463123321533 1.6143388748168945 0.05851723998785019 [ 0.02728902  0.10503266  0.18745787  0.08306856  0.11398501  1.          1.
  0.91613586] {'loss': [0.12392746657133102, 0.10780380666255951]}  
-1.881697177886963 1.6582518815994263 0.00851784273982048 [ 0.02336055  0.09375603  0.18435799  0.09061532  0.16556796  1.          1.
  1.        ] {'loss': [0.10936994105577469, 0.11794687807559967]}  
-0.8817338943481445 1.666770577430725 0.008518848568201065 [ 0.02016132  0.09341424  0.18368549  0.13270535  0.26094576  1.          1.
  1.        ] {'loss': [0.11760300397872925, 0.11368472874164581]}  
-0.44841647148132324 1.6703200340270996 0.00851985439658165 [ 0.01888896  0.09325544  0.18337286  0.17105201  0.33634815  1.          1.
  1.        ] {'loss': [0.12935724854469299, 0.099394768476486206]}  
-0.44841647148132324 1.6703200340270996 0.008520860224962234 [ 0.01888895  0.09325564  0.18337285  0.17105233  0.33634815  1.          1.
  1.        ] {'loss': [0.11359940469264984, 0.10288438946008682]}  
-0.44841647148132324 1.6703200340270996 0.00852186605334282 [ 0.01888895  0.09325581  0.18337285  0.17105268  0.33634814  1.          1.
  1.        ] {'loss': [0.11407067626714706, 0.10368431359529495]}  
-0.44841647148132324 1.6703200340270996 0.008522871881723404 [ 0.01888895  0.09325599  0.18337285  0.17105299  0.33634813  1.          1.
  1.        ] {'loss': [0.10851667076349258, 0.10804835706949234]}  
-0.44841647148132324 1.6703200340270996 0.008523877710103989 [ 0.01888895  0.09325619  0.18337284  0.17105335  0.33634813  1.          1.
  1.        ] {'loss': [0.1098315641283989, 0.09660012274980545]}  
-0.44841647148132324 1.6703200340270996 0.008525079116225243 [ 0.01888895  0.09325641  0.18337284  0.17105375  0.33634812  1.          1.
  1.        ] {'loss': [0.10230913013219833, 0.093600273132324219]}  
