1.0 0.0 1.7676920833764598e-05 [ 0.04        0.22223006  0.44444444  0.22221438  0.03305785  0.22223006
  0.44444444  0.22221433] {'loss': [0.010545180179178715, 0.0078174574300646782]}  
1.6166489124298096 -0.0020713929552584887 -0.033314771950244904 [ 0.03568981  0.21118115  0.44428738  0.23338368  0.03684097  0.21106688
  0.44404694  0.23325729] {'loss': [0.010705872438848019, 0.0058580297045409679]}  
2.503216505050659 -0.1516122967004776 -0.2999800145626068 [ 0.02788408  0.10959765  0.44760202  0.37834426  0.04041286  0.09130804
  0.3729065   0.31520631] {'loss': [0.0088572762906551361, 0.01858392171561718]}  
3.321920156478882 -0.5257067084312439 -0.4499795734882355 [ 0.02146577  0.06956367  0.52057298  0.57246828  0.12145903  0.04703362
  0.26415988  0.29049364] {'loss': [0.015292229130864143, 0.022102097049355507]}  
4.145554542541504 -0.8820670247077942 -0.27497920393943787 [ 0.02154585  0.21013146  0.81550147  0.67027971  0.06490995  0.06379431
  0.24758017  0.20349203] {'loss': [0.018151650205254555, 0.019391516223549843]}  
5.01776647567749 -1.101104497909546 -0.208311066031456 [ 0.01957682  0.326637    1.          0.77070122  0.07781086  0.07115017
  0.22880615  0.1678791 ] {'loss': [0.025472709909081459, 0.018550809472799301]}  
5.898312091827393 -1.2872326374053955 -0.20831061899662018 [ 0.0173263   0.40101493  1.          0.94619399  0.10175283  0.07465779
  0.2093245   0.15358492] {'loss': [0.026857327669858932, 0.022411618381738663]}  
6.781004428863525 -1.4589883089065552 -0.09997697919607162 [ 0.01594089  0.65692853  1.          1.          0.14331159  0.0880861
  0.19927615  0.1224846 ] {'loss': [0.033627599477767944, 0.031083272770047188]}  
7.680044651031494 -1.4985337257385254 -0.0416424497961998 [ 0.01440948  0.81110209  1.          0.95829613  0.2107064   0.11431547
  0.19749985  0.10715046] {'loss': [0.05347093939781189, 0.041623082011938095]}  
8.579258918762207 -1.535998821258545 -0.041641391813755035 [ 0.01297038  0.8530881   1.          1.          0.3346961   0.18158383
  0.1942493   0.10538676] {'loss': [0.040399149060249329, 0.041595999151468277]}  
9.478472709655762 -1.5734639167785645 -0.04164058715105057 [ 0.01173658  0.89842089  1.          1.          0.61176159  0.3319007
  0.1910784   0.10366623] {'loss': [0.065342046320438385, 0.086312659084796906]}  
10.375262260437012 -1.5465208292007446 0.20002709329128265 [ 0.06967697  1.          1.          1.          1.          0.45570956
  0.18567276  0.06029841] {'loss': [0.098625756800174713, 0.11359505355358124]}  
10.456489562988281 -1.5313754081726074 0.6500274538993835 [ 0.66442254  1.          1.          1.          1.          0.19080962
  0.12501288  0.01034979] {'loss': [0.11539401113986969, 0.091117225587368011]}  
10.795592308044434 -0.8884991407394409 1.2500247955322266 [ 0.84082511  0.75661232  1.          1.          0.28301238  0.20807319
  0.02697078  0.18228647] {'loss': [0.06182301789522171, 0.06414312869310379]}  
10.922309875488281 0.0005683907074853778 1.4916895627975464 [ 0.45654331  1.          1.          1.          0.42750992  0.24898793
  0.01001786  0.19351508] {'loss': [0.055657248944044113, 0.047993145883083344]}  
10.874321937561035 0.8928939700126648 1.8333585262298584 [ 0.25350034  1.          1.          0.82235648  0.80654868  0.22092175
  0.01711705  0.20118102] {'loss': [0.056013528257608414, 0.062928579747676849]}  
10.452964782714844 1.6760475635528564 2.2833571434020996 [ 0.72065601  1.          0.99852702  1.          1.          0.01047746
  0.07794076  0.18471145] {'loss': [0.098090127110481262, 0.096961475908756256]}  
9.731372833251953 2.1951138973236084 2.7333571910858154 [ 0.66781538  0.76436152  1.          1.          0.96279969  0.01941167
  0.12489522  0.12993472] {'loss': [0.084150306880474091, 0.071101970970630646]}  
8.853211402893066 2.346743583679199 -3.0998268127441406 [ 0.41217599  1.          1.          1.          0.01248886  0.07457635
  0.13965508  0.22010367] {'loss': [0.039674218744039536, 0.056606858968734741]}  
7.959618091583252 2.239424228668213 -3.0164921283721924 [ 0.24521084  1.          1.          1.          0.01363707  0.09067851
  0.14310164  0.15538144] {'loss': [0.044303223490715027, 0.048624113202095032]}  
7.067399978637695 2.1209535598754883 -2.9498236179351807 [ 0.17603362  1.          1.          1.          0.01491778  0.10323718
  0.14690863  0.11318443] {'loss': [0.027126606553792953, 0.03972955048084259]}  
6.221686363220215 1.8146464824676514 -2.758157253265381 [ 0.41131581  1.          1.          0.44981529  0.02396396  0.14501642
  0.1472595   0.10255833] {'loss': [0.028915897011756897, 0.040981221944093704]}  
5.387051582336426 1.477949857711792 -2.758157253265381 [ 0.2477069   1.          1.          0.27089264  0.02768701  0.16754631
  0.17013785  0.07819761] {'loss': [0.028037775307893753, 0.024657389149069786]}  
4.552416801452637 1.1412532329559326 -2.758157253265381 [ 0.16534846  1.          1.          0.18082529  0.03235022  0.19576542
  0.19879344  0.06158797] {'loss': [0.028129486367106438, 0.054432336241006851]}  
3.689755916595459 0.9085413217544556 -3.0748233795166016 [ 0.05805808  0.52732722  0.91221258  0.39004983  0.02457132  0.15025258
  0.25991877  0.11113778] {'loss': [0.025592049583792686, 0.018306676298379898]}  
2.790562391281128 0.8708215951919556 -3.099822521209717 [ 0.04742229  0.47892143  0.8825316   0.40515155  0.02856163  0.1444646
  0.2662119   0.12221221] {'loss': [0.016488628461956978, 0.025227336212992668]}  
1.8913486003875732 0.8332387804985046 -3.0998215675354004 [ 0.03933526  0.46243642  0.85215231  0.39120454  0.03345698  0.14730996
  0.27145456  0.1246189 ] {'loss': [0.017403844743967056, 0.017083173617720604]}  
0.9921348094940186 0.7956545948982239 -3.099820852279663 [ 0.03315337  0.44678781  0.82331461  0.37796501  0.03972786  0.15024026
  0.27685408  0.12709746] {'loss': [0.016745790839195251, 0.016637139022350311]}  
0.0974869430065155 0.7132735252380371 -2.899819850921631 [ 0.04136526  0.56047838  0.73165439  0.03479348  0.04541977  0.20898676
  0.27281356  0.07925069] {'loss': [0.034443099051713943, 0.036957841366529465]}  
-0.6977840662002563 0.30174458026885986 -2.4498202800750732 [ 0.22434612  0.55680032  0.33828285  0.05707665  0.14352227  0.35620518
  0.21641174  0.02465161] {'loss': [0.02393348328769207, 0.030072156339883804]}  
-1.2788825035095215 -0.3841705918312073 -2.2664878368377686 [ 0.21347009  0.35390056  0.03986449  0.06608921  0.33920664  0.56235245
  0.22858589  0.02253967] {'loss': [0.052419796586036682, 0.060467753559350967]}  
-1.9915181398391724 -0.9154086112976074 -2.7164883613586426 [ 0.04651322  0.23235112  0.01424125  0.0711404   0.15920353  0.79528137
  0.74334063  0.10726271] {'loss': [0.075646825134754181, 0.078367598354816437]}  
-2.866870164871216 -1.0818519592285156 3.1166975498199463 [ 0.01817402  0.11599103  0.2398621   0.05085486  0.10516462  0.52626337
  1.          0.5623144 ] {'loss': [0.075386352837085724, 0.086331337690353394]}  
-3.730648994445801 -0.8503616452217102 2.6666982173919678 [ 0.17893244  0.02619908  0.21268408  0.01399696  0.11362729  0.12845307
  0.70540142  0.79744027] {'loss': [0.079894669353961945, 0.080099292099475861]}  
-4.410874843597412 -0.2670280933380127 2.21669864654541 [ 0.34728123  0.0146343   0.13545653  0.03537702  0.06972474  0.1850535
  0.20425348  0.5421004 ] {'loss': [0.065042607486248016, 0.055847007781267166]}  
-4.772109508514404 0.5520031452178955 1.766697883605957 [ 0.31256967  0.0982492   0.02638893  0.38678686  0.00917625  0.15584138
  0.21389953  0.2277297 ] {'loss': [0.045192759484052658, 0.048509519547224045]}  
-4.886961460113525 1.444710373878479 1.6333636045455933 [ 0.20606054  0.08891559  0.01396003  0.48345437  0.01035459  0.13478612
  0.23500668  0.11818436] {'loss': [0.055183656513690948, 0.059734676033258438]}  
-4.789900302886963 2.3369884490966797 1.4083631038665771 [ 0.13932395  0.09436479  0.01380942  0.81858693  0.03245761  0.07701741
  0.22033262  0.14923233] {'loss': [0.061787400394678116, 0.058375731110572815]}  
-4.6443400382995605 3.2251429557800293 1.4083631038665771 [ 0.10213252  0.06917486  0.01405194  0.96941204  0.03843794  0.07194964
  0.20583461  0.13941275] {'loss': [0.073553077876567841, 0.076745651662349701]}  
-4.470538139343262 4.106908798217773 1.3000283241271973 [ 0.07453658  0.06083019  1.          1.          0.13074091  0.04742246
  0.18173596  0.14831689] {'loss': [0.060719758272171021, 0.055413469672203064]}  
-4.203061103820801 5.070472717285156 1.3000283241271973 [ 0.05770661  0.04709504  1.          1.          0.19481683  0.04227205
  0.16199821  0.13220869] {'loss': [0.061878938227891922, 0.057787023484706879]}  
-3.962331771850586 5.937680244445801 1.3000283241271973 [ 0.04699676  1.          1.          1.          0.3033578   0.03832176
  0.14685954  0.1198539 ] {'loss': [0.051543060690164566, 0.056929774582386017]}  
-3.7290186882019043 6.807030200958252 1.3833603858947754 [ 0.04041964  1.          1.          1.          0.27988802  0.04462269
  0.13885826  0.09969636] {'loss': [0.053011927753686905, 0.063690900802612305]}  
-3.5969319343566895 7.696401119232178 1.500025749206543 [ 0.03511294  1.          1.          1.          0.05568895  0.05889601
  0.13645239  0.07824203] {'loss': [0.066453844308853149, 0.047377508133649826]}  
-3.5346906185150146 8.59428882598877 1.5333589315414429 [ 0.0299511   1.          1.          1.          0.02913914  0.06086772
  0.13370285  0.07311563] {'loss': [0.063942939043045044, 0.069013833999633789]}  
-3.569732427597046 9.493457794189453 1.6166927814483643 [ 0.02577859  1.          1.          1.          0.02988773  0.07400008
  0.13528754  0.06157286] {'loss': [0.046223599463701248, 0.054165471345186234]}  
-3.6110212802886963 10.39251708984375 1.6166927814483643 [ 0.02242156  1.          1.          1.          0.03514308  0.07513802
  0.13736796  0.06251971] {'loss': [0.042070746421813965, 0.046773370355367661]}  
-3.6523101329803467 11.291576385498047 1.6166927814483643 [ 0.01968002  1.          1.          1.          0.041917    0.07630243
  0.13949679  0.06348858] {'loss': [0.056530401110649109, 0.042391613125801086]}  
-3.693598985671997 12.190635681152344 1.6166927814483643 [ 0.0174122   1.          1.          1.          0.05085631  0.07749411
  0.14167534  0.06448012] {'loss': [0.041438907384872437, 0.043046187609434128]}  
-3.7348878383636475 13.08969497680664 1.6166927814483643 [ 0.01551493  1.          1.          1.          0.06299283  0.07871396
  0.14390548  0.06549512] {'loss': [0.034120824187994003, 0.0386941097676754]}  
-3.776176691055298 13.988754272460938 1.6166927814483643 [ 0.01391167  1.          1.          1.          0.08005503  0.07996281
  0.14618865  0.06653422] {'loss': [0.027530401945114136, 0.03366425633430481]}  
-3.8250820636749268 14.887099266052246 1.7000261545181274 [ 0.08633083  1.          1.          1.          0.10379712  0.09241709
  0.14695766  0.05670966] {'loss': [0.025945903733372688, 0.035998117178678513]}  
-4.138119697570801 15.720186233520508 2.1500232219696045 [ 0.93118614  1.          1.          0.14448875  0.09999779  0.16035419
  0.11891663  0.01094574] {'loss': [0.055569708347320557, 0.075260043144226074]}  
-4.783504486083984 16.331153869628906 2.6000239849090576 [ 0.94398475  1.          0.35468614  0.17161207  0.16135153  0.20989201
  0.06062507  0.07070069] {'loss': [0.063563451170921326, 0.068160600960254669]}  
-5.00569486618042 16.436920166015625 3.0500247478485107 [ 0.98443917  0.59583952  0.19019639  0.11511804  0.2482195   0.15023701
  0.01048247  0.39848965] {'loss': [0.08577815443277359, 0.084558583796024323]}  
-5.179845809936523 16.373855590820312 -2.7831594944000244 [ 0.76453974  0.15484257  0.16617475  0.22171174  0.23793769  0.04794982
  0.10193468  0.7124019 ] {'loss': [0.085959270596504211, 0.077519647777080536]}  
-5.922590255737305 15.872949600219727 -2.333160400390625 [ 0.23090577  0.15430449  0.21416113  0.41600072  0.20192921  0.01118469
  0.24489265  0.4756957 ] {'loss': [0.044883612543344498, 0.034637756645679474]}  
-6.452579021453857 15.145094871520996 -2.1748275756835938 [ 0.10944407  0.11449388  0.41141745  0.58757373  0.19591624  0.01170063
  0.22982869  0.32823441] {'loss': [0.028595207259058952, 0.01756967231631279]}  
-6.901470184326172 14.669925689697266 -2.591494560241699 [ 0.18900988  0.09477098  0.25500365  0.86230872  0.65329715  0.04599221
  0.07377687  0.24948042] {'loss': [0.057897575199604034, 0.059501186013221741]}  
-6.901470184326172 14.669925689697266 -3.041494607925415 [ 0.25970908  0.1031219   0.09865661  0.55186838  0.8976634   0.35643225
  0.01266119  0.15966485] {'loss': [0.074052102863788605, 0.0739637091755867]}  
-7.205928802490234 14.761640548706055 2.791691780090332 [ 0.20377523  0.18720667  0.09075083  0.22133873  1.          0.97906886
  0.13468694  0.04232194] {'loss': [0.098171316087245941, 0.097849316895008087]}  
-7.314117431640625 14.799415588378906 2.341693162918091 [ 0.10613429  0.21491142  0.10878538  0.1040347   0.69500022  1.
  0.71236027  0.01262502] {'loss': [0.1157035306096077, 0.087690800428390503]}  
-7.5640363693237305 15.32174301147461 1.891693115234375 [ 0.01072578  0.15548844  0.17275875  0.09833546  0.19980606  1.          1.
  0.37091249] {'loss': [0.12139710038900375, 0.12285349518060684]}  
-7.672148704528809 16.211870193481445 1.6000258922576904 [ 0.01088459  0.09701487  0.18316261  0.09043567  0.17074111  1.          1.
  1.        ] {'loss': [0.12166090309619904, 0.14838242530822754]}  
-7.634088039398193 17.107460021972656 1.3500241041183472 [ 0.09631779  0.05457368  0.17743555  0.13111681  0.24605161  0.63676043
  1.          1.        ] {'loss': [0.11495179682970047, 0.12964756786823273]}  
-7.24595832824707 17.907804489135742 0.9000208973884583 [ 0.50356972  0.00904668  0.13661494  0.2164313   0.25362311  0.40180133
  0.82764137  1.        ] {'loss': [0.10945405811071396, 0.11638511717319489]}  
-6.604223251342773 18.535442352294922 0.7083536386489868 [ 0.40465701  0.0086102   0.13102818  0.30222268  0.27680825  0.63847095
  0.36468669  0.7084491 ] {'loss': [0.064720936119556427, 0.070627003908157349]}  
-5.8123087882995605 18.94028663635254 0.25835245847702026 [ 0.37382008  0.098735    0.0343343   0.37286035  0.46003102  0.70238342
  0.86659518  0.30298536] {'loss': [0.049430746585130692, 0.056878827512264252]}  
-4.9858574867248535 18.97408676147461 -0.1916465312242508 [ 0.23999266  0.16861405  0.0082488   0.32535129  0.98058937  0.68894281
  0.94219923  0.66196906] {'loss': [0.088450759649276733, 0.086714833974838257]}  
-4.9858574867248535 18.97408676147461 -0.6416451334953308 [ 0.34134586  0.24254375  0.08694605  0.02328056  0.65903949  0.99101336
  0.63323688  0.95221282] {'loss': [0.088230416178703308, 0.082549460232257843]}  
-4.659244060516357 18.49847984313965 -1.0916446447372437 [ 0.51715684  0.19539172  0.16690188  0.01842156  0.31290391  1.          1.
  0.6054342 ] {'loss': [0.07439027726650238, 0.071579262614250183]}  
-4.438465118408203 17.631982803344727 -1.5416418313980103 [ 0.3628157   0.16805562  0.19206092  0.08896209  0.00933826  1.          1.
  0.89278435] {'loss': [0.099760323762893677, 0.092388346791267395]}  
-4.553409099578857 16.741289138793945 -1.7416424751281738 [ 0.21921646  0.15069182  0.19595689  0.13470284  0.00991757  0.5551379   1.
  1.        ] {'loss': [0.06329827755689621, 0.076496019959449768]}  
-4.706436634063721 15.85438346862793 -1.7416424751281738 [ 0.14955605  0.10280649  0.21015503  0.14446295  0.01087001  0.45973489
  1.          0.92309612] {'loss': [0.070766255259513855, 0.067180231213569641]}  
-4.859464168548584 14.967477798461914 -1.7416424751281738 [ 0.10850437  0.0773565   0.22595412  0.15532335  0.01196654  0.38696666
  1.          0.77698724] {'loss': [0.064442902803421021, 0.060934435576200485]}  
-5.012491703033447 14.080572128295898 -1.7416424751281738 [ 0.08229782  0.08339904  0.2436041   0.16745614  0.01323777  0.33020171
  0.96450155  0.66300875] {'loss': [0.050179619342088699, 0.061182562261819839]}  
-5.1655192375183105 13.193666458129883 -1.7416424751281738 [ 0.06455458  0.09017829  0.26340586  0.18106811  0.01472286  0.28506903
  0.83267145  0.57238767] {'loss': [0.047766275703907013, 0.035551480948925018]}  
-5.423407554626465 12.334670066833496 -1.9249757528305054 [ 0.08271245  0.05427825  0.273313    0.25640524  0.03737048  0.12013456
  0.60492638  0.56750446] {'loss': [0.036986067891120911, 0.05200716108083725]}  
-5.737879276275635 11.38575267791748 -1.8416422605514526 [ 0.04058231  0.09054722  0.34708242  0.28329525  0.0267601   0.13009232
  0.49866522  0.40701999] {'loss': [0.027579335495829582, 0.024825813248753548]}  
-5.975837707519531 10.517606735229492 -1.7916414737701416 [ 0.03484801  0.1213249   0.41276553  0.31390242  0.02246196  0.12654608
  0.43052869  0.32741129] {'loss': [0.03216567263007164, 0.028007235378026962]}  
-6.144436359405518 9.63346004486084 -1.7583078145980835 [ 0.03014429  0.15475565  0.47144148  0.3336587   0.02400403  0.12869182
  0.39204165  0.27746422] {'loss': [0.025725873187184334, 0.025807259604334831]}  
-6.330860614776611 8.650984764099121 -1.7583078145980835 [ 0.02552096  0.17707449  0.53943264  0.3817789   0.02820459  0.11466398
  0.34930803  0.24721993] {'loss': [0.028385600075125694, 0.02502620592713356]}  
-6.517297744750977 7.668516159057617 -1.7583078145980835 [ 0.02188512  0.2045963   0.62327392  0.44111662  0.03361254  0.02378897
  0.3131968   0.22166228] {'loss': [0.025759031996130943, 0.020357474684715271]}  
-6.677536487579346 6.7828688621521 -1.6749740839004517 [ 0.01967751  0.28716751  0.7299716   0.4521231   0.04085209  0.0253026
  0.29260955  0.18123393] {'loss': [0.030113017186522484, 0.024064565077424049]}  
-6.775049209594727 5.889190196990967 -1.7916408777236938 [ 0.01684732  0.23589646  0.7671206   0.56693844  0.04784308  0.0353583
  0.26921704  0.19896413] {'loss': [0.032854460179805756, 0.032878261059522629]}  
-7.163235664367676 5.08887243270874 -2.241642713546753 [ 0.08818629  0.01742083  0.72078715  1.          0.43868414  0.05963677
  0.02290766  0.22958017] {'loss': [0.063605166971683502, 0.046735294163227081]}  
-7.731205463409424 4.393047332763672 -2.083310127258301 [ 0.04455867  0.16555447  1.          1.          0.59960312  0.06738329
  0.01791002  0.16764413] {'loss': [0.062566712498664856, 0.066861793398857117]}  
-8.021539688110352 3.5427539348602295 -1.8333098888397217 [ 0.01230936  1.          1.          1.          0.27646118  0.06911484
  0.00931454  0.11948206] {'loss': [0.06861579418182373, 0.071959942579269409]}  
-8.120177268981934 2.6514060497283936 -1.591644525527954 [ 0.01194085  1.          1.          1.          0.12300106  0.06409202
  0.00987728  0.07949026] {'loss': [0.066795691847801208, 0.06788276880979538]}  
-8.025882720947266 1.762833833694458 -1.2583101987838745 [ 0.38606005  1.          1.          0.92224634  0.15735637  0.03703725
  0.1435746   0.03379342] {'loss': [0.052911456674337387, 0.059096060693264008]}  
-7.702479839324951 0.9232826828956604 -1.1999764442443848 [ 0.31789457  1.          1.          0.3927743   0.2204777   0.04118055
  0.12745179  0.02919882] {'loss': [0.048140797764062881, 0.044156938791275024]}  
-7.3693060874938965 0.08804680407047272 -1.1166428327560425 [ 0.28472513  1.          1.          0.36230337  0.33174641  0.04521334
  0.0904797   0.02309294] {'loss': [0.046981718391180038, 0.052095096558332443]}  
-6.80585241317749 -0.5992935299873352 -0.6666401028633118 [ 0.51870564  0.84065932  0.41234616  0.66828392  0.26415321  0.01114198
  0.10636676  0.01033458] {'loss': [0.027844225987792015, 0.036108467727899551]}  
-5.9974684715271 -0.9706226587295532 -0.2166392058134079 [ 0.43089968  0.32534293  0.91322514  0.6895143   0.04782624  0.07207423
  0.02168188  0.12812318] {'loss': [0.025941038504242897, 0.046202573925256729]}  
-5.108243942260742 -1.1079518795013428 -0.14997126162052155 [ 0.26263427  0.39052184  1.          0.71807308  0.02474744  0.08380362
  0.01947611  0.09462993] {'loss': [0.020323473960161209, 0.02689523808658123]}  
-4.218351364135742 -1.2424206733703613 -0.14997126162052155 [ 0.1734234   0.45229172  1.          0.8316524   0.0286618   0.07856619
  0.05702795  0.06248631] {'loss': [0.031462322920560837, 0.019276844337582588]}  
-3.3245203495025635 -1.338928461074829 -0.05830414220690727 [ 0.12522337  0.63828437  1.          0.80636021  0.01690149  0.0940008
  0.10609481  0.05551567] {'loss': [0.027196470648050308, 0.021758388727903366]}  
-2.425846576690674 -1.3676389455795288 0.08336307853460312 [ 0.09296822  0.86720819  1.          0.64164005  0.01902531  0.12028648
  0.20810942  0.05373528] {'loss': [0.035341370850801468, 0.017467260360717773]}  
-1.5766491889953613 -1.086180329322815 0.5333632230758667 [ 0.28181365  1.          0.83987582  0.07433834  0.05944665  0.22093158
  0.01837904  0.06830509] {'loss': [0.029015490785241127, 0.029318967834115028]}  
-0.8975977301597595 -0.49655741453170776 0.7750299572944641 [ 0.32142494  0.65639091  0.33503664  0.02395485  0.15703663  0.32068903
  0.03000954  0.06128332] {'loss': [0.038990281522274017, 0.032782208174467087]}  
-0.25463682413101196 0.1332065761089325 0.7750299572944641 [ 0.20403555  0.41666679  0.21267605  0.02652932  0.23259549  0.47498984
  0.02574797  0.05258065] {'loss': [0.050658311694860458, 0.042480397969484329]}  
0.38832342624664307 0.7629708647727966 0.7750299572944641 [ 0.14092311  0.28778303  0.14689086  0.02954228  0.37940893  0.77480161
  0.39547607  0.04560822] {'loss': [0.077475599944591522, 0.074981637299060822]}  
1.031284213066101 1.3927333354949951 0.7750299572944641 [ 0.10313509  0.21061498  0.10750262  0.03309924  0.72618952  1.
  0.75694208  0.039936  ] {'loss': [0.11453419923782349, 0.11949232220649719]}  
1.7677934169769287 1.8921180963516235 0.3833629786968231 [ 0.02964084  0.14363571  0.14387449  0.03238731  0.45931125  1.          1.
  0.46378028] {'loss': [0.15906649827957153, 0.12995721399784088]}  
2.649632215499878 2.021829605102539 -0.06663649529218674 [ 0.02954217  0.06998656  0.15786406  0.08841534  0.04527314  1.          1.
  1.        ] {'loss': [0.14126825332641602, 0.12850582599639893]}  
3.503300905227661 1.7545747756958008 -0.5166359543800354 [ 0.63582297  0.02378206  0.13363915  0.16201483  0.04199448  0.2008804   1.
  1.        ] {'loss': [0.10843288153409958, 0.098594233393669128]}  
4.187351703643799 1.1712521314620972 -0.7749685049057007 [ 0.60861894  0.02308169  0.11540051  0.22606084  0.11068488  0.06512872
  0.63454874  1.        ] {'loss': [0.083922505378723145, 0.080508872866630554]}  
4.808813571929932 0.5200058817863464 -0.9416346549987793 [ 0.43401213  0.0205804   0.11177844  0.30868797  0.20376193  0.07525652
  0.23808782  0.65750436] {'loss': [0.049316000193357468, 0.038842443376779556]}  
5.159188270568848 -0.3040401041507721 -1.3416328430175781 [ 0.35797729  0.10522542  0.02740059  0.38296179  0.503588    0.14802689
  0.08088612  0.27222973] {'loss': [0.047033559530973434, 0.047523591667413712]}  
5.494722843170166 -1.1346503496170044 -1.116632342338562 [ 0.19312258  0.01705965  0.21097106  0.98020925  0.88516767  0.1159296
  0.07598678  0.21385834] {'loss': [0.063523642718791962, 0.06994299590587616]}  
5.994636058807373 -1.8722283840179443 -0.7666319012641907 [ 0.0836803   0.01784543  1.          1.          1.          0.11002273
  0.08724654  0.17090822] {'loss': [0.087911546230316162, 0.086849614977836609]}  
6.761241436004639 -2.322711229324341 -0.316631555557251 [ 0.01451881  1.          1.          1.          0.84938429  0.11557255
  0.12753965  0.11397738] {'loss': [0.083874650299549103, 0.069051109254360199]}  
7.651031494140625 -2.42238450050354 -0.024963561445474625 [ 0.01447595  1.          1.          1.          0.20815495  0.10933977
  0.13602184  0.07144963] {'loss': [0.047724537551403046, 0.060663476586341858]}  
8.550131797790527 -2.4184916019439697 0.1250370740890503 [ 0.16387396  1.          1.          1.          0.32526331  0.12673411
  0.13408362  0.05224376] {'loss': [0.055059030652046204, 0.0480494424700737]}  
9.423811912536621 -2.2027697563171387 0.2583705186843872 [ 0.4243506   1.          1.          1.          0.5495242   0.14872547
  0.13744875  0.03719967] {'loss': [0.048400692641735077, 0.046320594847202301]}  
10.29130744934082 -1.9624476432800293 0.3500373959541321 [ 0.43136472  1.          1.          1.          1.          0.24345219
  0.14320047  0.02972701] {'loss': [0.077847756445407867, 0.081925958395004272]}  
11.03818130493164 -1.4677634239196777 0.8000364303588867 [ 0.90447112  1.          1.          1.          1.          0.19720459
  0.09736288  0.00998476] {'loss': [0.092192463576793671, 0.10250499099493027]}  
11.498231887817383 -0.6992452144622803 1.2500345706939697 [ 0.70552038  1.          1.          1.          1.          0.22962219
  0.02976258  0.15295815] {'loss': [0.092485614120960236, 0.075413599610328674]}  
11.5640869140625 0.2886943221092224 1.7500343322753906 [ 0.62543871  1.          1.          1.          0.50972506  0.17448148
  0.01102507  0.25445962] {'loss': [0.054119858890771866, 0.050067834556102753]}  
11.498143196105957 0.5305013656616211 2.2500340938568115 [ 1.          1.          1.          0.6473468   0.40239643  0.00939562
  0.12403426  0.31672447] {'loss': [0.06930755078792572, 0.066219471395015717]}  
10.813337326049805 1.0009506940841675 2.7500338554382324 [ 1.          1.          0.83325493  0.84324528  0.14885832  0.03567191
  0.21404349  0.42330728] {'loss': [0.054942775517702103, 0.076855331659317017]}  
9.832716941833496 1.1345492601394653 -3.0998167991638184 [ 0.87684255  0.6240886   1.          0.52794594  0.01121866  0.12663271
  0.23334953  0.47583933] {'loss': [0.043936252593994141, 0.041380126029253006]}  
8.833593368530273 1.0927854776382446 -3.099816083908081 [ 0.40677347  0.59702662  1.          0.50505142  0.01250845  0.12922906
  0.23813366  0.2207457 ] {'loss': [0.019004872068762779, 0.021934935823082924]}  
7.8373212814331055 1.0143465995788574 -3.016481637954712 [ 0.23090151  0.63685257  1.          0.38405577  0.01383547  0.15435952
  0.24359345  0.14631693] {'loss': [0.020332101732492447, 0.01675037294626236]}  
6.944364547729492 0.9020387530326843 -3.016479969024658 [ 0.15609655  0.57030252  0.89998736  0.34392045  0.01542517  0.16335867
  0.25779423  0.09891503] {'loss': [0.018843589350581169, 0.025971714407205582]}  
5.952190399169922 0.777251660823822 -3.0164778232574463 [ 0.10884552  0.50789664  0.80150247  0.30628403  0.01753538  0.17431273
  0.2750796   0.10511822] {'loss': [0.024611147120594978, 0.02281603217124939]}  
5.059233665466309 0.664940357208252 -3.0164761543273926 [ 0.08252348  0.46009104  0.72605882  0.27745308  0.01982803  0.18514174
  0.29216777  0.11164781] {'loss': [0.023712854832410812, 0.021337296813726425]}  
4.067059516906738 0.5401496887207031 -3.0164740085601807 [ 0.06309628  0.41448217  0.65408187  0.249947    0.02294522  0.19840122
  0.31309104  0.11964282] {'loss': [0.033219028264284134, 0.022785967215895653]}  
3.17409086227417 0.42783522605895996 -3.016472339630127 [ 0.05093136  0.378992    0.59807457  0.22854385  0.02642493  0.21159172
  0.33390567  0.12759624] {'loss': [0.025813482701778412, 0.022584294900298119]}  
2.1819024085998535 0.303040087223053 -3.016470432281494 [ 0.04112626  0.34465332  0.54388381  0.20783474  0.03130736  0.22785185
  0.35956375  0.13740046] {'loss': [0.022135447710752487, 0.029330020770430565]}  
1.3843919038772583 0.24565564095973969 -3.0831356048583984 [ 0.03537409  0.29438096  0.52545871  0.23287747  0.03696689  0.21200265
  0.37841661  0.16771006] {'loss': [0.021465972065925598, 0.023743718862533569]}  
1.3843919038772583 0.24565564095973969 -3.083134651184082 [ 0.03537409  0.29438149  0.52545874  0.23287697  0.03696689  0.21200304
  0.37841651  0.16770969] {'loss': [0.022402131929993629, 0.02445015124976635]}  
1.3843919038772583 0.24565564095973969 -3.0831336975097656 [ 0.03537408  0.29438205  0.52545859  0.2328764   0.03696688  0.21200338
  0.37841652  0.16770928] {'loss': [0.021705269813537598, 0.020470736548304558]}  
1.3843919038772583 0.24565564095973969 -3.083132743835449 [ 0.03537408  0.29438248  0.52545853  0.23287586  0.03696688  0.21200384
  0.37841648  0.16770895] {'loss': [0.017359817400574684, 0.015453900210559368]}  
1.3843919038772583 0.24565564095973969 -3.083131790161133 [ 0.03537407  0.29438296  0.52545848  0.23287546  0.03696687  0.21200412
  0.37841644  0.16770862] {'loss': [0.014692617580294609, 0.019233940169215202]}  
1.3843919038772583 0.24565564095973969 -3.0831310749053955 [ 0.03537407  0.29438336  0.52545843  0.23287507  0.03696687  0.21200438
  0.37841635  0.16770833] {'loss': [0.011340508237481117, 0.019116921350359917]}  
1.3843919038772583 0.24565564095973969 -3.083130359649658 [ 0.03537407  0.29438374  0.52545847  0.23287463  0.03696687  0.21200473
  0.37841637  0.16770795] {'loss': [0.019553493708372116, 0.01874779537320137]}  
