1.0 0.0 1.917485860758461e-05 [ 0.04        0.22223073  0.44444444  0.22221371  0.03305785  0.22223073
  0.44444444  0.22221371] {'loss': [0.0089861480519175529, 0.0074237314984202385]}  
1.0 0.0 2.0173483790131286e-05 [ 0.04        0.22223114  0.44444444  0.22221325  0.03305785  0.22223114
  0.44444444  0.22221327] {'loss': [0.007172734010964632, 0.013106959871947765]}  
1.3333330154418945 7.322860255953856e-06 2.1072246454423293e-05 [ 0.03770383  0.22223065  0.44444259  0.22221197  0.03493755  0.22223252
  0.44444637  0.2222138 ] {'loss': [0.0079047335311770439, 0.0096213705837726593]}  
2.2333321571350098 -0.0001121725290431641 2.19710091187153e-05 [ 0.03188776  0.2222282   0.44443692  0.22220862  0.0416493   0.22223576
  0.44445189  0.22221625] {'loss': [0.0047080586664378643, 0.0062566390261054039]}  
3.117990493774414 -0.15634028613567352 -0.2249767929315567 [ 0.02602323  0.13866969  0.46637448  0.35213018  0.04782954  0.11424691
  0.38423565  0.29011225] {'loss': [0.01686585322022438, 0.0048620146699249744]}  
4.002108573913574 -0.3195892870426178 -0.14164254069328308 [ 0.02330759  0.19951251  0.5427885   0.35431296  0.06078413  0.13132194
  0.35727107  0.2332138 ] {'loss': [0.0084996484220027924, 0.010777042247354984]}  
4.893082618713379 -0.44664230942726135 -0.14164245128631592 [ 0.02040732  0.21980435  0.59799339  0.39034899  0.07690089  0.12179949
  0.33136442  0.21630291] {'loss': [0.0054841311648488045, 0.0031843825709074736]}  
5.784056663513184 -0.5736953020095825 -0.14164245128631592 [ 0.01801653  0.24335679  0.66206958  0.4321757   0.10039327  0.11327643
  0.30817671  0.20116684] {'loss': [0.0038230328354984522, 0.0049800649285316467]}  
6.682660102844238 -0.6144725680351257 -0.033308494836091995 [ 0.01631495  0.32759548  0.70113746  0.3743207   0.13956105  0.14302869
  0.3061177   0.16342889] {'loss': [0.010293997824192047, 0.0036259510088711977]}  
7.582157135009766 -0.6444446444511414 -0.03330809250473976 [ 0.01458958  0.33597939  0.71908078  0.38389952  0.20166575  0.1406849
  0.30110108  0.16075049] {'loss': [0.0055160075426101685, 0.0059938319027423859]}  
8.479697227478027 -0.6220414638519287 0.1833593100309372 [ 0.02161489  0.47864823  0.69121815  0.23418452  0.30723597  0.20370353
  0.29416911  0.09966451] {'loss': [0.013115488924086094, 0.0077212676405906677]}  
9.334896087646484 -0.34178265929222107 0.3916931450366974 [ 0.08369613  0.48978655  0.49060353  0.46937117  0.47015413  0.30201231
  0.30251616  0.05211253] {'loss': [0.02041984535753727, 0.021715883165597916]}  
9.950922012329102 -0.09325858950614929 0.5250266194343567 [ 0.11553537  0.44005336  0.35788524  0.88552563  0.72017766  0.38858469
  0.31602688  0.02946467] {'loss': [0.050931304693222046, 0.032869845628738403]}  
10.558507919311523 0.5058814287185669 0.9750255346298218 [ 0.22573112  0.32242345  1.          1.          0.60520608  0.60197507
  0.20075504  0.01083388] {'loss': [0.060176465660333633, 0.049474548548460007]}  
10.78285026550293 0.9373984336853027 1.4250222444534302 [ 0.25193364  0.94048467  1.          1.          0.91806652  0.61272169
  0.02215311  0.08987134] {'loss': [0.068462394177913666, 0.083151862025260925]}  
10.78285026550293 0.9373984336853027 1.8750207424163818 [ 0.23607494  1.          1.          0.73235631  0.86027637  0.20786329
  0.02193783  0.20097147] {'loss': [0.073125451803207397, 0.065127961337566376]}  
10.694443702697754 1.04922616481781 2.3250210285186768 [ 1.          1.          1.          1.          0.54643022  0.0102729
  0.11440107  0.24802176] {'loss': [0.099196255207061768, 0.12381871789693832]}  
9.951610565185547 1.5375977754592896 2.775022268295288 [ 0.85110373  0.82637282  1.          1.          0.24476183  0.0311837
  0.16955779  0.16463089] {'loss': [0.079024851322174072, 0.094573929905891418]}  
9.06739330291748 1.6650944948196411 3.125023126602173 [ 0.47573064  1.          1.          1.          0.01220531  0.08888537
  0.18381209  0.23004716] {'loss': [0.054877549409866333, 0.078630812466144562]}  
8.170248031616211 1.611357569694519 -3.033160924911499 [ 0.27425272  1.          1.          0.82038404  0.01335721  0.1140223
  0.18546741  0.16860605] {'loss': [0.032972287386655807, 0.035233482718467712]}  
7.275535583496094 1.5139611959457397 -3.0331594944000244 [ 0.17961897  1.          1.          0.71600053  0.014863    0.11899016
  0.19354749  0.11042707] {'loss': [0.043202441185712814, 0.042599506676197052]}  
6.380827903747559 1.4165648221969604 -3.033158779144287 [ 0.12668824  0.97597889  1.          0.63034338  0.01663853  0.12428969
  0.20216723  0.08027342] {'loss': [0.028682852163910866, 0.032726675271987915]}  
5.486120223999023 1.3191636800765991 -3.033158302307129 [ 0.09412262  0.86580049  1.          0.55918341  0.01875231  0.12995141
  0.2113765   0.08393003] {'loss': [0.03489372506737709, 0.03977670893073082]}  
4.591412544250488 1.221760869026184 -3.033158302307129 [ 0.07267191  0.77327607  1.          0.49942577  0.02129606  0.13600918
  0.22122981  0.08784244] {'loss': [0.024898547679185867, 0.022760342806577682]}  
3.696704864501953 1.124358057975769 -3.033158302307129 [ 0.05779842  0.69482824  1.          0.44875958  0.02439481  0.14250049
  0.23178858  0.09203494] {'loss': [0.028900837525725365, 0.031623583287000656]}  
2.816145896911621 0.9520796537399292 -2.7914912700653076 [ 0.11410617  0.79745923  0.85581906  0.17246591  0.02986883  0.2087459
  0.22402236  0.04514529] {'loss': [0.025157887488603592, 0.019732547923922539]}  
1.970747709274292 0.6433852910995483 -2.7914910316467285 [ 0.08598016  0.60089318  0.64486757  0.02716954  0.03511898  0.24543768
  0.26339926  0.05308053] {'loss': [0.033007010817527771, 0.028172977268695831]}  
1.1253433227539062 0.3346909284591675 -2.7914910316467285 [ 0.06710316  0.46896681  0.50328655  0.03188079  0.04188558  0.29272759
  0.31414997  0.06330787] {'loss': [0.021442174911499023, 0.021919839084148407]}  
0.914409339427948 0.23281212151050568 -2.6498241424560547 [ 0.11481557  0.48440475  0.41658866  0.03687514  0.08149946  0.34384474
  0.29570684  0.03336156] {'loss': [0.031114567071199417, 0.023227537050843239]}  
0.17337839305400848 -0.27940648794174194 -2.4331576824188232 [ 0.15750672  0.37667368  0.22192084  0.04692842  0.21906769  0.52389547
  0.30865783  0.02851299] {'loss': [0.032505113631486893, 0.024200005456805229]}  
-0.4203289747238159 -0.9548534154891968 -2.341492176055908 [ 0.13621905  0.26030509  0.0282687   0.05401951  0.48309605  0.92316286
  0.44055686  0.02601248] {'loss': [0.059849664568901062, 0.064770698547363281]}  
-1.0702568292617798 -1.5754088163375854 -2.4664924144744873 [ 0.07724018  0.1917033   0.02519976  0.06254355  0.75253007  1.          1.
  0.02326451] {'loss': [0.10709500312805176, 0.084253661334514618]}  
-1.875412940979004 -1.9535902738571167 -2.9164927005767822 [ 0.01975692  0.11872549  0.0071928   0.05661837  0.19136606  1.          1.
  0.98333889] {'loss': [0.10631248354911804, 0.10190770775079727]}  
-2.768871307373047 -2.056046724319458 -3.0414912700653076 [ 0.01823724  0.09398058  0.0074528   0.06110224  0.10091519  1.          1.
  1.        ] {'loss': [0.11864303797483444, 0.11333353817462921]}  
-3.6655447483062744 -2.0856831073760986 3.008361577987671 [ 0.07534398  0.05805961  0.1518572   0.05225891  0.13668524  1.          1.
  1.        ] {'loss': [0.10220928490161896, 0.10988020151853561]}  
-4.500009536743164 -1.762359619140625 2.5583627223968506 [ 0.80762327  0.01409853  0.12279741  0.00851835  0.13741994  0.18658666
  1.          1.        ] {'loss': [0.12173093110322952, 0.11535429209470749]}  
-5.1137847900390625 -1.109420657157898 2.108363151550293 [ 0.85588557  0.06593455  0.06253411  0.05120522  0.07076559  0.24775401
  0.31584746  1.        ] {'loss': [0.0867152139544487, 0.08726036548614502]}  
-5.399050235748291 -0.2595422863960266 1.7750269174575806 [ 0.52945668  0.16642454  0.01503114  0.2106578   0.01264128  0.21469625
  0.29468283  0.3857447 ] {'loss': [0.042600762099027634, 0.042053058743476868]}  
-5.5815863609313965 0.6217529773712158 1.7750269174575806 [ 0.30047106  0.09444732  0.02792809  0.18184837  0.01402455  0.23818939
  0.32692853  0.21891338] {'loss': [0.052072420716285706, 0.044774796813726425]}  
-5.695905685424805 1.5136194229125977 1.6583598852157593 [ 0.1992114   0.08288496  0.01296306  0.22772872  0.01040031  0.21474024
  0.36295676  0.15101373] {'loss': [0.05002700537443161, 0.052051849663257599]}  
-5.783370494842529 2.509791374206543 1.6583598852157593 [ 0.13315064  0.05539937  0.10490159  0.21362673  0.01154797  0.22656632
  0.38294541  0.1593303 ] {'loss': [0.0441574826836586, 0.038652621209621429]}  
-5.83299446105957 3.508404493331909 1.6083605289459229 [ 0.09576171  0.04434959  0.49812642  0.23069444  0.01298108  0.21420048
  0.3979294   0.18429076] {'loss': [0.023382214829325676, 0.023667370900511742]}  
-5.8705596923828125 4.507702350616455 1.6083605289459229 [ 0.07181793  0.03326064  0.48516869  0.22469348  0.01459679  0.21937182
  0.40753622  0.18873992] {'loss': [0.033296413719654083, 0.036755427718162537]}  
-5.917825698852539 5.506403923034668 1.650026798248291 [ 0.05558317  0.02355367  0.46773266  0.19820425  0.01645268  0.24333546
  0.41770858  0.17700628] {'loss': [0.035159796476364136, 0.034826524555683136]}  
-5.99696159362793 6.503270149230957 1.650026798248291 [ 0.04447873  0.25826483  0.44333628  0.18786619  0.01878493  0.25631765
  0.43999368  0.18644972] {'loss': [0.01871020719408989, 0.023879162967205048]}  
-6.07609748840332 7.500136375427246 1.650026798248291 [ 0.0363977   0.24513643  0.42080016  0.17831631  0.02165066  0.27036724
  0.46411095  0.19666955] {'loss': [0.020951133221387863, 0.019914910197257996]}  
-6.155233383178711 8.496988296508789 1.650026798248291 [ 0.03033447  0.23298418  0.39993952  0.16947648  0.02522586  0.28560423
  0.49026687  0.20775325] {'loss': [0.025121407583355904, 0.021253501996397972]}  
-6.234377861022949 9.493830680847168 1.650026798248291 [ 0.02566916  0.22171245  0.38059061  0.16127719  0.02976562  0.30216838
  0.51870106  0.21980223] {'loss': [0.027928870171308517, 0.024286877363920212]}  
-6.298954486846924 10.49148178100586 1.5916937589645386 [ 0.02212968  0.19153049  0.36753689  0.17616697  0.03586455  0.28544312
  0.54775035  0.26254645] {'loss': [0.020524512976408005, 0.023838846012949944]}  
-6.319839954376221 11.49123764038086 1.5916937589645386 [ 0.0191717   0.18912768  0.36292609  0.17395694  0.04375907  0.28990806
  0.55631821  0.26665318] {'loss': [0.016779184341430664, 0.030223073437809944]}  
-6.3211493492126465 12.490943908691406 1.541694164276123 [ 0.01676267  0.17067569  0.36212754  0.19175896  0.054556    0.26267555
  0.55732643  0.29512337] {'loss': [0.020700003951787949, 0.023253310471773148]}  
-6.292052745819092 13.490528106689453 1.541694164276123 [ 0.0147863   0.17370514  0.36855531  0.19516267  0.06993774  0.257059
  0.5454097   0.28881316] {'loss': [0.014510572887957096, 0.020455460995435715]}  
-6.262956142425537 14.4901123046875 1.541694164276123 [ 0.01313991  0.17681595  0.37515565  0.19865776  0.09287569  0.25162068
  0.53387113  0.28270308] {'loss': [0.013921738602221012, 0.01199693139642477]}  
-6.233859539031982 15.489696502685547 1.541694164276123 [ 0.01175394  0.1800111   0.38193501  0.20224735  0.12927019  0.24635278
  0.52269489  0.27678487] {'loss': [0.013511850498616695, 0.014526581391692162]}  
-6.225996494293213 16.48873519897461 1.683361530303955 [ 0.01047087  0.23246929  0.38104558  0.15274636  0.19020548  0.31288092
  0.51285045  0.20558187] {'loss': [0.02010008692741394, 0.0095812194049358368]}  
-6.270534992218018 16.718027114868164 2.183358669281006 [ 0.12070221  0.3618172   0.25325541  0.21107606  0.17329938  0.51948346
  0.36361455  0.01743074] {'loss': [0.022394085302948952, 0.023939799517393112]}  
-5.695901870727539 16.288951873779297 2.6833598613739014 [ 0.42944782  0.48548545  0.14512099  0.1640574   0.2976119   0.33644628
  0.07549427  0.05289932] {'loss': [0.029988506808876991, 0.030842211097478867]}  
-5.4807233810424805 16.2063045501709 -3.0998241901397705 [ 0.6492585   0.30327657  0.17387355  0.17227212  0.32260242  0.1506913
  0.01083146  0.34670852] {'loss': [0.041179418563842773, 0.033408135175704956]}  
-5.495415210723877 16.19044303894043 -2.6498239040374756 [ 0.50954883  0.15867284  0.13645869  0.29439947  0.25318345  0.02856405
  0.14043657  0.59249765] {'loss': [0.037881162017583847, 0.047712806612253189]}  
-6.165797233581543 15.595796585083008 -2.199824333190918 [ 0.14310947  0.13600861  0.31719639  0.48042057  0.17390843  0.01126657
  0.26102181  0.39533912] {'loss': [0.014334801584482193, 0.014913452789187431]}  
-6.528138160705566 14.671915054321289 -1.699824333190918 [ 0.09956982  0.23767721  0.64008439  0.41463762  0.01249795  0.11737873
  0.31611047  0.20477198] {'loss': [0.015164010226726532, 0.0063741183839738369]}  
-6.588095664978027 13.773911476135254 -1.6331576108932495 [ 0.07737177  0.30051644  0.68375752  0.38590706  0.01407735  0.13617932
  0.30984524  0.17487407] {'loss': [0.0084558092057704926, 0.0076389322057366371]}  
-6.650408744812012 12.775872230529785 -1.6331576108932495 [ 0.05963163  0.31665332  0.72047317  0.40662896  0.01590889  0.13156722
  0.29935144  0.16895142] {'loss': [0.0038718788418918848, 0.004289338830858469]}  
-6.6690168380737305 11.87697696685791 -1.5331575870513916 [ 0.04852183  0.39619709  0.73592533  0.34077196  0.01792681  0.15963414
  0.2965161   0.13730247] {'loss': [0.018540691584348679, 0.0077075031585991383]}  
-6.625165939331055 10.978130340576172 -1.5081573724746704 [ 0.04006758  0.39963234  0.70770428  0.31085609  0.02024703  0.17100473
  0.30283021  0.13301689] {'loss': [0.0074569536373019218, 0.0057453173212707043]}  
-6.568826675415039 10.07989501953125 -1.5081573724746704 [ 0.03371938  0.3813096   0.67525658  0.29660364  0.02311207  0.17644322
  0.31246131  0.13724726] {'loss': [0.0079204440116882324, 0.0053727170452475548]}  
-6.512487411499023 9.181659698486328 -1.5081573724746704 [ 0.0287685   0.36421842  0.64499033  0.28330926  0.02663122  0.18214538
  0.32255913  0.14168281] {'loss': [0.0044678943231701851, 0.0043359887786209583]}  
-6.449888229370117 8.18362045288086 -1.5081573724746704 [ 0.02444627  0.3465422   0.61368774  0.26955993  0.03157351  0.18881132
  0.33436412  0.14686802] {'loss': [0.0048485896550118923, 0.0052804001607000828]}  
-6.393548965454102 7.2853851318359375 -1.5081573724746704 [ 0.02133801  0.33171098  0.58742354  0.25802354  0.03730008  0.19512865
  0.34555143  0.15178199] {'loss': [0.0038503548130393028, 0.0035651021171361208]}  
-6.330949783325195 6.287345886230469 -1.5081573724746704 [ 0.01853207  0.31632196  0.56017107  0.246053    0.04570008  0.20252715
  0.35865312  0.15753699] {'loss': [0.0068162032403051853, 0.014839990995824337]}  
-6.268386363983154 5.389810085296631 -1.4331570863723755 [ 0.01624509  0.33767758  0.52887302  0.20013776  0.0552283   0.02089967
  0.36722587  0.13896677] {'loss': [0.011574218980967999, 0.010594178922474384]}  
-5.948328495025635 4.559446334838867 -0.983154296875 [ 0.13028927  0.41653301  0.30444838  0.06633368  0.04848397  0.43544874
  0.31827402  0.01903134] {'loss': [0.026233218610286713, 0.019654368981719017]}  
-5.321245193481445 3.9210143089294434 -0.7248191237449646 [ 0.16791617  0.29852139  0.13170354  0.08240911  0.03635776  0.72399495
  0.31941672  0.01371603] {'loss': [0.034351658076047897, 0.029817113652825356]}  
-4.628029823303223 3.35038423538208 -0.599818766117096 [ 0.14439698  0.20471309  0.06753145  0.09496518  0.03132745  1.
  0.46504539  0.01244331] {'loss': [0.064104840159416199, 0.074799060821533203]}  
-3.8851394653320312 2.8423385620117188 -0.599818766117096 [ 0.10530435  0.14929106  0.0790805   0.11211322  0.0369843   1.          1.
  0.01175568] {'loss': [0.073953844606876373, 0.10773478448390961]}  
-3.0597095489501953 2.2778522968292236 -0.599818766117096 [ 0.07795536  0.11051813  0.09680141  0.13723639  0.04527202  0.28281676
  1.          0.01105644] {'loss': [0.026830943301320076, 0.043106392025947571]}  
-2.2342758178710938 1.7133581638336182 -0.599818766117096 [ 0.06002606  0.08509956  0.12122219  0.17185795  0.0566931   0.08599609
  1.          1.        ] {'loss': [0.075111597776412964, 0.066830098628997803]}  
-1.4088369607925415 1.1488640308380127 -0.599818766117096 [ 0.04763937  0.06753886  0.15620013  0.22144658  0.07305155  0.04098235
  0.82015862  1.        ] {'loss': [0.083367876708507538, 0.067390903830528259]}  
-0.6659416556358337 0.6408193111419678 -0.599818766117096 [ 0.03949918  0.05599839  0.20245238  0.28701896  0.0946828   0.02506454
  0.50160375  0.71112874] {'loss': [0.032616384327411652, 0.035049449652433395]}  
0.07695219665765762 0.13277558982372284 -0.599818766117096 [ 0.03328018  0.04718166  0.27275947  0.38669401  0.12756395  0.02705451
  0.33814119  0.47938627] {'loss': [0.029261939227581024, 0.016605241224169731]}  
0.819848895072937 -0.37526804208755493 -0.599818766117096 [ 0.02842211  0.04029433  0.38722961  0.54897945  0.18109924  0.03075998
  0.24327982  0.34490034] {'loss': [0.017331749200820923, 0.015733812004327774]}  
1.5627448558807373 -0.8833123445510864 -0.599818766117096 [ 0.02455505  0.03481195  0.59239275  0.83984137  0.27704968  0.0352823
  0.1833835   0.25998474] {'loss': [0.046520743519067764, 0.020663714036345482]}  
2.3056390285491943 -1.3913570642471313 -0.599818766117096 [ 0.02142669  0.05082774  1.          1.          0.47571839  0.04088051
  0.1431634   0.20296427] {'loss': [0.057592105120420456, 0.063514560461044312]}  
3.0543298721313477 -1.8887124061584473 -0.49981847405433655 [ 0.021113    0.23251561  1.          1.          0.73477737  0.04593946
  0.12900579  0.156358  ] {'loss': [0.074734047055244446, 0.079642318189144135]}  
3.9142634868621826 -2.1205525398254395 -0.05815114453434944 [ 0.0240266   1.          1.          1.          0.06047611  0.06750279
  0.15221239  0.08522545] {'loss': [0.077735856175422668, 0.057202436029911041]}  
4.812932014465332 -2.1416289806365967 0.06684967130422592 [ 0.02441449  1.          1.          1.          0.07638429  0.08562683
  0.1504361   0.06548362] {'loss': [0.053308594971895218, 0.073822304606437683]}  
5.710909843444824 -2.0815045833587646 0.0668506920337677 [ 0.02131249  1.          1.          1.          0.09962327  0.08766393
  0.15401473  0.06704117] {'loss': [0.069648943841457367, 0.060398101806640625]}  
6.608887672424316 -2.0213801860809326 0.0668526366353035 [ 0.0187668   1.          1.          1.          0.13533771  0.08977468
  0.15772252  0.06865491] {'loss': [0.055009536445140839, 0.044902931898832321]}  
7.506865501403809 -1.9612557888031006 0.06685414165258408 [ 0.0166514   1.          1.          1.          0.1943628   0.09196258
  0.16156584  0.07032763] {'loss': [0.050503965467214584, 0.0592636838555336]}  
8.4048433303833 -1.9011313915252686 0.06685551255941391 [ 0.01487442  1.          1.          1.          0.3024708   0.13166126
  0.16555145  0.07206228] {'loss': [0.051416877657175064, 0.07586948573589325]}  
9.296642303466797 -1.792801856994629 0.2751897871494293 [ 0.19523394  1.          1.          0.68963803  0.49738568  0.13130519
  0.16110945  0.04253141] {'loss': [0.054200556129217148, 0.049651637673377991]}  
10.106522560119629 -1.4021588563919067 0.5001894235610962 [ 0.37142425  1.          1.          0.99634116  0.8331266   0.18801528
  0.15721581  0.0101207 ] {'loss': [0.091765038669109344, 0.09080679714679718]}  
10.887642860412598 -0.9543911814689636 0.6251897811889648 [ 0.32922844  0.95616766  1.          1.          1.          0.24496349
  0.16770991  0.00985559] {'loss': [0.077726311981678009, 0.09029436856508255]}  
11.473708152770996 -0.2765081822872162 1.0751876831054688 [ 0.42721494  1.          1.          1.          1.          0.33480167
  0.08459327  0.04298064] {'loss': [0.086673818528652191, 0.077462643384933472]}  
11.611141204833984 0.33838334679603577 1.5251848697662354 [ 0.36882179  1.          1.          1.          0.54244545  0.30130414
  0.00938991  0.16503328] {'loss': [0.060416340827941895, 0.060795973986387253]}  
11.448250770568848 1.2144311666488647 1.975185751914978 [ 1.          1.          1.          1.          1.          0.17180515
  0.03426049  0.19703365] {'loss': [0.10751876980066299, 0.10398333519697189]}  
11.066259384155273 2.0288424491882324 2.0418524742126465 [ 0.94427562  1.          1.          1.          1.          0.38987517
  0.03208303  0.14481976] {'loss': [0.10074511170387268, 0.10262618213891983]}  
10.817273139953613 2.3877577781677246 2.4918534755706787 [ 1.          1.          1.          1.          1.          0.01002103
  0.08625535  0.1355764 ] {'loss': [0.10583740472793579, 0.1194821298122406]}  
10.817273139953613 2.3877577781677246 2.941854238510132 [ 1.          1.          1.          1.          0.45536823  0.04104762
  0.13191807  0.85179637] {'loss': [0.10945404320955276, 0.094247005879878998]}  
10.817273139953613 2.3877577781677246 -2.891329765319824 [ 1.          1.          1.          1.          0.00960066  0.10095092
  0.1641267   1.        ] {'loss': [0.10556130856275558, 0.10431645810604095]}  
10.817273139953613 2.3877577781677246 -2.849663257598877 [ 1.          1.          1.          1.          0.01141372  0.10687965
  0.23685096  1.        ] {'loss': [0.1003035381436348, 0.09188167005777359]}  
10.817273139953613 2.3877577781677246 -2.849663257598877 [ 1.          1.          1.          1.          0.01141372  0.10687965
  0.23685096  1.        ] {'loss': [0.082086093723773956, 0.085001900792121887]}  
10.817273139953613 2.3877577781677246 -2.849663257598877 [ 1.          1.          1.          1.          0.01141372  0.10687965
  0.23685096  1.        ] {'loss': [0.10051986575126648, 0.083564408123493195]}  
10.817273139953613 2.3877577781677246 -2.849663257598877 [ 1.          1.          1.          1.          0.01141372  0.10687965
  0.23685096  1.        ] {'loss': [0.099853143095970154, 0.07952522486448288]}  
10.817273139953613 2.3877577781677246 -2.849663257598877 [ 1.          1.          1.          1.          0.01141372  0.10687965
  0.23685096  1.        ] {'loss': [0.075745254755020142, 0.087122842669487]}  
10.817273139953613 2.3877577781677246 -2.849663257598877 [ 1.          1.          1.          1.          0.01141372  0.10687965
  0.23685096  1.        ] {'loss': [0.09013637900352478, 0.082632049918174744]}  
10.817273139953613 2.3877577781677246 -2.849663257598877 [ 1.          1.          1.          1.          0.01141372  0.10687965
  0.23685096  1.        ] {'loss': [0.084195829927921295, 0.079429693520069122]}  
10.817273139953613 2.3877577781677246 -2.849663257598877 [ 1.          1.          1.          1.          0.01141372  0.10687965
  0.23685096  1.        ] {'loss': [0.080758117139339447, 0.069348856806755066]}  
10.817273139953613 2.3877577781677246 -2.849663257598877 [ 1.          1.          1.          1.          0.01141372  0.10687965
  0.23685096  1.        ] {'loss': [0.089714646339416504, 0.076108112931251526]}  
10.817273139953613 2.3877577781677246 -2.849663257598877 [ 1.          1.          1.          1.          0.01141372  0.10687965
  0.23685096  1.        ] {'loss': [0.078648820519447327, 0.072958134114742279]}  
