1.0 0.0 3.8649828638881445e-05 [ 0.03863301  0.03525892  0.0705123   0.04940424  0.09880072  0.04939648
  0.06280785  0.03140148] {'loss': [0.075604468584060669, 0.058698445558547974]}  
1.0 0.0 3.9548787754029036e-05 [ 0.03863301  0.03525897  0.0705123   0.04940434  0.09880072  0.04939638
  0.06280785  0.03140143] {'loss': [0.069618955254554749, 0.069481641054153442]}  
1.0 0.0 4.0447746869176626e-05 [ 0.03863301  0.03525904  0.0705123   0.04940442  0.09880072  0.0493963
  0.06280785  0.03140137] {'loss': [0.067447923123836517, 0.060755625367164612]}  
1.0 0.0 4.134670598432422e-05 [ 0.03863301  0.0352591   0.0705123   0.04940451  0.09880072  0.04939622
  0.06280785  0.03140131] {'loss': [0.073981307446956635, 0.048810835927724838]}  
1.0 0.0 4.224566509947181e-05 [ 0.03863301  0.03525916  0.0705123   0.04940461  0.09880072  0.04939612
  0.06280785  0.03140125] {'loss': [0.065747529268264771, 0.054048705846071243]}  
1.1779420375823975 0.04866117984056473 0.28337645530700684 [ 0.03477892  0.05319569  0.06471393  0.07879721  0.09585881  0.04823905
  0.05868407  0.0285887 ] {'loss': [0.068033665418624878, 0.063421674072742462]}  
1.9604908227920532 0.4856550991535187 0.6500434875488281 [ 0.0229669   0.06155917  0.04971298  0.13324783  0.08600617  0.06935356
  0.04476498  0.03182017] {'loss': [0.054414819926023483, 0.036644484847784042]}  
2.6769371032714844 1.0303539037704468 0.6500434875488281 [ 0.02012796  0.05394985  0.06597816  0.17684407  0.11414579  0.08059975
  0.05202396  0.02808142] {'loss': [0.049522671848535538, 0.049754500389099121]}  
3.3230297565460205 1.6556099653244019 0.8333761692047119 [ 0.02617501  0.04766303  0.13281305  0.24184399  0.1095886   0.09860615
  0.04468216  0.02563948] {'loss': [0.033333592116832733, 0.046690203249454498]}  
3.880359172821045 2.360948324203491 1.0750410556793213 [ 0.03161728  0.03805982  0.25057422  0.30163274  0.09561634  0.11509974
  0.02909488  0.02171149] {'loss': [0.030881041660904884, 0.049326665699481964]}  
4.115463733673096 3.223780870437622 1.5250378847122192 [ 0.0347989   0.16900595  0.37781752  0.20991903  0.17263327  0.09591678
  0.02258355  0.0155663 ] {'loss': [0.013957797549664974, 0.01142567303031683]}  
3.961327075958252 4.103540897369385 1.8833709955215454 [ 0.03288963  0.27567653  0.31491902  0.20585972  0.23516397  0.05386435
  0.02095405  0.02361139] {'loss': [0.016012256965041161, 0.010326278395950794]}  
3.6727049350738525 4.954895496368408 1.9917041063308716 [ 0.04757551  0.25665046  0.24833483  0.36783365  0.35591572  0.05626773
  0.02029313  0.02241447] {'loss': [0.011190786957740784, 0.014873557724058628]}  
3.132566452026367 5.660776138305664 2.4417054653167725 [ 0.13050816  0.22488921  0.41719457  0.71890281  0.30600704  0.02614015
  0.01332308  0.02295809] {'loss': [0.017199276015162468, 0.016901358962059021]}  
2.33719801902771 6.05887508392334 2.8917055130004883 [ 0.14996423  0.27071534  0.99982778  0.79885786  0.0697457   0.02241522
  0.02028077  0.04060466] {'loss': [0.02715456485748291, 0.026803886517882347]}  
1.4526948928833008 6.217060089111328 3.0250394344329834 [ 0.11424353  0.49140429  1.          0.78663127  0.03471651  0.02166095
  0.02089211  0.04452883] {'loss': [0.03993162140250206, 0.02109084464609623]}  
0.5548905730247498 6.232180118560791 -3.0998117923736572 [ 0.08700216  0.71073202  1.          0.60122963  0.04188745  0.01922921
  0.0210709   0.04721429] {'loss': [0.029626905918121338, 0.045519255101680756]}  
-0.3410758972167969 6.159673690795898 -2.9248108863830566 [ 0.06505952  0.85773562  1.          0.36330555  0.04869775  0.01513767
  0.02039249  0.04774666] {'loss': [0.035042081028223038, 0.041336163878440857]}  
-1.146226406097412 5.768061637878418 -2.474811315536499 [ 0.314733    0.82713549  0.52587781  0.06065463  0.0385631   0.02214787
  0.02081286  0.05469731] {'loss': [0.013701332733035088, 0.019667467102408409]}  
-1.8129658699035645 5.165266036987305 -2.508145332336426 [ 0.1847386   0.50496598  0.3307879   0.07175904  0.04700713  0.02419045
  0.01712454  0.04680834] {'loss': [0.0094895390793681145, 0.016187805682420731]}  
-2.7322535514831543 4.80653190612793 -3.0081450939178467 [ 0.0387192   0.25516273  0.39079886  0.14359835  0.09346891  0.034345
  0.02572296  0.02528079] {'loss': [0.011614502407610416, 0.012340238317847252]}  
-3.6315159797668457 4.797275066375732 3.1333744525909424 [ 0.0332912   0.19409809  0.39465631  0.20058491  0.12858748  0.06535484
  0.02631481  0.01637314] {'loss': [0.0059868036769330502, 0.017552679404616356]}  
-4.506872177124023 4.616095542907715 -2.7248106002807617 [ 0.0564296   0.30923572  0.30126987  0.15660741  0.15257317  0.02454361
  0.02275364  0.02467116] {'loss': [0.0075220353901386261, 0.0051867472939193249]}  
-5.225043773651123 4.079254627227783 -2.358144760131836 [ 0.13330526  0.26765352  0.1343492   0.2532869   0.12713789  0.02949043
  0.01480278  0.02533873] {'loss': [0.010755045339465141, 0.027220718562602997]}  
-5.822951793670654 3.407478094100952 -2.1331450939178467 [ 0.13800411  0.18602515  0.24937889  0.33615491  0.10276284  0.03166317
  0.01633692  0.02202163] {'loss': [0.0073187076486647129, 0.011500401422381401]}  
-6.18084716796875 2.5819809436798096 -1.9414777755737305 [ 0.12133036  0.11698313  0.38442605  0.37065213  0.05806625  0.03245656
  0.01897882  0.02267377] {'loss': [0.0063973129726946354, 0.0047220047563314438]}  
-6.385863780975342 1.7107330560684204 -1.5914766788482666 [ 0.10331477  0.24197306  0.51330783  0.27176722  0.04628386  0.02450465
  0.0211458   0.0487025 ] {'loss': [0.011246595531702042, 0.0039993440732359886]}  
-6.396987438201904 0.810804009437561 -1.5831433534622192 [ 0.07890164  0.2526128   0.51793703  0.26540307  0.05678102  0.02909594
  0.02112491  0.03848261] {'loss': [0.0051614767871797085, 0.0046412418596446514]}  
-6.408111095428467 -0.08912753313779831 -1.5831433534622192 [ 0.06218688  0.25464744  0.5221087   0.26754061  0.07123995  0.03650503
  0.02109079  0.03033035] {'loss': [0.0063110878691077232, 0.010427700355648994]}  
-6.237556457519531 -0.9637413620948792 -1.1581417322158813 [ 0.07237505  0.40297199  0.39528588  0.07879468  0.07729177  0.01859758
  0.01824286  0.04352998] {'loss': [0.016238709911704063, 0.0098761888220906258]}  
-5.703299522399902 -1.674105167388916 -0.7081415057182312 [ 0.19147028  0.33508065  0.14520718  0.11474571  0.04972503  0.02322877
  0.02457086  0.04300001] {'loss': [0.028462152928113937, 0.012522796168923378]}  
-4.9112982749938965 -2.0787839889526367 -0.25814059376716614 [ 0.20786453  0.16841611  0.12460889  0.10096063  0.02458067  0.01991574
  0.03688326  0.05493647] {'loss': [0.023340063169598579, 0.013310243375599384]}  
-4.019245624542236 -2.0972020626068115 0.19186078011989594 [ 0.14731073  0.09234251  0.13138418  0.04356835  0.0296764   0.02671002
  0.03800282  0.10353628] {'loss': [0.024240365251898766, 0.03099282830953598]}  
-3.175182580947876 -1.786700963973999 0.39186060428619385 [ 0.09588072  0.10406129  0.10420588  0.03054474  0.03058717  0.0356257
  0.03567521  0.09574767] {'loss': [0.039806462824344635, 0.021747959777712822]}  
-2.3433961868286133 -1.4429917335510254 0.39186060428619385 [ 0.07386239  0.09260956  0.09273824  0.03598622  0.03603621  0.03826649
  0.03831967  0.07375988] {'loss': [0.018833449110388756, 0.021616192534565926]}  
-1.5116157531738281 -1.0992720127105713 0.39186060428619385 [ 0.05864161  0.08294895  0.08306419  0.04302264  0.04308241  0.04121227
  0.04126953  0.05856022] {'loss': [0.030373511835932732, 0.022909095510840416]}  
-0.6798339486122131 -0.7555546164512634 0.39186060428619385 [ 0.0476831   0.07472476  0.07482859  0.05234425  0.05241697  0.04451173
  0.04457359  0.04761692] {'loss': [0.024797160178422928, 0.022358797490596771]}  
0.15194597840309143 -0.41183769702911377 0.39186060428619385 [ 0.03953219  0.06766572  0.06775975  0.06505935  0.06514971  0.04822389
  0.0482909   0.03947732] {'loss': [0.016993731260299683, 0.023993518203496933]}  
0.9331254959106445 0.029032472521066666 0.6751938462257385 [ 0.02756444  0.06970049  0.04298946  0.09481687  0.05848059  0.06201364
  0.03824841  0.03887222] {'loss': [0.022461198270320892, 0.029819175601005554]}  
1.6356539726257324 0.5915764570236206 0.6751938462257385 [ 0.02386522  0.06034649  0.047214    0.11938706  0.07363484  0.07177309
  0.04426781  0.03397294] {'loss': [0.013362282887101173, 0.022048981860280037]}  
2.3601160049438477 1.1199392080307007 0.4835273027420044 [ 0.02347514  0.04922904  0.04174387  0.14473754  0.12273051  0.07734791
  0.06558734  0.0276845 ] {'loss': [0.011124885641038418, 0.021366968750953674]}  
3.2231602668762207 1.3464239835739136 0.11686083674430847 [ 0.02580457  0.03129106  0.05012285  0.1414656   0.22660335  0.08826076
  0.08949704  0.03485864] {'loss': [0.013974390923976898, 0.012825901620090008]}  
4.117018222808838 1.451358437538147 0.1168607845902443 [ 0.02244268  0.0305638   0.04895795  0.22910785  0.36699105  0.14294106
  0.09239434  0.03598715] {'loss': [0.02958226203918457, 0.010637667030096054]}  
4.968282699584961 1.726718783378601 0.525194525718689 [ 0.01517494  0.04361464  0.16630897  0.63312453  0.51475944  0.09432272
  0.07668878  0.0186643 ] {'loss': [0.042804058641195297, 0.03673866018652916]}  
5.618602752685547 2.3432719707489014 0.9751936793327332 [ 0.02802478  0.04191216  0.87186452  1.          0.41500973  0.12000928
  0.04000531  0.01772618] {'loss': [0.047189965844154358, 0.065897911787033081]}  
6.132861614227295 3.201286792755127 1.033527135848999 [ 0.02583406  0.15514436  1.          1.          0.67374561  0.16165207
  0.04505937  0.01607534] {'loss': [0.092255696654319763, 0.06894385814666748]}  
6.454668998718262 4.13989782333374 1.4835230112075806 [ 0.02934487  1.          1.          1.          0.26189219  0.15726548
  0.01623053  0.01199325] {'loss': [0.10583764314651489, 0.095840983092784882]}  
6.328463077545166 5.022274017333984 1.9335215091705322 [ 0.46057651  1.          1.          0.66756823  0.38966472  0.07732552
  0.01461504  0.02110698] {'loss': [0.10645930469036102, 0.10214483737945557]}  
5.830549240112305 5.75871467590332 2.3835222721099854 [ 0.91268084  1.          0.8458896   0.78562245  0.37802873  0.0177004
  0.01181371  0.02275466] {'loss': [0.097932972013950348, 0.11002525687217712]}  
4.963933944702148 6.22930908203125 2.8835232257843018 [ 0.66462981  0.5384319   1.          0.96941301  0.08911066  0.01501707
  0.01969548  0.1756918 ] {'loss': [0.066560231149196625, 0.058162730187177658]}  
4.0718770027160645 6.2476630210876465 -2.9496610164642334 [ 0.36423433  0.91536486  1.          0.43174937  0.02192508  0.01429505
  0.02033636  0.25603151] {'loss': [0.062176454812288284, 0.078642465174198151]}  
3.1791045665740967 5.81326961517334 -2.4496612548828125 [ 0.34998498  0.86830991  0.52738617  0.02582815  0.01568726  0.02212266
  0.09229202  0.22897556] {'loss': [0.049822017550468445, 0.024726461619138718]}  
2.6392340660095215 5.0981855392456055 -1.9996602535247803 [ 0.4079714   0.43921167  0.08911176  0.02526026  0.02043313  0.02199778
  0.14801017  0.15934388] {'loss': [0.042274117469787598, 0.021064411848783493]}  
2.29811692237854 4.265134334564209 -1.9579932689666748 [ 0.25478535  0.25247307  0.04236725  0.02576034  0.02445209  0.02423017
  0.13437151  0.13315193] {'loss': [0.011452674865722656, 0.033954229205846786]}  
1.8971247673034668 3.46539044380188 -2.216327428817749 [ 0.12904032  0.19538542  0.0707001   0.03180031  0.02121334  0.03212002
  0.08713704  0.13193784] {'loss': [0.011552726849913597, 0.017368022352457047]}  
1.3220326900482178 2.7735726833343506 -2.266327381134033 [ 0.08825601  0.14853669  0.06148675  0.03586061  0.02203452  0.03708454
  0.065065    0.10950564] {'loss': [0.019451221451163292, 0.015765072777867317]}  
0.7370864152908325 2.0896778106689453 -2.1663284301757812 [ 0.07921494  0.11309956  0.03769522  0.03923361  0.02902718  0.04144371
  0.06208922  0.08864819] {'loss': [0.02440970204770565, 0.011122081428766251]}  
0.3394824266433716 1.2821472883224487 -1.9996601343154907 [ 0.07474887  0.0793671   0.03643657  0.03868773  0.04215012  0.04475427
  0.06733414  0.07149423] {'loss': [0.010806127451360226, 0.011499936692416668]}  
-0.034771520644426346 0.4636509120464325 -1.9996601343154907 [ 0.05926808  0.06292986  0.03947666  0.04191566  0.05116791  0.05432922
  0.06068132  0.06443037] {'loss': [0.015145145356655121, 0.01981232687830925]}  
-0.4090253710746765 -0.35484397411346436 -1.9996601343154907 [ 0.0481421   0.05111648  0.04291375  0.0455651   0.0634225   0.06734093
  0.05496787  0.05836393] {'loss': [0.020095987245440483, 0.011723649688065052]}  
-0.921778678894043 -1.083821177482605 -2.332994222640991 [ 0.02794321  0.04905017  0.03055027  0.05836064  0.04977588  0.09508755
  0.0453629   0.05857326] {'loss': [0.019570473581552505, 0.012733268551528454]}  
-1.5432418584823608 -1.7348061800003052 -2.332994222640991 [ 0.02417014  0.04267409  0.03571188  0.06822097  0.06150593  0.11749565
  0.056053    0.05066432] {'loss': [0.013185525313019753, 0.014245887286961079]}  
-2.170072555541992 -2.379257917404175 -2.416327953338623 [ 0.02441103  0.03741029  0.03628197  0.08071672  0.06668217  0.14834799
  0.08206467  0.04412775] {'loss': [0.011390315368771553, 0.014486100524663925]}  
-2.9294962882995605 -2.8560338020324707 -2.624661922454834 [ 0.02869867  0.03181175  0.02586139  0.09444223  0.07677692  0.16830439
  0.13682318  0.03530186] {'loss': [0.014570237137377262, 0.015973063185811043]}  
-3.756579637527466 -3.191127300262451 -2.9579951763153076 [ 0.03135894  0.02206293  0.03093497  0.0924988   0.12969478  0.14529215
  0.20371747  0.06611806] {'loss': [0.019624073058366776, 0.016145892441272736]}  
-4.648082733154297 -3.1430459022521973 2.8751914501190186 [ 0.0260609   0.02081716  0.03015129  0.04872557  0.17987728  0.14368402
  0.19531736  0.15601736] {'loss': [0.013475404120981693, 0.013649520464241505]}  
-5.510257720947266 -2.8846182823181152 2.850191354751587 [ 0.02225565  0.01880425  0.03100572  0.06579277  0.26849527  0.22685716
  0.17098671  0.14447018] {'loss': [0.050395160913467407, 0.017749832943081856]}  
-6.303207874298096 -2.4682724475860596 2.4835257530212402 [ 0.05906599  0.02115401  0.0228007   0.0358378   0.29801988  0.46842319
  0.17808091  0.155367  ] {'loss': [0.029890891164541245, 0.043741803616285324]}  
-6.999812126159668 -1.8978842496871948 2.333526134490967 [ 0.06565655  0.01944923  0.01976358  0.04068531  0.40185215  0.82725352
  0.42557089  0.12762761] {'loss': [0.067014940083026886, 0.078069455921649933]}  
-7.4537034034729 -1.125747561454773 1.8835259675979614 [ 0.08908371  0.01984175  0.01642924  0.03816439  0.13278135  1.          1.
  0.26739564] {'loss': [0.11965080350637436, 0.12280095368623734]}  
-7.52819299697876 -0.23584359884262085 1.4335286617279053 [ 0.07491613  0.04780084  0.01773019  0.02180775  0.05757798  0.55210651
  1.          0.93009839] {'loss': [0.12493253499269485, 0.12229674309492111]}  
-7.209146976470947 0.5953977704048157 1.0085262060165405 [ 0.29943639  0.05819828  0.01739178  0.0178715   0.05190271  0.06895998
  0.75415991  1.        ] {'loss': [0.093606665730476379, 0.090658329427242279]}  
-6.7293620109558105 1.3568403720855713 1.0085262060165405 [ 0.19279838  0.04861067  0.01452666  0.01910755  0.06443772  0.08561452
  0.48558132  0.64516272] {'loss': [0.033073935657739639, 0.039101999253034592]}  
-6.249577045440674 2.1182830333709717 1.0085262060165405 [ 0.13442839  0.04121093  0.01541156  0.02047639  0.08212944  0.10912042
  0.338571    0.44983873] {'loss': [0.0205122921615839, 0.035056326538324356]}  
-5.769792079925537 2.879725694656372 1.0085262060165405 [ 0.0990489   0.03538066  0.01655664  0.02199779  0.10824924  0.14382418
  0.24946428  0.33144809] {'loss': [0.023180168122053146, 0.015637483447790146]}  
-5.2900071144104 3.6411683559417725 1.0085262060165405 [ 0.07599872  0.03070548  0.01783424  0.02369527  0.14914285  0.19815705
  0.19141017  0.25431512] {'loss': [0.018116466701030731, 0.0083937570452690125]}  
-4.786485195159912 4.383932113647461 0.8418590426445007 [ 0.09132911  0.0282305   0.01524507  0.02688769  0.17104282  0.30166814
  0.1318953   0.20888595] {'loss': [0.01230266410857439, 0.018642464652657509]}  
-4.056387424468994 4.891041278839111 0.3918575346469879 [ 0.13104828  0.0223282   0.02205273  0.02620289  0.06283538  0.35553064
  0.35114448  0.13268515] {'loss': [0.02123662456870079, 0.018184293061494827]}  
-3.1788125038146973 5.073221683502197 0.14185822010040283 [ 0.11022454  0.04049435  0.02469975  0.02289202  0.03505579  0.30141889
  0.46157968  0.16957532] {'loss': [0.016380192711949348, 0.013823566026985645]}  
-2.2816901206970215 5.118143558502197 0.0001927416305989027 [ 0.08498974  0.04247848  0.02499683  0.0213619   0.04270731  0.24422284
  0.4882572   0.24403451] {'loss': [0.026683187112212181, 0.014120521955192089]}  
-1.3816909790039062 5.118323802947998 0.0001936405897140503 [ 0.06641966  0.03319694  0.02499613  0.02596703  0.05191388  0.24425425
  0.48831902  0.2440648 ] {'loss': [0.02420065738260746, 0.018419448286294937]}  
-0.38169169425964355 5.118524074554443 0.0001946394331753254 [ 0.05212145  0.02605057  0.02499533  0.03307349  0.06612118  0.24428883
  0.48838721  0.24409849] {'loss': [0.013310717418789864, 0.013957039453089237]}  
0.6183084845542908 5.118724346160889 0.0001956382766366005 [ 0.04198833  0.02098595  0.02499454  0.04355282  0.08707144  0.24432348
  0.48845573  0.24413218] {'loss': [0.024243051186203957, 0.017123034223914146]}  
1.5183076858520508 5.1189045906066895 0.00019653723575174809 [ 0.03519789  0.01759202  0.02499382  0.05791135  0.11577705  0.24435476
  0.48851743  0.24416255] {'loss': [0.021025475114583969, 0.026136267930269241]}  
2.418306827545166 5.11908483505249 0.00019743619486689568 [ 0.02993076  0.01495946  0.02499311  0.08074535  0.16142682  0.24438609
  0.48857898  0.24419293] {'loss': [0.019030595198273659, 0.016470963135361671]}  
3.417445182800293 5.098071098327637 -0.13313491642475128 [ 0.02496403  0.01581029  0.02466183  0.09514575  0.2488014   0.18211192
  0.47621474  0.30159738] {'loss': [0.018288750201463699, 0.023946920409798622]}  
4.251940727233887 4.774827480316162 -0.5831342935562134 [ 0.11706208  0.02130504  0.01852156  0.02514413  0.28600357  0.38826681
  0.27898741  0.37874249] {'loss': [0.024596448987722397, 0.020143872126936913]}  
4.865780830383301 4.121946334838867 -1.0331332683563232 [ 0.20067725  0.01919489  0.01485437  0.02759327  0.17062196  0.59719406
  0.46215101  0.25931631] {'loss': [0.020375756546854973, 0.035491082817316055]}  
5.194113731384277 3.179832935333252 -1.3081319332122803 [ 0.16517601  0.04414669  0.01808781  0.02593813  0.05688394  0.63341868
  0.78683149  0.21029647] {'loss': [0.045347575098276138, 0.039400462061166763]}  
5.398493766784668 2.3034732341766357 -1.3664647340774536 [ 0.12108814  0.03805161  0.01807395  0.02860629  0.04239025  0.71933325
  0.98715195  0.31020939] {'loss': [0.058404084295034409, 0.046149984002113342]}  
5.601397514343262 1.3242738246917725 -1.3664647340774536 [ 0.08785642  0.02760863  0.01758077  0.03524328  0.05267721  0.89389624
  1.          0.38548908] {'loss': [0.085774987936019897, 0.06399257481098175]}  
5.8043012619018555 0.3450765609741211 -1.3664647340774536 [ 0.06664019  0.02094149  0.01710751  0.0444895   0.06721918  1.          1.
  0.49190672] {'loss': [0.094254352152347565, 0.062171768397092819]}  
5.834230899810791 -0.6460668444633484 -1.7331316471099854 [ 0.05295223  0.03585859  0.01727881  0.02831911  0.08099618  0.58703348
  1.          1.        ] {'loss': [0.10191570222377777, 0.06938866525888443]}  
5.5957536697387695 -1.6149019002914429 -1.8664641380310059 [ 0.10996485  0.03417242  0.01675441  0.02487681  0.10288437  0.2865846   1.
  1.        ] {'loss': [0.057611588388681412, 0.066739663481712341]}  
5.304387092590332 -2.5715105533599854 -1.8664641380310059 [ 0.080911    0.02823165  0.01743501  0.035288    0.14594253  0.210866
  0.87208904  0.74213378] {'loss': [0.041223596781492233, 0.046815041452646255]}  
4.87001895904541 -3.3475232124328613 -2.2997984886169434 [ 0.28533656  0.03124676  0.0136636   0.0201282   0.12671215  0.22350919
  0.36993095  0.65252591] {'loss': [0.021121559664607048, 0.012926357798278332]}  
4.13988733291626 -3.8545844554901123 -2.7497990131378174 [ 0.33297767  0.05543982  0.02430297  0.01928552  0.0444246   0.25142225
  0.24834667  0.33710114] {'loss': [0.013576303608715534, 0.011665784753859043]}  
3.159625291824341 -3.982180595397949 3.0333869457244873 [ 0.22774022  0.13783426  0.02764913  0.01673397  0.02588872  0.12762662
  0.31527129  0.19081041] {'loss': [0.01155093964189291, 0.0047622164711356163]}  
2.2782139778137207 -3.8084068298339844 3.0667219161987305 [ 0.15567895  0.09136386  0.02856519  0.01676416  0.03010577  0.12061
  0.28711089  0.16849793] {'loss': [0.0022424128837883472, 0.0028891756664961576]}  
1.3041269779205322 -3.991729259490967 -2.7414629459381104 [ 0.09337771  0.02404416  0.02374995  0.03109662  0.04790436  0.27111384
  0.26779614  0.09453455] {'loss': [0.0047168731689453125, 0.010364926420152187]}  
0.4752170443534851 -4.3423051834106445 -2.7414629459381104 [ 0.07216603  0.02269342  0.02241574  0.03664955  0.05894328  0.33358786
  0.32950583  0.07306004] {'loss': [0.010189280845224857, 0.0080020613968372345]}  
-0.3093787133693695 -4.779666900634766 -2.5414628982543945 [ 0.04661478  0.02383897  0.016806    0.04885627  0.16503428  0.49988331
  0.35240775  0.06612218] {'loss': [0.0097129121422767639, 0.012954836711287498]}  
-1.0658069849014282 -5.262986183166504 -2.699796438217163 [ 0.04597403  0.02040363  0.01854936  0.05383799  0.14436727  0.68008819
  0.61828206  0.08256119] {'loss': [0.028014406561851501, 0.025745410472154617]}  
-1.9381368160247803 -5.444041728973389 3.133389472961426 [ 0.0465718   0.02327982  0.02219437  0.03784469  0.07566967  0.45915866
  0.91807761  0.45891934] {'loss': [0.022351657971739769, 0.036264535039663315]}  
-2.8055408000946045 -5.2269697189331055 2.6833903789520264 [ 0.14515725  0.0346962   0.01853307  0.02037685  0.07919521  0.087074
  0.622497    0.68442626] {'loss': [0.039682634174823761, 0.019624551758170128]}  
-3.495314359664917 -4.654990196228027 2.233391284942627 [ 0.30480622  0.0336122   0.02089271  0.02457401  0.04757587  0.12147951
  0.19204797  0.49037209] {'loss': [0.011546574532985687, 0.0049575520679354668]}  
-3.870119333267212 -3.8419883251190186 1.7833900451660156 [ 0.28725448  0.08635656  0.03021728  0.0202605   0.02702067  0.10117065
  0.13492763  0.2153876 ] {'loss': [0.011683528311550617, 0.0082178497686982155]}  
-3.893388271331787 -2.9451184272766113 1.5250561237335205 [ 0.19394019  0.1060502   0.03149553  0.01722236  0.03313661  0.06517484
  0.14315472  0.08829633] {'loss': [0.027053903788328171, 0.0049316082149744034]}  
-3.6511318683624268 -2.088249444961548 1.0750552415847778 [ 0.10710455  0.12537068  0.03009273  0.03004582  0.03053491  0.03574251
  0.10290883  0.12045958] {'loss': [0.0075832316651940346, 0.011557421647012234]}  
-3.0632903575897217 -1.4191856384277344 0.7000539898872375 [ 0.063156    0.10740678  0.06328528  0.03635187  0.02141892  0.04463819
  0.04481588  0.10718736] {'loss': [0.023794956505298615, 0.020778659731149673]}  
-2.3574860095977783 -0.8650568723678589 0.5333868265151978 [ 0.06370839  0.08540965  0.0665788   0.03963673  0.03089776  0.04787209
  0.03731742  0.08172732] {'loss': [0.012013270519673824, 0.031505133956670761]}  
-1.5192879438400269 -0.5461752414703369 0.31672006845474243 [ 0.06213453  0.06553639  0.07434939  0.04007073  0.04545924  0.04363354
  0.04950119  0.0547694 ] {'loss': [0.015977092087268829, 0.016522236168384552]}  
-0.700914740562439 -0.1766781359910965 0.5250531435012817 [ 0.04198818  0.06951408  0.05574144  0.057031    0.04573157  0.05578974
  0.04473628  0.05236264] {'loss': [0.016027303412556648, 0.03135039284825325]}  
0.07383362203836441 0.2822340726852417 0.6083863377571106 [ 0.03203757  0.06375126  0.04494936  0.0721867   0.05089697  0.06472396
  0.0456352   0.04543857] {'loss': [0.035837076604366302, 0.032325979322195053]}  
0.8080360889434814 0.8027607202529907 0.6167197227478027 [ 0.02685447  0.05635079  0.03858883  0.08972861  0.06144583  0.07485008
  0.05125709  0.03921523] {'loss': [0.028321441262960434, 0.023426910862326622]}  
1.5422369241714478 1.3232873678207397 0.6167197227478027 [ 0.02329249  0.04990016  0.03912717  0.11367426  0.07784374  0.08695838
  0.05954882  0.03401373] {'loss': [0.017200769856572151, 0.015137671492993832]}  
2.257155418395996 1.870227336883545 0.6750525832176208 [ 0.01873671  0.04499991  0.05932173  0.15005136  0.09257159  0.1047678
  0.06463476  0.03037073] {'loss': [0.016884976997971535, 0.01651977002620697]}  
2.9337387084960938 2.4014220237731934 0.6750525832176208 [ 0.01662548  0.04004818  0.0796355   0.20143394  0.12427117  0.126957
  0.07832397  0.02694859] {'loss': [0.022875797003507614, 0.013249235227704048]}  
2.9337387084960938 2.4014220237731934 0.6750525832176208 [ 0.01662548  0.04004818  0.0796355   0.20143394  0.12427117  0.126957
  0.07832397  0.02694859] {'loss': [0.028166515752673149, 0.012702573090791702]}  
2.9337387084960938 2.4014220237731934 0.6750525832176208 [ 0.01662548  0.04004818  0.0796355   0.20143394  0.12427117  0.126957
  0.07832397  0.02694859] {'loss': [0.010548374615609646, 0.016953377053141594]}  
2.9337387084960938 2.4014220237731934 0.6750525832176208 [ 0.01662548  0.04004818  0.0796355   0.20143394  0.12427117  0.126957
  0.07832397  0.02694859] {'loss': [0.0096030281856656075, 0.010254657827317715]}  
2.9337387084960938 2.4014220237731934 0.6750525832176208 [ 0.01662548  0.04004818  0.0796355   0.20143394  0.12427117  0.126957
  0.07832397  0.02694859] {'loss': [0.018230907618999481, 0.0077946805395185947]}  
2.9337387084960938 2.4014220237731934 0.6750525832176208 [ 0.01662548  0.04004818  0.0796355   0.20143394  0.12427117  0.126957
  0.07832397  0.02694859] {'loss': [0.0038995558861643076, 0.015904080122709274]}  
2.9337387084960938 2.4014220237731934 0.6750525832176208 [ 0.01662548  0.04004818  0.0796355   0.20143394  0.12427117  0.126957
  0.07832397  0.02694859] {'loss': [0.0092941252514719963, 0.0087191089987754822]}  
2.9337387084960938 2.4014220237731934 0.6750525832176208 [ 0.01662548  0.04004818  0.0796355   0.20143394  0.12427117  0.126957
  0.07832397  0.02694859] {'loss': [0.0064500086009502411, 0.0040859007276594639]}  
2.9337387084960938 2.4014220237731934 0.6750525832176208 [ 0.01662548  0.04004818  0.0796355   0.20143394  0.12427117  0.126957
  0.07832397  0.02694859] {'loss': [0.0040102144703269005, 0.0027321765664964914]}  
2.9337387084960938 2.4014220237731934 0.6750525832176208 [ 0.01662548  0.04004818  0.0796355   0.20143394  0.12427117  0.126957
  0.07832397  0.02694859] {'loss': [0.0068704630248248577, 0.008124249055981636]}  
2.9337387084960938 2.4014220237731934 0.6750525832176208 [ 0.01662548  0.04004818  0.0796355   0.20143394  0.12427117  0.126957
  0.07832397  0.02694859] {'loss': [0.0038199999835342169, 0.0045843231491744518]}  
