1.0 0.0 1.6278845578199252e-05 [ 0.015625    0.12499593  0.01777778  0.50001627  0.99999976  0.49998373
  0.44444444  0.22221498] {'loss': [0.15409480035305023, 0.16415263712406158]}  
1.0 0.0 1.7277470760745928e-05 [ 0.015625    0.12499567  0.01777778  0.50001723  0.99999976  0.49998271
  0.44444444  0.2222145 ] {'loss': [0.13867516815662384, 0.1275736391544342]}  
0.816666841506958 -3.6202675346430624e-06 1.8176233425037935e-05 [ 0.01592214  0.13492513  0.01777779  0.43268207  0.86533273  0.43265066
  0.44444357  0.22221377] {'loss': [0.11457567662000656, 0.14468903839588165]}  
-0.0790669173002243 -0.05942002683877945 -0.07498101145029068 [ 0.01780754  0.20106653  0.01784894  0.18693576  0.42926275  0.2442394
  0.4244128   0.24147991] {'loss': [0.076811634004116058, 0.12181796133518219]}  
-0.3595820963382721 -0.07396058738231659 -0.5249796509742737 [ 0.10499512  0.03238276  0.1431115   0.02456221  0.26336977  0.3238121
  0.32530668  0.3999634 ] {'loss': [0.12649750709533691, 0.095335371792316437]}  
0.2908742427825928 -0.6903750896453857 -0.9749781489372253 [ 0.20346872  0.0165928   0.23353162  0.01879099  0.17345326  0.52004713
  0.36405892  0.29064891] {'loss': [0.13347315788269043, 0.10489332675933838]}  
0.6116254329681396 -1.525903582572937 -1.3999756574630737 [ 0.19383072  0.06636311  0.04980839  0.10227934  0.02124005  0.46586407
  0.67773834  0.23204185] {'loss': [0.15840591490268707, 0.13395193219184875]}  
0.7646175622940063 -2.4128057956695557 -1.3999756574630737 [ 0.13502786  0.04623039  0.27491093  0.09412311  0.02432618  0.53164248
  0.77343306  0.26480543] {'loss': [0.11439491808414459, 0.11493425071239471]}  
0.9059181809425354 -3.3015036582946777 -1.4833091497421265 [ 0.10156316  0.04226403  0.26057532  0.10843466  0.02875949  0.53399137
  0.90268688  0.37564006] {'loss': [0.12223200500011444, 0.13491922616958618]}  
0.984556257724762 -4.198065280914307 -1.4833091497421265 [ 0.07768397  0.03232706  0.2503841   0.10419377  0.03370796  0.57641199
  0.9743969   0.40548123] {'loss': [0.1506458967924118, 0.11627849936485291]}  
1.0631942749023438 -5.0946269035339355 -1.4833091497421265 [ 0.06133369  0.02552314  0.24077945  0.02369356  0.04005283  0.62409581
  1.          0.43902496] {'loss': [0.14324219524860382, 0.15554827451705933]}  
0.9747939109802246 -5.985653877258301 -1.7666423320770264 [ 0.04818914  0.03460307  0.24280031  0.17434711  0.0468504   0.30341715
  0.94437136  0.67812286] {'loss': [0.095373079180717468, 0.10055319964885712]}  
0.7996413111686707 -6.868443965911865 -1.7666423320770264 [ 0.03991396  0.02866093  0.26566118  0.01847659  0.0575075   0.25690329
  0.79959881  0.57416624] {'loss': [0.091235257685184479, 0.098055936396121979]}  
0.46448493003845215 -7.693134307861328 -2.174975633621216 [ 0.19890631  0.03400166  0.2258372   0.31796409  0.05075033  0.07145318
  0.43263158  0.609117  ] {'loss': [0.054624944925308228, 0.047355405986309052]}  
-0.096891388297081 -8.39578914642334 -2.2499756813049316 [ 0.16681447  0.03066425  0.28323652  0.46257497  0.05487499  0.08962048
  0.25595208  0.41801464] {'loss': [0.039063695818185806, 0.038857098668813705]}  
-0.6622310876846313 -9.096064567565918 -2.2499756813049316 [ 0.119037    0.02720576  0.43528101  0.01918316  0.06856935  0.11198576
  0.1826446   0.29829067] {'loss': [0.045642092823982239, 0.038504235446453094]}  
-1.230544090270996 -9.793108940124512 -2.3083086013793945 [ 0.10026394  0.02450477  0.6928671   0.02096268  0.08089192  0.14500343
  0.12560703  0.2251579 ] {'loss': [0.054632119834423065, 0.043427657335996628]}  
-1.9650157690048218 -10.293899536132812 -2.758309841156006 [ 0.14036359  0.02418695  0.51295041  0.36211636  0.02610346  0.15280369
  0.15307814  0.14011202] {'loss': [0.035718593746423721, 0.034989256411790848]}  
-2.8388519287109375 -10.500840187072754 -2.941643238067627 [ 0.11397211  0.03622914  1.          0.54946178  0.02584049  0.13666466
  0.18897404  0.08242379] {'loss': [0.048235330730676651, 0.056574635207653046]}  
-3.720916748046875 -10.679591178894043 -2.941643238067627 [ 0.08589252  0.02730327  1.          0.4381101   0.03002758  0.14818023
  0.20489727  0.06513223] {'loss': [0.060273267328739166, 0.059298824518918991]}  
-4.6029815673828125 -10.858342170715332 -2.941643238067627 [ 0.06704285  0.81327379  1.          0.35747228  0.03532136  0.16121511
  0.22292124  0.07086164] {'loss': [0.045158900320529938, 0.040902629494667053]}  
-5.48504638671875 -11.037093162536621 -2.941643238067627 [ 0.05378018  0.67617173  0.93498124  0.29720959  0.04214921  0.17604858
  0.24343245  0.0773817 ] {'loss': [0.036842484027147293, 0.039670579135417938]}  
-6.3671112060546875 -11.21584415435791 -2.941643238067627 [ 0.04409641  0.57102728  0.78959253  0.25099367  0.05116666  0.1930278
  0.26691046  0.08484483] {'loss': [0.021628929302096367, 0.029681762680411339]}  
-7.2507100105285645 -11.38391399383545 -3.0333094596862793 [ 0.03779581  0.43523285  0.69747767  0.27181677  0.06514963  0.18774022
  0.30086105  0.1172497 ] {'loss': [0.020832045003771782, 0.016315611079335213]}  
-8.138798713684082 -11.277687072753906 2.8832099437713623 [ 0.0303094   0.19287375  0.71267451  0.56958129  0.07868046  0.0735325
  0.27170501  0.21715071] {'loss': [0.02782379649579525, 0.029039990156888962]}  
-9.008915901184082 -11.047746658325195 2.8832099437713623 [ 0.02606537  0.23832232  0.88060921  0.70379599  0.10305448  0.08236277
  0.24091275  0.19254135] {'loss': [0.032240323722362518, 0.030386125668883324]}  
-9.892928123474121 -10.908917427062988 -3.1083080768585205 [ 0.02417319  0.57723657  1.          0.52238465  0.15128547  0.12535479
  0.23864912  0.11344301] {'loss': [0.030120259150862694, 0.027626648545265198]}  
-10.754798889160156 -11.147631645202637 -2.6583077907562256 [ 0.18534559  0.8036045   0.70097032  0.19846597  0.1731184   0.2414545
  0.21061656  0.02485181] {'loss': [0.01724494993686676, 0.025685911998152733]}  
-11.430156707763672 -11.736607551574707 -2.208308696746826 [ 0.3508576   0.53950663  0.19929346  0.30439339  0.23374472  0.35942418
  0.13277121  0.0188901 ] {'loss': [0.01707947812974453, 0.017636643722653389]}  
-11.789392471313477 -12.557174682617188 -1.824974536895752 [ 0.30435591  0.24152015  0.36162245  0.28696366  0.60376851  0.47911719
  0.04075122  0.08337828] {'loss': [0.029689440503716469, 0.025200985372066498]}  
-11.859673500061035 -12.889581680297852 -2.0583086013793945 [ 0.20354417  0.23500025  0.32256634  0.37241631  0.7377519   0.85176497
  0.19915577  0.01643461] {'loss': [0.051043305546045303, 0.039997175335884094]}  
-11.4962797164917 -12.068819999694824 -1.7999744415283203 [ 0.38878621  0.29990259  0.30915825  0.23847915  0.45476993  0.35080139
  0.02665093  0.11166746] {'loss': [0.02744152769446373, 0.026160338893532753]}  
-11.45945930480957 -11.871673583984375 -1.3499746322631836 [ 0.46348063  0.22532922  0.30490361  0.2886241   0.39055083  0.12010533
  0.0182809   0.34252046] {'loss': [0.02526991069316864, 0.019309500232338905]}  
-11.11020565032959 -12.543400764465332 -0.8999727368354797 [ 0.20250499  0.26317459  0.24295193  0.63252232  0.39922351  0.01973096
  0.12323672  0.3208454 ] {'loss': [0.024929024279117584, 0.027908759191632271]}  
-10.411147117614746 -13.092302322387695 -0.4499725103378296 [ 0.15478704  0.17259268  0.8641513   0.96355755  0.2103217   0.01985511
  0.19415422  0.21648842] {'loss': [0.029168162494897842, 0.029216164723038673]}  
-9.549965858459473 -13.344171524047852 -0.24163921177387238 [ 0.12847729  0.38490683  1.          1.          0.0823454   0.01850341
  0.20092436  0.15608301] {'loss': [0.032121945172548294, 0.024998852983117104]}  
-8.886466979980469 -13.503702163696289 -0.17497248947620392 [ 0.10346661  0.5730883   1.          1.          0.05936208  0.01922956
  0.19065377  0.13394785] {'loss': [0.030121935531497002, 0.041085939854383469]}  
-8.286478042602539 -13.508957862854004 -0.00830499455332756 [ 0.08962982  0.88416864  1.          0.91403442  0.03121416  0.09675728
  0.19676942  0.10002563] {'loss': [0.052322100847959518, 0.050954040139913559]}  
-7.386509418487549 -13.516425132751465 -0.008304188959300518 [ 0.06961033  0.89309046  1.          0.92325471  0.036839    0.01872668
  0.19611924  0.0996951 ] {'loss': [0.036914743483066559, 0.032011065632104874]}  
-6.486548900604248 -13.523892402648926 -0.00830338429659605 [ 0.05561938  0.90214712  1.          0.93261492  0.04413336  0.02243467
  0.19547228  0.099366  ] {'loss': [0.028428418561816216, 0.05258665606379509]}  
-5.586588382720947 -13.531359672546387 -0.008302579633891582 [ 0.0454587   0.91134373  1.          0.94211973  0.0538299   0.02736373
  0.19482851  0.09903866] {'loss': [0.02828759141266346, 0.041881773620843887]}  
-4.6866278648376465 -13.538826942443848 -0.008301774971187115 [ 0.03784778  0.92068049  1.          0.95176872  0.06711197  0.03411548
  0.19418792  0.09871277] {'loss': [0.039823018014431, 0.035035114735364914]}  
-4.206757068634033 -13.497713088989258 0.24169953167438507 [ 0.10262608  1.          1.          0.47937132  0.07227867  0.02051752
  0.18574418  0.0527266 ] {'loss': [0.017517736181616783, 0.037561040371656418]}  
-3.332916259765625 -13.282295227050781 0.24170172214508057 [ 0.07876283  1.          1.          0.36789627  0.09306848  0.0264189
  0.20448453  0.05804595] {'loss': [0.036069255322217941, 0.036906182765960693]}  
-2.4729387760162354 -13.02059268951416 0.4500359892845154 [ 0.19072928  0.92521285  0.85299688  0.11851273  0.10794926  0.01499817
  0.2000575   0.02779536] {'loss': [0.033461891114711761, 0.024806218221783638]}  
-1.7785637378692627 -12.454228401184082 0.9000347256660461 [ 0.38548282  0.62946441  0.25114844  0.17170012  0.06850627  0.01647593
  0.12930257  0.0226963 ] {'loss': [0.031228400766849518, 0.032570101320743561]}  
-1.3883405923843384 -11.64722728729248 1.2583664655685425 [ 0.33156251  0.29017552  0.18721169  0.1638432   0.01953267  0.3236596
  0.05203956  0.07598048] {'loss': [0.033511575311422348, 0.029145302250981331]}  
-1.1117039918899536 -10.79080867767334 1.2583664655685425 [ 0.20913947  0.18303382  0.21318355  0.18657319  0.02224244  0.23533218
  0.11181878  0.04792616] {'loss': [0.029728513211011887, 0.028596324846148491]}  
-0.8350693583488464 -9.9343900680542 1.2583664655685425 [ 0.14384428  0.12588906  0.24496009  0.21438322  0.02555784  0.17878376
  0.39191602  0.03296319] {'loss': [0.038303196430206299, 0.035225573927164078]}  
-0.5604277849197388 -9.07712459564209 1.3000329732894897 [ 0.10710533  0.08864462  0.29011696  0.24011211  0.02514183  0.15923825
  0.62572397  0.02725688] {'loss': [0.040323525667190552, 0.050373949110507965]}  
-0.5224942564964294 -8.184957504272461 1.725032925605774 [ 0.0853238   0.21073601  0.31568251  0.11257687  0.03094499  0.42301214
  0.6336721   0.05695851] {'loss': [0.041296545416116714, 0.037934202700853348]}  
-0.660757839679718 -7.295631408691406 1.725032925605774 [ 0.0666502   0.19509653  0.29225444  0.10422213  0.03649414  0.47437956
  0.7106203   0.04449281] {'loss': [0.049209251999855042, 0.044099163264036179]}  
-0.7990214228630066 -6.406305313110352 1.725032925605774 [ 0.05349776  0.18113561  0.27134106  0.09676409  0.04368164  0.53570476
  0.8024853   0.03571282] {'loss': [0.05877288430929184, 0.05986853688955307]}  
-0.9372850060462952 -5.516979217529297 1.725032925605774 [ 0.04388652  0.16862129  0.25259458  0.09007886  0.05322211  0.60973837
  0.91338787  0.32572705] {'loss': [0.056269783526659012, 0.048960421234369278]}  
-1.080467700958252 -4.628777503967285 1.7916998863220215 [ 0.0358692   0.17025894  0.2303529   0.07082444  0.06483951  0.76098179
  1.          0.3165537 ] {'loss': [0.060004275292158127, 0.073150120675563812]}  
-1.4042829275131226 -3.79140043258667 1.9750326871871948 [ 0.03209106  0.17873646  0.17535207  0.07372178  0.07232586  1.          1.
  0.21385773] {'loss': [0.082403764128684998, 0.077198043465614319]}  
-1.8766050338745117 -3.0363872051239014 2.3417000770568848 [ 0.08102817  0.16971781  0.08877807  0.10842621  0.05671692  1.          1.
  0.02810066] {'loss': [0.10776490718126297, 0.1004665419459343]}  
-2.6251659393310547 -2.5534892082214355 2.7167012691497803 [ 0.10607368  0.11188748  0.10686286  0.11271992  0.02157588  1.          1.
  0.02268268] {'loss': [0.098959922790527344, 0.090685904026031494]}  
-3.459676742553711 -2.224778890609741 2.916701555252075 [ 0.09165882  0.0701888   0.13811231  0.10576111  0.02827117  1.          1.
  0.0266422 ] {'loss': [0.09481184184551239, 0.077928125858306885]}  
-4.352378845214844 -2.2339930534362793 -2.9498159885406494 [ 0.07194607  0.10069372  0.14122295  0.02409435  0.24161032  1.          1.
  1.        ] {'loss': [0.11791820824146271, 0.13510693609714508]}  
-5.2358856201171875 -2.405534267425537 -2.9498140811920166 [ 0.05728297  0.09439349  0.13238648  0.02863617  0.39834707  1.          1.
  1.        ] {'loss': [0.13082742691040039, 0.14950139820575714]}  
-6.128014087677002 -2.5145444869995117 -3.0581459999084473 [ 0.04802268  0.07680874  0.1308187   0.02940935  0.11591679  1.          1.
  1.        ] {'loss': [0.15565685927867889, 0.1173633337020874]}  
-7.026894569396973 -2.5264341831207275 3.1167070865631104 [ 0.04002668  0.06219884  0.13082944  0.02964763  0.06236104  1.          1.
  1.        ] {'loss': [0.1365153044462204, 0.10734617710113525]}  
-7.925975799560547 -2.491434097290039 3.0167076587677 [ 0.21435665  0.05088636  0.1305542   0.03044885  0.07811967  1.          1.
  1.        ] {'loss': [0.11287990212440491, 0.10948123782873154]}  
-8.763050079345703 -2.175063371658325 2.5667080879211426 [ 1.          0.02767742  0.10522344  0.01288016  0.07255251  0.29625281
  1.          1.        ] {'loss': [0.12552696466445923, 0.11392081528902054]}  
-9.44027042388916 -1.5819063186645508 2.3917086124420166 [ 0.97001447  0.02591536  0.10052596  0.01446972  0.0686905   0.12811566
  1.          1.        ] {'loss': [0.10755233466625214, 0.099872373044490814]}  
-9.988859176635742 -0.8731274008750916 2.016707420349121 [ 0.74528677  0.09757136  0.05016251  0.23299986  0.03049143  0.14162965
  0.17770439  0.8254196 ] {'loss': [0.061891749501228333, 0.059017788618803024]}  
-10.180777549743652 -9.63360071182251e-06 1.566706895828247 [ 0.4596327   0.22786983  0.02302344  0.21681942  0.01765951  0.08684524
  0.1722256   0.23177101] {'loss': [0.051110707223415375, 0.050237137824296951]}  
-10.17712116241455 0.8999830484390259 1.566706895828247 [ 0.26985782  0.13603472  0.02303577  0.42912111  0.0199774   0.08528547
  0.17197464  0.13382764] {'loss': [0.045319583266973495, 0.048907555639743805]}  
-10.17346477508545 1.7999757528305054 1.566706895828247 [ 0.17728413  0.08936853  0.02304856  1.          0.02278345  0.08515631
  0.17171417  0.08791857] {'loss': [0.067893706262111664, 0.064295396208763123]}  
-10.169815063476562 2.699977159500122 1.566706895828247 [ 0.12530235  0.06316464  0.02306133  1.          0.02622511  0.08502767
  0.17145477  0.08642994] {'loss': [0.076209187507629395, 0.077568173408508301]}  
-10.166158676147461 3.599963426589966 1.566706895828247 [ 0.09323413  0.04699912  1.          1.          0.03050978  0.08489906
  0.17119548  0.08629927] {'loss': [0.074038602411746979, 0.079740330576896667]}  
-10.16250228881836 4.499949932098389 1.566706895828247 [ 0.07206856  1.          1.          1.          0.03593716  0.0847708
  0.17093677  0.08616883] {'loss': [0.072531543672084808, 0.078922845423221588]}  
-10.046067237854004 5.385753154754639 1.2333720922470093 [ 0.05151903  0.69517592  1.          1.          0.37396473  0.03453233
  0.14661051  0.13192361] {'loss': [0.063413731753826141, 0.068459682166576385]}  
-9.600034713745117 6.162281036376953 0.983372151851654 [ 0.04242459  0.40448372  1.          1.          1.          0.04877138
  0.09569483  0.13277638] {'loss': [0.085851870477199554, 0.084599569439888]}  
-9.101221084594727 6.911402702331543 0.983372151851654 [ 0.03553229  1.          1.          1.          1.          0.05817307
  0.08014829  0.11120553] {'loss': [0.12024367600679398, 0.12256088852882385]}  
-9.065712928771973 7.660521984100342 0.983372151851654 [ 0.0348888   1.          1.          1.          1.          0.07058044
  0.07869669  0.10919151] {'loss': [0.11034879833459854, 0.13099825382232666]}  
-9.065712928771973 8.40965747833252 0.983372151851654 [ 0.0348888   1.          1.          1.          1.          0.08742629
  0.07869669  0.10919153] {'loss': [0.12314742803573608, 0.11286730319261551]}  
-8.980412483215332 9.160245895385742 0.8917048573493958 [ 0.04294683  1.          1.          0.02740864  0.07102572  0.11423076
  0.06821026  0.10970259] {'loss': [0.08098004013299942, 0.066725961863994598]}  
-8.276789665222168 9.703311920166016 0.44170472025871277 [ 0.07239378  1.          1.          0.93164382  0.02676275  0.12611467
  0.11467105  0.07961835] {'loss': [0.066935479640960693, 0.077280029654502869]}  
-7.404791831970215 9.893439292907715 0.07503819465637207 [ 0.06955727  1.          1.          1.          0.03650692  0.08803389
  0.15230636  0.06513324] {'loss': [0.06379970908164978, 0.084983013570308685]}  
-6.507328987121582 9.960902214050293 0.0750398114323616 [ 0.05558144  1.          1.          1.          0.04369822  0.09040533
  0.15640867  0.0668874 ] {'loss': [0.057249326258897781, 0.072723492980003357]}  
-5.609866142272949 10.028365135192871 0.07504066824913025 [ 0.04543063  1.          1.          1.          0.05324423  0.09287379
  0.160679    0.06871343] {'loss': [0.054684620350599289, 0.052125617861747742]}  
-4.710590839385986 10.048393249511719 4.154152702540159e-05 [ 0.03802749  1.          1.          1.          0.06670183  0.08157804
  0.16314253  0.08156442] {'loss': [0.048772715032100677, 0.062603838741779327]}  
-3.810581684112549 10.048444747924805 4.244048614054918e-05 [ 0.0321393   1.          1.          1.          0.08539862  0.08157991
  0.16314592  0.0815661 ] {'loss': [0.064412109553813934, 0.066734097898006439]}  
-2.9105825424194336 10.04849624633789 4.3339445255696774e-05 [ 0.02751993  1.          1.          1.          0.11321779  0.0815817
  0.16314932  0.0815676 ] {'loss': [0.054566636681556702, 0.048018109053373337]}  
-2.0105834007263184 10.048547744750977 4.4238404370844364e-05 [ 0.02382937  1.          1.          1.          0.15722596  0.08158358
  0.16315271  0.0815691 ] {'loss': [0.065234102308750153, 0.049401719123125076]}  
-1.1105835437774658 10.048599243164062 4.5137363485991955e-05 [ 0.0208343   1.          1.          1.          0.2329367   0.11645783
  0.16315611  0.08157073] {'loss': [0.053107097744941711, 0.044619448482990265]}  
-0.2105839103460312 10.048650741577148 4.6036322601139545e-05 [ 0.01837037  1.          1.          1.          0.38011977  0.19004248
  0.16315944  0.08157223] {'loss': [0.041994486004114151, 0.041577305644750595]}  
0.6713714003562927 10.196959495544434 0.3750464618206024 [ 0.37016224  1.          1.          0.59963034  0.62601798  0.14363393
  0.1499548   0.02844257] {'loss': [0.044580329209566116, 0.041902393102645874]}  
1.4060983657836914 10.709493637084961 0.8083783984184265 [ 0.74708845  1.          0.80012801  1.          0.72983444  0.21356215
  0.10192894  0.01489498] {'loss': [0.072165235877037048, 0.078628875315189362]}  
2.0032424926757812 11.382948875427246 0.9833779335021973 [ 0.49993     0.70375295  1.          1.          1.          0.28820355
  0.09408959  0.01337311] {'loss': [0.082330204546451569, 0.049478825181722641]}  
2.297299861907959 12.089653015136719 1.433374047279358 [ 0.41018643  1.          1.          1.          0.46228644  0.30398618
  0.01308712  0.14929878] {'loss': [0.049990367144346237, 0.039577119052410126]}  
2.2255477905273438 12.39647388458252 1.8833742141723633 [ 0.61446589  1.          1.          1.          0.51804895  0.12189826
  0.0320082   0.28026947] {'loss': [0.050949476659297943, 0.050791297107934952]}  
1.765384316444397 13.15725326538086 2.333373785018921 [ 1.          1.          1.          1.          0.60180709  0.01417831
  0.11042879  0.23529452] {'loss': [0.071635983884334564, 0.096410304307937622]}  
1.0184382200241089 13.639373779296875 2.7833750247955322 [ 0.91644904  0.87758247  1.          1.          0.27051611  0.01295996
  0.16320079  0.17393238] {'loss': [0.060052085667848587, 0.052943885326385498]}  
0.1334311068058014 13.746845245361328 -3.049809217453003 [ 0.49479743  1.          1.          1.          0.01726846  0.10330641
  0.17594766  0.29051676] {'loss': [0.043384626507759094, 0.043823331594467163]}  
-0.7578004002571106 13.621023178100586 -2.999807596206665 [ 0.28254891  1.          1.          0.76531713  0.01923692  0.11949872
  0.18301909  0.18448479] {'loss': [0.035027291625738144, 0.037890676409006119]}  
-1.6487680673599243 13.49382209777832 -2.999807596206665 [ 0.18399743  1.          1.          0.64094934  0.02188331  0.12634859
  0.19351007  0.12013762] {'loss': [0.035107169300317764, 0.041752155870199203]}  
-2.528390884399414 13.311697959899902 -2.7748074531555176 [ 0.17644735  1.          1.          0.245827    0.02243923  0.17679322
  0.18711979  0.10966791] {'loss': [0.048654273152351379, 0.035488013178110123]}  
-3.3204424381256104 12.883837699890137 -2.624807596206665 [ 0.22323854  0.8500453   0.69121529  0.06440869  0.02205496  0.24339443
  0.19791637  0.09393707] {'loss': [0.041527099907398224, 0.041307069361209869]}  
-4.140147686004639 12.528356552124023 -2.924807548522949 [ 0.07523384  0.47397142  0.62759277  0.18653369  0.03203444  0.22916484
  0.30344071  0.09018889] {'loss': [0.022125976160168648, 0.030399689450860023]}  
-5.035332679748535 12.444252967834473 -3.0664732456207275 [ 0.06211547  0.35305783  0.61072809  0.26112973  0.03979136  0.19340547
  0.33455771  0.14304716] {'loss': [0.022527808323502541, 0.0247783362865448]}  
-5.932795524597168 12.376687049865723 -3.0664725303649902 [ 0.05021925  0.33508018  0.57962952  0.24783227  0.04802659  0.20121427
  0.34806496  0.14882219] {'loss': [0.029168589040637016, 0.017961230129003525]}  
-6.830258369445801 12.309121131896973 -3.066471576690674 [ 0.04143992  0.318442    0.55084712  0.23552559  0.05911034  0.02527377
  0.36240722  0.15495447] {'loss': [0.030969426035881042, 0.032690897583961487]}  
-7.727721214294434 12.241555213928223 -3.0664708614349365 [ 0.03477662  0.30301261  0.52415654  0.22411302  0.07452548  0.03186478
  0.3776548   0.16147339] {'loss': [0.027844248339533806, 0.024923458695411682]}  
-8.587918281555176 11.99635124206543 -2.6748039722442627 [ 0.09115032  0.40591987  0.35893324  0.08693324  0.07687043  0.01599313
  0.35002291  0.04306744] {'loss': [0.040394201874732971, 0.034587785601615906]}  
-9.385543823242188 11.57857894897461 -2.5664708614349365 [ 0.10009361  0.33086918  0.24710556  0.11972757  0.08941706  0.01786851
  0.41926639  0.02770729] {'loss': [0.039522171020507812, 0.035139631479978561]}  
-10.050488471984863 10.97224235534668 -2.358137607574463 [ 0.12498427  0.25094299  0.1259595   0.16173314  0.08118117  0.02038615
  0.49818441  0.023571  ] {'loss': [0.048180915415287018, 0.049014698714017868]}  
-10.68714714050293 10.335610389709473 -2.3248040676116943 [ 0.09768456  0.18666078  0.11129327  0.21266504  0.10148483  0.02235799
  0.75539928  0.02141209] {'loss': [0.076904840767383575, 0.047752480953931808]}  
-11.169116020202637 9.576861381530762 -2.066471815109253 [ 0.10696682  0.12695671  0.20916649  0.24825534  0.06115138  0.02306254
  0.66754968  0.0183388 ] {'loss': [0.054284311830997467, 0.061624377965927124]}  
-11.59717082977295 8.785176277160645 -2.066471815109253 [ 0.08128095  0.09647065  0.26482541  0.31431583  0.07742359  0.02625284
  0.46450963  0.01727788] {'loss': [0.050585437566041946, 0.047472670674324036]}  
-12.006078720092773 7.983290672302246 -1.9248030185699463 [ 0.07199563  0.07463287  0.38715404  0.36815516  0.05563385  0.02733562
  0.3900591   0.01479235] {'loss': [0.01910608634352684, 0.019955204799771309]}  
-12.242170333862305 7.11458683013916 -1.7414683103561401 [ 0.06307605  0.17010185  0.5071189   0.35362028  0.03749312  0.02614441
  0.36978737  0.02115745] {'loss': [0.019722763448953629, 0.026662638410925865]}  
-12.234619140625 6.217141628265381 -1.4998011589050293 [ 0.05218477  0.29905038  0.52131766  0.22490373  0.04634356  0.21788631
  0.37982888  0.02993544] {'loss': [0.020115235820412636, 0.020152131095528603]}  
-12.170761108398438 5.319421291351318 -1.4998011589050293 [ 0.04290947  0.28569212  0.49803093  0.2148575   0.05681872  0.00991656
  0.39527055  0.02461472] {'loss': [0.016757482662796974, 0.016470031812787056]}  
-12.106488227844238 4.421767234802246 -1.483134388923645 [ 0.03585892  0.27715321  0.47567302  0.2015259   0.07120323  0.03016629
  0.41115705  0.17419272] {'loss': [0.020963650196790695, 0.015594933182001114]}  
-11.828446388244629 3.5761053562164307 -1.0331295728683472 [ 0.10249     0.37616445  0.29945886  0.08544283  0.06801976  0.01698569
  0.36807838  0.0289008 ] {'loss': [0.029291801154613495, 0.033126555383205414]}  
-11.235301971435547 2.772326946258545 -0.9247964024543762 [ 0.1033787   0.27975339  0.18188207  0.11611933  0.07549512  0.01930352
  0.50138641  0.02640866] {'loss': [0.046539328992366791, 0.031848326325416565]}  
-10.55974292755127 2.1947076320648193 -0.4914618134498596 [ 0.15836967  0.18926984  0.11315517  0.13523341  0.01668606  0.51959914
  0.36382568  0.0225406 ] {'loss': [0.034634478390216827, 0.052344299852848053]}  
-9.731600761413574 1.8443487882614136 -0.39146122336387634 [ 0.12458696  0.12433169  0.14449434  0.14419818  0.02098311  0.456179    1.
  0.0214817 ] {'loss': [0.054465390741825104, 0.054377216845750809]}  
-8.89969539642334 1.500963807106018 -0.39146122336387634 [ 0.09277486  0.09258479  0.16728252  0.16693973  0.0240114   0.26904896
  1.          0.01877013] {'loss': [0.04715435579419136, 0.060171511024236679]}  
-8.067790031433105 1.1575788259506226 -0.39146122336387634 [ 0.07175647  0.07160944  0.19591964  0.19551821  0.0277459   0.17725282
  1.          1.        ] {'loss': [0.075008206069469452, 0.084813788533210754]}  
-7.235884666442871 0.814193844795227 -0.39146122336387634 [ 0.05714854  0.05703141  0.23259284  0.23211625  0.03242455  0.12552237
  0.72799103  0.72649942] {'loss': [0.04016369953751564, 0.0448780357837677]}  
-6.311545372009277 0.4326549768447876 -0.39146122336387634 [ 0.04559696  0.04946027  0.28685415  0.2862665   0.03915817  0.09074866
  0.5263141   0.52523573] {'loss': [0.038824215531349182, 0.028138343244791031]}  
-5.479640007019043 0.08926965296268463 -0.39146122336387634 [ 0.03795283  0.06099183  0.35373364  0.35300891  0.04718784  0.07047548
  0.40873596  0.40789859] {'loss': [0.02964777871966362, 0.026693083345890045]}  
-4.647734642028809 -0.2541159391403198 -0.39146122336387634 [ 0.03208141  0.07708191  0.44705119  0.44613532  0.05796653  0.05784776
  0.32657005  0.32590088] {'loss': [0.013532731682062149, 0.019800664857029915]}  
-3.815822124481201 -0.5975009202957153 -0.39146122336387634 [ 0.02747409  0.10049264  0.5828263   0.01639907  0.07290899  0.0727596
  0.26690188  0.26635507] {'loss': [0.030293185263872147, 0.019707649946212769]}  
-3.0582666397094727 -1.0759950876235962 -0.7747935056686401 [ 0.1178375   0.0281521   0.54089203  1.          0.05611162  0.10808997
  0.12711312  0.24486284] {'loss': [0.040703896433115005, 0.030132755637168884]}  
-2.5598418712615967 -1.8227888345718384 -1.0831265449523926 [ 0.13670894  0.02368209  0.5887122   1.          0.02825172  0.11760321
  0.10042453  0.16009441] {'loss': [0.04893767461180687, 0.038458116352558136]}  
-2.138134241104126 -2.617872953414917 -1.0831265449523926 [ 0.10048795  0.02215277  1.          0.48065754  0.03306428  0.13763646
  0.11753147  0.11767744] {'loss': [0.01956276036798954, 0.022724369540810585]}  
-1.716422200202942 -3.412956953048706 -1.0831265449523926 [ 0.07696411  0.02076693  1.          0.21410166  0.03922017  0.16326142
  0.13941336  0.09012958] {'loss': [0.0085125500336289406, 0.011177472770214081]}  
-1.2965633869171143 -4.2093610763549805 -1.1247925758361816 [ 0.06292233  1.          1.          0.03046823  0.04145299  0.1924843
  0.1737709   0.06969842] {'loss': [0.05095243826508522, 0.052096620202064514]}  
-1.1016478538513184 -5.082363605499268 -1.5247900485992432 [ 0.06186543  0.60695166  1.          0.50480092  0.04017545  0.12970741
  0.23708227  0.10787744] {'loss': [0.026411889120936394, 0.019962379708886147]}  
-1.060256004333496 -5.9814229011535645 -1.5247900485992432 [ 0.05003732  0.58130494  1.          0.48347028  0.04853635  0.13236444
  0.24193894  0.11008736] {'loss': [0.020452426746487617, 0.014461470767855644]}  
-1.0188641548156738 -6.880482196807861 -1.5247900485992432 [ 0.04130343  0.55724987  1.          0.46398131  0.05980716  0.13510398
  0.24694631  0.11236577] {'loss': [0.021017728373408318, 0.02866436168551445]}  
-0.9774723052978516 -7.779541492462158 -1.5247900485992432 [ 0.0346716   0.53465763  0.97725997  0.04131321  0.07551324  0.13792934
  0.25211072  0.11471571] {'loss': [0.027593672275543213, 0.020070826634764671]}  
-0.9573183059692383 -8.67846965789795 -1.6664578914642334 [ 0.02935495  0.39485293  0.9485241   0.04070752  0.09778844  0.10568109
  0.25386952  0.15013424] {'loss': [0.015963759273290634, 0.030255747959017754]}  
-1.2421318292617798 -9.521828651428223 -2.1164543628692627 [ 0.05870622  0.0241373   0.93693086  0.01980926  0.09685167  0.12331996
  0.16538064  0.21057707] {'loss': [0.023476814851164818, 0.011770285665988922]}  
-1.8664662837982178 -10.154282569885254 -2.5664548873901367 [ 0.11899696  0.02227888  0.9000331   0.12665576  0.05112886  0.16167862
  0.11732561  0.16398185] {'loss': [0.030812408775091171, 0.031984888017177582]}  
-2.7055599689483643 -10.453749656677246 -2.9664549827575684 [ 0.12052716  0.04082314  1.          0.62912021  0.02552329  0.12947539
  0.18693929  0.08347786] {'loss': [0.033006314188241959, 0.030820360407233238]}  
-3.5917961597442627 -10.610562324523926 -2.96645450592041 [ 0.09015679  0.03053653  1.          0.51197362  0.02963057  0.13887268
  0.20050726  0.06791284] {'loss': [0.020620470866560936, 0.021769734099507332]}  
-4.482708930969238 -10.727839469909668 -3.083120584487915 [ 0.07183365  0.03183484  1.          0.59376186  0.03581151  0.12219938
  0.21811497  0.09666299] {'loss': [0.024806521832942963, 0.032391306012868881]}  
-5.381175994873047 -10.78041934967041 -3.0831193923950195 [ 0.05720313  0.70687169  1.          0.55915136  0.04278884  0.12526193
  0.22358083  0.09908502] {'loss': [0.037171140313148499, 0.03848377987742424]}  
-6.2796430587768555 -10.832999229431152 -3.083118200302124 [ 0.0466264   0.66683829  1.          0.52748139  0.05202325  0.12844096
  0.22925475  0.1015993 ] {'loss': [0.022681752219796181, 0.01390437874943018]}  
-7.172690391540527 -10.757111549377441 2.958401679992676 [ 0.03761272  0.41144579  1.          0.8707959   0.06259631  0.07160546
  0.21574809  0.15154788] {'loss': [0.020656105130910873, 0.020277360454201698]}  
-8.065774917602539 -10.723812103271484 -2.974782705307007 [ 0.03204269  0.8913929   1.          0.46777675  0.08035269  0.14290825
  0.21247538  0.07499404] {'loss': [0.016796356067061424, 0.025462554767727852]}  
-8.588165283203125 -10.887370109558105 -2.524783134460449 [ 0.36690855  1.          0.75600383  0.09428222  0.07727379  0.22916862
  0.15922041  0.02886458] {'loss': [0.039631355553865433, 0.044785700738430023]}  
-8.260651588439941 -10.511292457580566 -2.074782609939575 [ 1.          1.          0.42083317  0.08166337  0.15082096  0.18408589
  0.04770503  0.02925069] {'loss': [0.092698141932487488, 0.089874118566513062]}  
-8.449931144714355 -11.282916069030762 -1.6247777938842773 [ 0.79909569  0.4509639   0.09281623  0.12342065  0.28078827  0.15846073
  0.0304028   0.35124318] {'loss': [0.056806549429893494, 0.071492999792098999]}  
-8.294388771057129 -12.160354614257812 -1.1747760772705078 [ 0.35349309  0.07590115  0.07653409  0.40827218  0.41167703  0.07205274
  0.02681497  0.35056979] {'loss': [0.057864882051944733, 0.074736073613166809]}  
-7.772098541259766 -12.879603385925293 -0.7247745394706726 [ 0.12106755  0.07688479  0.47626128  0.86013038  0.38622606  0.03421913
  0.1492901   0.26961902] {'loss': [0.038643576204776764, 0.043746553361415863]}  
-6.9870476722717285 -13.297457695007324 -0.2747737467288971 [ 0.05789906  0.31480774  1.          1.          0.10598364  0.03061182
  0.20095525  0.16744374] {'loss': [0.016453610733151436, 0.031311154365539551]}  
-6.094357013702393 -13.34327507019043 0.07522760331630707 [ 0.05052628  0.84169786  1.          0.62226697  0.04774051  0.02040768
  0.21048169  0.08997473] {'loss': [0.0062660956755280495, 0.03636578842997551]}  
-5.19689416885376 -13.275657653808594 0.07522906363010406 [ 0.04166991  0.7768442   1.          0.5743176   0.05872001  0.025101
  0.21718567  0.09284022] {'loss': [0.024767065420746803, 0.031149044632911682]}  
-4.304254055023193 -13.170109748840332 0.25856390595436096 [ 0.0742842   0.89635754  1.          0.31507541  0.0697587   0.0193284
  0.21459718  0.05945945] {'loss': [0.032596718519926071, 0.019699299708008766]}  
-3.515883684158325 -12.745448112487793 0.7085629105567932 [ 0.33637754  0.80421317  0.47369703  0.09280685  0.05466506  0.27823353
  0.16388495  0.03024364] {'loss': [0.027554027736186981, 0.032500103116035461]}  
-2.756582498550415 -12.094679832458496 0.7085625529289246 [ 0.20524574  0.4818238   0.27943408  0.11894697  0.06898336  0.01737702
  0.2358133   0.02663702] {'loss': [0.020677302032709122, 0.02286820113658905]}  
-2.073211431503296 -11.508988380432129 0.7085625529289246 [ 0.14161541  0.33244873  0.19280391  0.15296952  0.08871475  0.01880501
  0.35702227  0.02388991] {'loss': [0.033576834946870804, 0.030953772366046906]}  
-1.3361859321594238 -10.833052635192871 0.8835625648498535 [ 0.13832163  0.23281365  0.12415659  0.20897189  0.08651083  0.02062012
  0.46887814  0.02131861] {'loss': [0.031381074339151382, 0.048746194690465927]}  
-0.9188480973243713 -9.931981086730957 1.341892957687378 [ 0.15059561  0.11447197  0.24609973  0.18706731  0.02251688  0.25955747
  0.21414849  0.04429842] {'loss': [0.038656007498502731, 0.02661588042974472]}  
-0.6919367909431458 -8.958088874816895 1.341892957687378 [ 0.10562893  0.08154408  0.27721497  0.21071888  0.0263178   0.21087958
  0.71689998  0.03107126] {'loss': [0.033682554960250854, 0.029981169849634171]}  
-0.46502578258514404 -7.984196186065674 1.341892957687378 [ 0.07816236  0.092549    0.31462694  0.23915697  0.0311691   0.17471358
  0.59395192  0.02299183] {'loss': [0.03663727268576622, 0.027443122118711472]}  
-0.23811626434326172 -7.010275363922119 1.341892957687378 [ 0.06016575  0.10594171  0.36015667  0.27376537  0.03749693  0.02850248
  0.50011974  0.38015516] {'loss': [0.032565820962190628, 0.021707609295845032]}  
-0.21920713782310486 -6.945347309112549 1.341892957687378 [ 0.05848025  0.10769127  0.36610449  0.27828644  0.03835862  0.02915748
  0.49064291  0.37295167] {'loss': [0.030405404046177864, 0.018798071891069412]}  
-0.21920713782310486 -6.945347309112549 1.341892957687378 [ 0.05848025  0.10769127  0.36610449  0.27828644  0.03835862  0.02915748
  0.49064291  0.37295167] {'loss': [0.025670047849416733, 0.021589489653706551]}  
-0.21920713782310486 -6.945347309112549 1.341892957687378 [ 0.05848025  0.10769127  0.36610449  0.27828644  0.03835862  0.02915748
  0.49064291  0.37295167] {'loss': [0.019833633676171303, 0.020666159689426422]}  
-0.21920713782310486 -6.945347309112549 1.341892957687378 [ 0.05848025  0.10769127  0.36610449  0.27828644  0.03835862  0.02915748
  0.49064291  0.37295167] {'loss': [0.020254563540220261, 0.028644639998674393]}  
-0.21920713782310486 -6.945347309112549 1.341892957687378 [ 0.05848025  0.10769127  0.36610449  0.27828644  0.03835862  0.02915748
  0.49064291  0.37295167] {'loss': [0.031697750091552734, 0.026289366185665131]}  
-0.21920713782310486 -6.945347309112549 1.341892957687378 [ 0.05848025  0.10769127  0.36610449  0.27828644  0.03835862  0.02915748
  0.49064291  0.37295167] {'loss': [0.017353607341647148, 0.025300974026322365]}  
-0.21920713782310486 -6.945347309112549 1.341892957687378 [ 0.05848025  0.10769127  0.36610449  0.27828644  0.03835862  0.02915748
  0.49064291  0.37295167] {'loss': [0.013248913921415806, 0.022470330819487572]}  
-0.21920713782310486 -6.945347309112549 1.341892957687378 [ 0.05848025  0.10769127  0.36610449  0.27828644  0.03835862  0.02915748
  0.49064291  0.37295167] {'loss': [0.017555132508277893, 0.011802150867879391]}  
-0.21920713782310486 -6.945347309112549 1.341892957687378 [ 0.05848025  0.10769127  0.36610449  0.27828644  0.03835862  0.02915748
  0.49064291  0.37295167] {'loss': [0.014423348009586334, 0.015134674496948719]}  
-0.21920713782310486 -6.945347309112549 1.341892957687378 [ 0.05848025  0.10769127  0.36610449  0.27828644  0.03835862  0.02915748
  0.49064291  0.37295167] {'loss': [0.014628342352807522, 0.014157069846987724]}  
