1.0 0.0 1.6378631591796875 [ 0.4428246   0.56026222  0.99635518  0.43973775  0.4428246   0.195439
  0.01556805  0.24900545] {'loss': [0.018209660425782204, 0.023118486627936363]}  
1.0 0.0 2.037337303161621 [ 0.3568902   0.89773015  0.80300285  0.39899118  0.3568902   0.04545326
  0.08755429  0.39899117] {'loss': [0.017284248024225235, 0.018738009035587311]}  
1.0 0.0 2.8051977157592773 [ 0.88152657  0.82316785  0.3917896   0.36585244  0.05265485  0.07859207
  0.39178959  0.36585244] {'loss': [0.044599220156669617, 0.044927332550287247]}  
0.5674880743026733 -0.01851617358624935 -3.0201807022094727 [ 0.68567628  0.27052555  0.43499652  0.17024978  0.01621983  0.2750577
  0.44228379  0.42642412] {'loss': [0.036413107067346573, 0.023158309981226921]}  
-0.2864741086959839 -0.29256799817085266 -2.660654306411743 [ 0.29844853  0.3391411   0.29615861  0.01667813  0.11189614  0.48620852
  0.42458668  0.3417633 ] {'loss': [0.037314064800739288, 0.038314409554004669]}  
-1.0563912391662598 -0.9253890514373779 -2.261181354522705 [ 0.15565654  0.26270725  0.10911224  0.02035111  0.52661798  0.88879228
  0.36914906  0.24375931] {'loss': [0.080590337514877319, 0.072732195258140564]}  
-1.5539838075637817 -1.6813093423843384 -2.1533756256103516 [ 0.12755678  0.1749992   0.05496949  0.09485804  1.          1.
  0.69274026  0.18492164] {'loss': [0.098561115562915802, 0.10240866988897324]}  
-1.0618531703948975 -1.009133219718933 -2.2438507080078125 [ 0.1505951   0.2424758   0.09506049  0.02038385  0.63520506  1.
  0.40096209  0.23687866] {'loss': [0.075628675520420074, 0.079373449087142944]}  
-1.640212059020996 -1.666163682937622 -2.344377279281616 [ 0.09579818  0.18652849  0.09076428  0.02232904  1.          1.          1.
  0.18761692] {'loss': [0.12262488156557083, 0.13073472678661346]}  
-1.895288109779358 -1.9076857566833496 -2.4449055194854736 [ 0.09689955  0.16268688  0.09615817  0.0232063   1.          1.          1.
  0.16394124] {'loss': [0.11894622445106506, 0.10959460586309433]}  
-2.2140181064605713 -2.141645908355713 -2.5454328060150146 [ 0.10159305  0.14765302  0.10450947  0.02351539  1.          1.          1.
  0.17699799] {'loss': [0.10618261247873306, 0.1160624697804451]}  
-1.5954550504684448 -1.7705711126327515 -2.645961284637451 [ 0.14445435  0.16050121  0.13485995  0.02055428  0.61814516  1.          1.
  0.21925814] {'loss': [0.093560919165611267, 0.083761058747768402]}  
-2.335754871368408 -2.1212477684020996 -2.746488571166992 [ 0.12090474  0.13160394  0.13071726  0.02125617  0.74079136  1.          1.
  0.7121691 ] {'loss': [0.10873258858919144, 0.093699231743812561]}  
-2.8177201747894287 -2.300851583480835 -2.8369622230529785 [ 0.10743698  0.11210398  0.12941011  0.02122536  0.74405812  1.          1.
  1.        ] {'loss': [0.11471063643693924, 0.10259182006120682]}  
-3.2390992641448975 -2.405299186706543 -2.927436351776123 [ 0.09907677  0.09747494  0.1311414   0.02039578  0.50067474  1.          1.
  1.        ] {'loss': [0.10054086893796921, 0.10701579600572586]}  
-4.126112461090088 -2.55432391166687 -3.0179102420806885 [ 0.07826234  0.08109258  0.1279146   0.02098315  0.3062732   1.          1.
  1.        ] {'loss': [0.09922211617231369, 0.099472567439079285]}  
-5.023098945617676 -2.6225736141204834 -3.108384132385254 [ 0.06258369  0.06771467  0.12644963  0.02135058  0.03986986  1.          1.
  1.        ] {'loss': [0.11354780197143555, 0.10553708672523499]}  
-6.022517204284668 -2.603015422821045 3.074274778366089 [ 0.11108344  0.05530074  0.12671339  0.02140793  0.04905307  1.          1.
  1.        ] {'loss': [0.10445251315832138, 0.11485003679990768]}  
-6.916431427001953 -2.4997177124023438 2.9838011264801025 [ 0.39878949  0.04568012  0.12868004  0.02103349  0.05925094  1.          1.
  1.        ] {'loss': [0.099836118519306183, 0.096566870808601379]}  
-7.797483921051025 -2.3160932064056396 2.893326997756958 [ 0.52837551  0.03709337  0.13249197  0.02012008  0.07186584  1.          1.
  1.        ] {'loss': [0.090379625558853149, 0.090111687779426575]}  
-8.437582969665527 -2.134340286254883 2.8028533458709717 [ 0.58382199  0.02851011  0.13514063  0.01745181  0.08272328  1.          1.
  1.        ] {'loss': [0.094919443130493164, 0.085815846920013428]}  
-8.513123512268066 -2.0920403003692627 2.702326774597168 [ 0.91358132  0.02681157  0.12551557  0.01207149  0.07726767  0.59102361
  1.          1.        ] {'loss': [0.095955058932304382, 0.090032197535037994]}  
-9.39490795135498 -1.6198129653930664 2.6018013954162598 [ 0.57270165  0.02458945  0.13666319  0.0135717   0.09292471  0.13062435
  1.          1.        ] {'loss': [0.085808247327804565, 0.083541013300418854]}  
-10.144560813903809 -1.1210992336273193 2.5113284587860107 [ 0.40433675  0.02267917  0.15191117  0.01496103  0.10978436  0.16370913
  0.7651163   1.        ] {'loss': [0.067688465118408203, 0.067227177321910858]}  
-10.318086624145508 -1.0012085437774658 3.0708553791046143 [ 0.02238622  0.10361018  0.0155081   0.0756724   0.18114132  0.41519273
  0.99386926  0.58601706] {'loss': [0.068056732416152954, 0.073842063546180725]}  
-10.318086624145508 -1.0012085437774658 -2.402803659439087 [ 0.10957261  0.01556343  0.08002723  0.18178759  0.4390858   0.99741518
  0.56212342  0.02246608] {'loss': [0.069235444068908691, 0.071274548768997192]}  
-10.318086624145508 -1.0012085437774658 -1.593276023864746 [ 0.01560071  0.0844083   0.18222306  0.46312369  0.99980451  0.53808594
  0.0225199   0.11557125] {'loss': [0.066631421446800232, 0.066187240183353424]}  
-10.318086624145508 -1.0012085437774658 -0.783751368522644 [ 0.08880473  0.18244665  0.48724612  1.          0.51396383  0.02254753
  0.12159083  0.01561986] {'loss': [0.063521139323711395, 0.068656906485557556]}  
-10.318086624145508 -1.0012085437774658 0.025775549933314323 [ 0.18245793  0.51140146  1.          0.48980823  0.02254893  0.12761877
  0.01562082  0.09320734] {'loss': [0.062744893133640289, 0.063121296465396881]}  
-10.318086624145508 -1.0012085437774658 0.3519686460494995 [ 0.16157163  0.81949816  0.8864957   0.18171129  0.02862641  0.20450347
  0.02090757  0.14936073] {'loss': [0.065456658601760864, 0.059048883616924286]}  
-10.148602485656738 -0.7399238348007202 1.0614930391311646 [ 0.61604508  0.75654997  0.19819944  0.02144392  0.21140364  0.01491873
  0.12945415  0.15897947] {'loss': [0.063516207039356232, 0.06408267468214035]}  
-10.005446434020996 0.12839381396770477 1.7460198402404785 [ 0.41001177  0.14116705  0.02300336  0.31197612  0.01746122  0.10645163
  0.15548058  0.28071936] {'loss': [0.052260980010032654, 0.052804484963417053]}  
-10.150166511535645 1.016561508178711 1.6888779401779175 [ 0.2505601   0.0969435   0.02281472  0.59864263  0.02002212  0.10503137
  0.16736122  0.15724475] {'loss': [0.055370476096868515, 0.057525120675563812]}  
-10.229433059692383 1.9127516746520996 1.7150756120681763 [ 0.16594015  0.06157936  0.05826069  0.97095332  0.02274229  0.11154497
  0.172114    0.10754368] {'loss': [0.069821245968341827, 0.063928142189979553]}  
-10.43465805053711 2.7884676456451416 1.7829313278198242 [ 0.11595561  0.03553379  1.          0.57435773  0.02541224  0.13533511
  0.18271197  0.08588851] {'loss': [0.050413127988576889, 0.055817477405071259]}  
-10.583378791809082 3.676039695739746 1.6924554109573364 [ 0.08971817  0.03442659  1.          0.60606333  0.03045382  0.12733013
  0.20158395  0.07735164] {'loss': [0.058630488812923431, 0.059078492224216461]}  
-10.651321411132812 4.573277473449707 1.6019855737686157 [ 0.07059498  0.03301475  1.          0.6861564   0.0364034   0.11264957
  0.21118501  0.09876369] {'loss': [0.05243823304772377, 0.049643564969301224]}  
-10.637932777404785 5.472846984863281 1.511515736579895 [ 0.05619416  0.65822009  1.          0.82920812  0.04346635  0.09311029
  0.2097109   0.11729791] {'loss': [0.054106827825307846, 0.047439925372600555]}  
-10.543316841125488 6.3673930168151855 1.4210453033447266 [ 0.04506729  0.59083514  1.          1.          0.05191085  0.07146671
  0.19744458  0.13037129] {'loss': [0.055756684392690659, 0.051863532513380051]}  
-10.368255615234375 7.249596118927002 1.3305712938308716 [ 0.03629274  0.57111709  1.          1.          0.06209172  0.05058908
  0.1766454   0.13650247] {'loss': [0.055306442081928253, 0.063987649977207184]}  
-10.114167213439941 8.112239837646484 1.2400968074798584 [ 0.02925985  0.61384695  1.          1.          0.07448546  0.06701639
  0.15073538  0.13562028] {'loss': [0.060076825320720673, 0.059298485517501831]}  
-9.74170970916748 9.039217948913574 1.1395702362060547 [ 0.02522447  0.85030619  1.          0.02160041  0.09165029  0.09742376
  0.1202113   0.12778392] {'loss': [0.056314524263143539, 0.061952143907546997]}  
-9.27806282043457 9.92398452758789 1.0390409231185913 [ 0.03141648  1.          1.          0.02477329  0.11362076  0.14290499
  0.09148005  0.1150578 ] {'loss': [0.049258988350629807, 0.045740414410829544]}  
-9.01346492767334 10.333819389343262 0.9385123252868652 [ 0.03880413  1.          0.7816907   0.02705677  0.1198404   0.17934509
  0.07280737  0.1089586 ] {'loss': [0.044680841267108917, 0.039705038070678711]}  
-9.069417953491211 10.241283416748047 0.8379846811294556 [ 0.05108789  1.          1.          0.0272776   0.09637284  0.17339788
  0.07753657  0.11424967] {'loss': [0.04637986421585083, 0.049300342798233032]}  
-8.36363410949707 10.947961807250977 0.7374565005302429 [ 0.04997859  1.          0.5961739   0.03077606  0.10874276  0.23911455
  0.13088438  0.09130664] {'loss': [0.045707698911428452, 0.044682774692773819]}  
-8.151073455810547 11.124102592468262 0.6369296908378601 [ 0.05497538  0.86759486  0.5715609   0.03147999  0.09460604  0.26056941
  0.17165979  0.08344935] {'loss': [0.024304645135998726, 0.040582604706287384]}  
-8.151073455810547 11.124102592468262 0.5364031195640564 [ 0.06287712  0.83343066  0.65371268  0.05313175  0.06993289  0.25030855
  0.19633291  0.08016321] {'loss': [0.025772031396627426, 0.032611832022666931]}  
-7.762203216552734 11.322239875793457 0.43587544560432434 [ 0.06317376  0.66762696  0.61977639  0.08777427  0.05249093  0.25839126
  0.23987147  0.06805121] {'loss': [0.01760496199131012, 0.019593954086303711]}  
-7.579998016357422 11.397688865661621 0.33534908294677734 [ 0.06470817  0.5650303   0.6197002   0.13075349  0.03370665  0.25031973
  0.27453949  0.05899966] {'loss': [0.023324441164731979, 0.014539982192218304]}  
-7.579998016357422 11.397688865661621 0.23482242226600647 [ 0.06866436  0.01977771  0.65758793  0.18940798  0.03377289  0.22433458
  0.29132456  0.08391151] {'loss': [0.022123318165540695, 0.035096526145935059]}  
-6.971747875213623 11.500834465026855 0.13429580628871918 [ 0.06142494  0.40786296  0.63119603  0.23514799  0.03922753  0.20642704
  0.31946006  0.11901276] {'loss': [0.018900616094470024, 0.020604496821761131]}  
-5.975627899169922 11.582231521606445 0.03376948833465576 [ 0.04941885  0.32160921  0.59991753  0.27906308  0.04922284  0.18316257
  0.34166468  0.15893174] {'loss': [0.0050041805952787399, 0.0083823828026652336]}  
-4.976198196411133 11.56323528289795 -0.0667569488286972 [ 0.03990628  0.26420733  0.60466185  0.34302286  0.06208874  0.14763708
  0.3378805   0.1916786 ] {'loss': [0.011569433845579624, 0.0061479802243411541]}  
-3.9835376739501953 11.444035530090332 -0.167283296585083 [ 0.03225563  0.22440949  0.64703147  0.44069713  0.07904313  0.10723366
  0.30918269  0.21058635] {'loss': [0.012214490212500095, 0.015498721972107887]}  
-3.007699489593506 11.225838661193848 -0.2678101360797882 [ 0.02602895  0.19647599  0.7426683   0.60138025  0.1020651   0.08264794
  0.26323239  0.2131542 ] {'loss': [0.014728561043739319, 0.0133564667776227]}  
-2.058521270751953 10.910846710205078 -0.3683372139930725 [ 0.03101756  0.17775101  0.93695544  0.89738435  0.13817983  0.12888522
  0.21032047  0.20143788] {'loss': [0.032350484281778336, 0.029938429594039917]}  
-1.098246455192566 10.6427583694458 -0.22719720005989075 [ 0.01975489  0.41238242  1.          1.          0.2227042   0.16830703
  0.20119017  0.15204785] {'loss': [0.032176081091165543, 0.034249123185873032]}  
-0.13712681829929352 10.36654281616211 -0.3277236223220825 [ 0.01924825  0.41130777  1.          1.          0.35751012  0.32007053
  0.16836865  0.15073651] {'loss': [0.029530053958296776, 0.038307689130306244]}  
0.7915822267532349 9.995312690734863 -0.42824995517730713 [ 0.02756784  0.47780423  1.          1.          0.66327304  0.69966087
  0.13662625  0.14117482] {'loss': [0.052907060831785202, 0.052996572107076645]}  
1.122488260269165 9.844350814819336 -0.1871098130941391 [ 0.01481791  1.          1.          1.          1.          0.78178025
  0.14490539  0.10367723] {'loss': [0.094089537858963013, 0.081666119396686554]}  
1.122488260269165 9.84797191619873 0.21236376464366913 [ 0.23408415  1.          1.          1.          1.          0.34047566
  0.14420657  0.04515277] {'loss': [0.097298339009284973, 0.07982230931520462]}  
1.8203541040420532 10.111444473266602 0.6118367314338684 [ 1.          1.          1.          1.          1.          0.16200052
  0.11320493  0.01368382] {'loss': [0.11291494965553284, 0.11607790738344193]}  
2.0797557830810547 10.472065925598145 1.0113109350204468 [ 1.          1.          1.          1.          1.          0.18244057
  0.05509538  0.09257755] {'loss': [0.12482722103595734, 0.09142439067363739]}  
2.4101452827453613 11.306288719177246 1.3375041484832764 [ 0.74342969  1.          1.          1.          0.59033007  0.20661462
  0.01504974  0.21705416] {'loss': [0.057261094450950623, 0.059523489326238632]}  
2.5958831310272217 12.287313461303711 1.4453126192092896 [ 0.37575992  1.          1.          1.          0.51623374  0.3263569
  0.01272824  0.14402834] {'loss': [0.044110197573900223, 0.057607647031545639]}  
2.698782444000244 13.280116081237793 1.6114554405212402 [ 0.22327735  1.          1.          1.          1.          0.59511394
  0.01275293  0.11936246] {'loss': [0.047591578215360641, 0.056004889309406281]}  
2.6970951557159424 13.296758651733398 2.010932445526123 [ 1.          1.          1.          1.          1.          0.16382956
  0.03822418  0.19091655] {'loss': [0.095387265086174011, 0.081050887703895569]}  
2.6723568439483643 13.330145835876465 2.4104061126708984 [ 1.          1.          1.          1.          0.62394073  0.01274305
  0.11861719  0.21617009] {'loss': [0.083340376615524292, 0.062016334384679794]}  
1.8711096048355103 13.923826217651367 2.618213415145874 [ 1.          1.          1.          1.          0.84316178  0.01311164
  0.12407453  0.21089383] {'loss': [0.067249767482280731, 0.067964576184749603]}  
0.9361332654953003 14.266267776489258 2.859354019165039 [ 0.89022504  1.          1.          1.          0.58079746  0.03290114
  0.13322672  0.21984624] {'loss': [0.045829545706510544, 0.059843748807907104]}  
-0.053797025233507156 14.386933326721191 3.0504941940307617 [ 0.43490692  1.          1.          1.          0.08363036  0.05675556
  0.13697242  0.18020681] {'loss': [0.045259654521942139, 0.038819048553705215]}  
-1.0516515970230103 14.37122631072998 -3.0665509700775146 [ 0.24655872  1.          1.          1.          0.02036639  0.07866579
  0.13780809  0.14074458] {'loss': [0.042000021785497665, 0.041008751839399338]}  
-2.0504188537597656 14.332320213317871 3.132774591445923 [ 0.15890392  1.          1.          1.          0.02372977  0.06934585
  0.14069441  0.078321  ] {'loss': [0.027516238391399384, 0.029301747679710388]}  
-3.0481913089752197 14.3938570022583 3.032248020172119 [ 0.10927897  1.          1.          1.          0.1234888   0.01689901
  0.1361746   0.08360138] {'loss': [0.020613737404346466, 0.022017521783709526]}  
-3.9372353553771973 14.310139656066895 -2.8580775260925293 [ 0.65420553  1.          1.          1.          0.03006759  0.10765776
  0.13056913  0.06400134] {'loss': [0.0604700967669487, 0.03719932958483696]}  
-4.798774719238281 14.051313400268555 -2.8902182579040527 [ 0.28602133  1.          1.          1.          0.03580137  0.1158096
  0.14621896  0.04923102] {'loss': [0.024169553071260452, 0.034638237208127975]}  
-5.679575443267822 13.869377136230469 -2.98069167137146 [ 0.08315481  1.          1.          1.          0.04452442  0.01555806
  0.16374028  0.05721537] {'loss': [0.0432613305747509, 0.039455603808164597]}  
-6.573345184326172 13.767799377441406 -3.0711655616760254 [ 0.04372146  1.          1.          1.          0.05559931  0.02392889
  0.17479275  0.07522742] {'loss': [0.023052692413330078, 0.027598904445767403]}  
-7.472772121429443 13.747398376464844 3.1215457916259766 [ 0.03669092  1.          1.          1.          0.06995298  0.03627357
  0.17749473  0.0920385 ] {'loss': [0.025664824992418289, 0.019619295373558998]}  
-8.4698486328125 13.820138931274414 3.021019458770752 [ 0.03015091  1.          1.          1.          0.09155214  0.05736626
  0.01394946  0.10662506] {'loss': [0.03946206346154213, 0.032828181982040405]}  
-9.458144187927246 13.972328186035156 2.9871599674224854 [ 0.02530925  1.          1.          1.          0.12572689  0.08371
  0.01357679  0.10555049] {'loss': [0.024207370355725288, 0.0087624788284301758]}  
-10.436678886413574 14.177971839904785 2.8866333961486816 [ 0.02086411  1.          1.          1.          0.36055501  0.14064597
  0.01272301  0.11132872] {'loss': [0.011147487908601761, 0.0063904221169650555]}  
-11.405868530273438 14.41622543334961 3.0027735233306885 [ 0.01900115  1.          1.          1.          0.29835645  0.19319576
  0.01295099  0.08686503] {'loss': [0.014437295496463776, 0.012394421733915806]}  
-12.387472152709961 14.60657024383545 2.902247190475464 [ 0.01602467  1.          1.          1.          1.          0.41673143
  0.03169494  0.09313746] {'loss': [0.035849522799253464, 0.024263110011816025]}  
-13.371379852294922 14.753764152526855 -3.114797830581665 [ 0.0270418   1.          1.          1.          1.          0.69494253
  0.01268345  0.05795296] {'loss': [0.026878895238041878, 0.03179468959569931]}  
-13.487868309020996 14.748091697692871 -2.7153241634368896 [ 1.          1.          1.          1.          1.          0.22381135
  0.03296339  0.01548867] {'loss': [0.071311891078948975, 0.054640408605337143]}  
-13.767420768737793 14.474026679992676 -2.3158516883850098 [ 1.          1.          1.          1.          1.          0.01303035
  0.06142378  0.01895701] {'loss': [0.06873553991317749, 0.078723855316638947]}  
-14.279836654663086 13.61962604522705 -1.9163780212402344 [ 1.          1.          1.          1.          0.88961165  0.01186298
  0.02186175  0.39640988] {'loss': [0.072743915021419525, 0.082728862762451172]}  
-14.491643905639648 12.643009185791016 -1.6752358675003052 [ 0.74215429  1.          1.          1.          0.18760334  0.05177028
  0.0129183   0.29290272] {'loss': [0.034619584679603577, 0.041073121130466461]}  
-14.431506156921387 11.647581100463867 -1.467435359954834 [ 0.36268115  1.          1.          1.          0.01831403  0.08182641
  0.01301419  0.22159172] {'loss': [0.021498339250683784, 0.018808731809258461]}  
-14.379294395446777 10.649279594421387 -1.5679641962051392 [ 0.21625621  1.          1.          1.          0.02131355  0.06973602
  0.01324283  0.10910503] {'loss': [0.030627936124801636, 0.0098751988261938095]}  
-14.406587600708008 9.649744987487793 -1.6018284559249878 [ 0.14218224  1.          1.          1.          0.02476593  0.06329431
  0.01318478  0.06583088] {'loss': [0.010597376152873039, 0.021406577900052071]}  
-14.34850788116455 8.651921272277832 -1.5356911420822144 [ 0.10070519  1.          1.          1.          0.0291716   0.0750188
  0.13957659  0.05412643] {'loss': [0.025301510468125343, 0.0094407452270388603]}  
-14.364496231079102 7.652501106262207 -1.636220097541809 [ 0.07480543  1.          1.          1.          0.03992474  0.01968114
  0.13854295  0.03277994] {'loss': [0.010549490340054035, 0.025478541851043701]}  
-14.480712890625 6.659895420074463 -1.736750602722168 [ 0.05663624  1.          1.          1.          0.38849019  0.02806184
  0.12986172  0.01970757] {'loss': [0.022529898211359978, 0.009361807256937027]}  
-14.567087173461914 5.66975736618042 -1.4539462327957153 [ 0.26266995  1.          1.          1.          0.0519758   0.0205554
  0.12733009  0.02829711] {'loss': [0.013353903777897358, 0.012185477651655674]}  
-14.446257591247559 4.6773362159729 -1.4961427450180054 [ 0.07654749  1.          1.          1.          0.06660141  0.02840197
  0.13394615  0.0218338 ] {'loss': [0.023096978664398193, 0.016382841393351555]}  
-14.422718048095703 3.6779944896698 -1.596672773361206 [ 0.03146312  1.          1.          1.          0.08831542  0.0463213
  0.13598945  0.07132628] {'loss': [0.044321376830339432, 0.0068707866594195366]}  
-14.434677124023438 2.678766965866089 -1.4972035884857178 [ 0.07139822  1.          1.          1.          0.12119799  0.05180403
  0.13454067  0.01527319] {'loss': [0.027724487707018852, 0.016886765137314796]}  
-14.40992259979248 1.779374599456787 -1.587679386138916 [ 0.023054    1.          1.          1.          0.17146644  0.08836086
  0.01319449  0.07042779] {'loss': [0.010935231111943722, 0.0080208294093608856]}  
-14.477690696716309 0.7821735143661499 -1.6798781156539917 [ 0.01966095  1.          1.          1.          0.26878592  0.16745812
  0.01292549  0.08205921] {'loss': [0.0015795644139871001, 0.0066774170845746994]}  
-14.384471893310547 -0.2061663269996643 -1.280409812927246 [ 0.85330492  1.          1.          1.          0.45651026  0.11454688
  0.03142572  0.01338269] {'loss': [0.026147939264774323, 0.028803259134292603]}  
-13.913948059082031 -1.0778751373291016 -0.8809377551078796 [ 1.          1.          1.          1.          0.62584661  0.01380199
  0.09769846  0.01538668] {'loss': [0.044662985950708389, 0.046340670436620712]}  
-13.140203475952148 -1.695686936378479 -0.4814649820327759 [ 0.93142111  1.          1.          1.          0.49922996  0.0157196
  0.05059877  0.10244723] {'loss': [0.031364664435386658, 0.033258624374866486]}  
-12.189682006835938 -1.9908853769302368 -0.2403247058391571 [ 0.48937579  1.          1.          1.          0.21447198  0.043613
  0.01309956  0.1401123 ] {'loss': [0.011041978374123573, 0.013752574101090431]}  
-11.2952880859375 -2.0506932735443115 0.010868256911635399 [ 0.29671038  1.          1.          1.          0.01947973  0.08035153
  0.01375561  0.15210055] {'loss': [0.011482465080916882, 0.009743022732436657]}  
-10.396151542663574 -2.0838677883148193 -0.07960554212331772 [ 0.1903136   1.          1.          1.          0.02863606  0.06547259
  0.01362855  0.08087582] {'loss': [0.0093123186379671097, 0.021964432671666145]}  
-9.39979362487793 -2.138227701187134 0.08653479814529419 [ 0.1282465   1.          1.          1.          0.02571185  0.08765661
  0.01352494  0.07479988] {'loss': [0.010221999138593674, 0.010496748611330986]}  
-8.401996612548828 -2.079665422439575 0.011008314788341522 [ 0.09280345  1.          1.          1.          0.0305839   0.07945914
  0.15496223  0.04758636] {'loss': [0.013212379068136215, 0.0085321413353085518]}  
-7.502856731414795 -2.112712860107422 -0.07946551591157913 [ 0.07136679  1.          1.          1.          0.03581546  0.06475638
  0.15233545  0.03033734] {'loss': [0.014934840612113476, 0.026030201464891434]}  
-6.5117950439453125 -2.2445056438446045 -0.1799919158220291 [ 0.05418863  1.          1.          1.          0.21534836  0.04749029
  0.14133565  0.01820797] {'loss': [0.012894720770418644, 0.015921173617243767]}  
-6.015255928039551 -2.2474241256713867 0.08786749839782715 [ 0.05714008  1.          1.          1.          0.04846453  0.08542891
  0.14386493  0.02940543] {'loss': [0.010181454941630363, 0.011492541991174221]}  
-5.1346845626831055 -2.0708377361297607 0.2557273209095001 [ 0.30859898  1.          1.          1.          0.05608472  0.11550003
  0.14475674  0.03086929] {'loss': [0.008382144384086132, 0.0092392768710851669]}  
-4.2703680992126465 -1.822824478149414 0.4069208800792694 [ 0.4533941   1.          1.          0.42145387  0.06364624  0.14649522
  0.14467075  0.03001225] {'loss': [0.023082869127392769, 0.022342005744576454]}  
-3.456151247024536 -1.2483601570129395 0.8063938021659851 [ 0.69903646  1.          0.66006837  0.09526081  0.11207707  0.21786155
  0.10582932  0.03013097] {'loss': [0.047379836440086365, 0.040372397750616074]}  
-2.9273509979248047 -0.40391960740089417 1.205866813659668 [ 0.53431069  0.51594103  0.09844253  0.0950581   0.29165196  0.28162495
  0.02387367  0.09950932] {'loss': [0.078450620174407959, 0.074231326580047607]}  
-2.7672626972198486 0.5774993300437927 1.6053448915481567 [ 0.32120382  0.15176594  0.12020966  0.34540617  0.65382273  0.30892527
  0.02670551  0.16968787] {'loss': [0.079258844256401062, 0.08481191098690033]}  
