-3.8487796783447266 8.261759757995605 -1.9239141941070557 [ 0.41375162  0.39286754  0.10872044  0.10323283  0.36615672  0.01459066
  0.05233468  0.08002149] {'loss': [0.038614656776189804, 0.033672697842121124]}  
-3.948524236679077 7.4020867347717285 -1.4739145040512085 [ 0.27990638  0.11620612  0.12839797  0.47111512  0.79483436  0.05671261
  0.02564389  0.16590655] {'loss': [0.041664153337478638, 0.031751722097396851]}  
-3.9269089698791504 7.282371997833252 -1.0239115953445435 [ 0.19038212  0.12058873  0.24673453  0.88194184  0.0149007   0.05600051
  0.06795906  0.24291669] {'loss': [0.039193354547023773, 0.046103261411190033]}  
-2.8201708793640137 6.209925651550293 -0.5739108324050903 [ 0.06336402  0.14845071  1.          0.02254083  0.09698775  0.02971386
  0.11375999  0.15643283] {'loss': [0.05797697976231575, 0.035620208829641342]}  
-1.437496542930603 5.113514423370361 -0.8739106059074402 [ 0.06386158  0.06160842  0.56183205  0.02772173  0.1067309   0.25239243
  0.04627574  0.1094308 ] {'loss': [0.018796797841787338, 0.024379974231123924]}  
-0.6517606973648071 3.5354385375976562 -1.3239078521728516 [ 0.06509947  0.0380661   0.46314616  0.02744461  0.03452372  0.29882469
  0.37590414  0.05175077] {'loss': [0.053889743983745575, 0.036902427673339844]}  
-0.6278131008148193 1.7785093784332275 -1.7739070653915405 [ 0.04412681  0.03162736  0.4588079   0.32884499  0.0513489   0.03680371
  0.39982378  0.28656897] {'loss': [0.033284503966569901, 0.016581470146775246]}  
-1.008867621421814 0.05374930799007416 -1.6739084720611572 [ 0.03238325  0.2577832   0.62957669  0.03374067  0.08240387  0.04940788
  0.32533235  0.19506344] {'loss': [0.02039041742682457, 0.030464243143796921]}  
-1.5888203382492065 -1.5999464988708496 -2.1239049434661865 [ 0.06572111  0.02327375  0.76388619  0.05958848  0.10543111  0.13595559
  0.03871035  0.23082078] {'loss': [0.017040781676769257, 0.026109218597412109]}  
-2.8324618339538574 -2.830751895904541 -2.5739047527313232 [ 0.1014595   0.01954354  0.7076281   0.08439126  0.07394615  0.23847047
  0.17529194  0.03015524] {'loss': [0.031730584800243378, 0.01458385307341814]}  
-4.492079257965088 -3.393615961074829 -3.023904323577881 [ 0.02360057  0.0117254   0.58318217  0.22238633  0.15228121  0.21592573
  0.34019122  0.129726  ] {'loss': [0.01154015026986599, 0.014849759638309479]}  
-5.843660831451416 -3.3573436737060547 -3.107236623764038 [ 0.01954768  0.00991005  0.60472899  0.28682923  0.29198245  0.17894547
  0.33996304  0.16124796] {'loss': [0.022015659138560295, 0.011553500778973103]}  
-6.676552772521973 -3.596450090408325 -2.657236099243164 [ 0.03785478  0.46647959  0.40617447  0.44264345  0.38541991  0.35204876
  0.30653681  0.03596842] {'loss': [0.0323939248919487, 0.034874331206083298]}  
-7.210534572601318 -4.016751289367676 -2.2072365283966064 [ 0.24438046  0.3750592   0.48299011  0.7412606   0.33384578  0.51236473
  0.18878622  0.01590912] {'loss': [0.036148767918348312, 0.024107366800308228]}  
-7.192903995513916 -3.9939239025115967 -1.757232666015625 [ 0.37339641  0.26762383  0.71652993  0.51355743  0.49501233  0.35478934
  0.01926377  0.02943802] {'loss': [0.041554126888513565, 0.020005056634545326]}  
-7.118917942047119 -4.625397205352783 -1.3072296380996704 [ 0.26010906  0.52385144  0.65896162  0.61203178  0.76988613  0.21026884
  0.01770855  0.20677737] {'loss': [0.046803358942270279, 0.055958099663257599]}  
-6.703630447387695 -5.379886627197266 -0.8572274446487427 [ 0.21644462  0.51181976  0.81011815  1.          1.          0.01717171
  0.02732203  0.19116428] {'loss': [0.06446104496717453, 0.091476134955883026]}  
-5.9846367835998535 -5.889298439025879 -0.4072265028953552 [ 0.27618408  0.6083589   1.          1.          0.75884134  0.02030665
  0.13009033  0.13511336] {'loss': [0.034409765154123306, 0.042635589838027954]}  
-4.254096984863281 -6.178982257843018 0.0427742637693882 [ 0.14822359  1.          1.          1.          0.0243537   0.04017807
  0.13704597  0.07930678] {'loss': [0.068902812898159027, 0.075071163475513458]}  
-2.486471176147461 -6.059140682220459 0.06777537614107132 [ 0.08220755  1.          1.          1.          0.03266505  0.06808076
  0.01333211  0.06200942] {'loss': [0.065473057329654694, 0.063839271664619446]}  
-0.7186195254325867 -5.9390764236450195 0.06777537614107132 [ 0.05227595  1.          1.          1.          0.04630765  0.08521799
  0.01351931  0.06492787] {'loss': [0.073224887251853943, 0.06281551718711853]}  
1.0492935180664062 -5.819085121154785 0.06777537614107132 [ 0.03614761  1.          1.          1.          0.07069501  0.08932277
  0.01371036  0.06805532] {'loss': [0.064073123037815094, 0.066741310060024261]}  
3.0133824348449707 -5.685754299163818 0.06777537614107132 [ 0.02564927  1.          1.          1.          0.12969917  0.09424164
  0.16528308  0.05441323] {'loss': [0.049231722950935364, 0.045966379344463348]}  
4.9775471687316895 -5.552367210388184 0.06777537614107132 [ 0.01913917  1.          1.          1.          0.31127431  0.13522514
  0.17464672  0.0319959 ] {'loss': [0.044232256710529327, 0.046667017042636871]}  
6.4291510581970215 -5.456005096435547 0.05110875517129898 [ 0.01581597  1.          1.          1.          0.88270554  0.3903844
  0.18226745  0.02294195] {'loss': [0.055057685822248459, 0.058773130178451538]}  
8.335693359375 -5.872542381286621 -0.4488903880119324 [ 0.02355114  0.50139143  1.          1.          1.          1.          1.
  0.13918878] {'loss': [0.066076219081878662, 0.075329646468162537]}  
8.423717498779297 -6.723193168640137 -0.948889434337616 [ 0.07417983  0.01213766  1.          1.          1.          1.          1.
  1.        ] {'loss': [0.18122182786464691, 0.18554006516933441]}  
8.420711517333984 -6.726630687713623 -1.0738887786865234 [ 0.08753474  0.01143244  1.          1.          1.          1.          1.
  1.        ] {'loss': [0.18739528954029083, 0.18317803740501404]}  
8.420711517333984 -6.726630687713623 -1.0738887786865234 [ 0.08753474  0.01143244  1.          1.          1.          1.          1.
  1.        ] {'loss': [0.15609876811504364, 0.13639175891876221]}  
8.420711517333984 -6.726630687713623 -1.0738887786865234 [ 0.08753474  0.01143244  1.          1.          1.          1.          1.
  1.        ] {'loss': [0.13063675165176392, 0.10111851990222931]}  
8.420711517333984 -6.726630687713623 -1.0738887786865234 [ 0.08753474  0.01143244  1.          1.          1.          1.          1.
  1.        ] {'loss': [0.10237884521484375, 0.14084124565124512]}  
8.420711517333984 -6.726630687713623 -1.0738887786865234 [ 0.08753474  0.01143244  1.          1.          1.          1.          1.
  1.        ] {'loss': [0.11146669089794159, 0.074205473065376282]}  
8.420711517333984 -6.726630687713623 -1.0738887786865234 [ 0.08753474  0.01143244  1.          1.          1.          1.          1.
  1.        ] {'loss': [0.083892442286014557, 0.092967361211776733]}  
8.420711517333984 -6.726630687713623 -1.0738887786865234 [ 0.08753474  0.01143244  1.          1.          1.          1.          1.
  1.        ] {'loss': [0.083587288856506348, 0.07155194878578186]}  
8.418712615966797 -6.727682590484619 -1.1738885641098022 [ 0.09564537  0.015593    1.          1.          1.          1.          1.
  1.        ] {'loss': [0.081664644181728363, 0.07459133118391037]}  
8.397796630859375 -6.727130889892578 -1.6738876104354858 [ 1.          0.06749748  0.01235498  1.          1.          1.          1.
  1.        ] {'loss': [0.1253424733877182, 0.12167812138795853]}  
8.026020050048828 -6.725342750549316 -2.17388916015625 [ 1.          0.10924451  0.02052983  1.          1.          1.          1.
  1.        ] {'loss': [0.12173410505056381, 0.1267278641462326]}  
6.85617208480835 -6.715888977050781 -2.673889636993408 [ 1.          0.14825825  0.08979603  0.01346302  1.          1.          1.
  1.        ] {'loss': [0.13130941987037659, 0.12372015416622162]}  
5.059296131134033 -6.700004577636719 3.1092963218688965 [ 0.35332731  0.18523344  0.11409534  0.02553014  0.01866155  1.          1.
  1.        ] {'loss': [0.1287984699010849, 0.12447427213191986]}  
3.541300058364868 -6.326632022857666 2.7426302433013916 [ 1.          0.14191586  0.10982062  0.011128    0.01984438  1.          1.
  1.        ] {'loss': [0.13702045381069183, 0.13786798715591431]}  
2.752511739730835 -5.878167152404785 2.4592978954315186 [ 1.          0.1222289   0.09185104  0.01342176  0.05859704  0.06949046
  1.          1.        ] {'loss': [0.12498758733272552, 0.12590941786766052]}  
1.682060956954956 -4.476137161254883 2.0092990398406982 [ 0.66076497  0.08962458  0.07079639  0.2489132   0.01306232  0.03086231
  0.15170726  0.72284737] {'loss': [0.094999656081199646, 0.099605746567249298]}  
0.9979899525642395 -2.8413774967193604 1.8926318883895874 [ 0.24157326  0.05782903  0.09090079  0.35791035  0.0178764   0.15723137
  0.03228199  0.21776375] {'loss': [0.085848025977611542, 0.092270597815513611]}  
0.8420687913894653 -1.0899975299835205 1.4509642124176025 [ 0.12588378  0.07901201  0.06729619  0.90421318  0.02562848  0.08076682
  0.20878616  0.04869685] {'loss': [0.094584882259368896, 0.093211449682712555]}  
1.0538979768753052 0.6692522764205933 1.4509642124176025 [ 0.07287024  0.04573762  1.          1.          0.0348002   0.02184262
  0.18982862  0.02818913] {'loss': [0.090711712837219238, 0.10468364506959915]}  
1.2657302618026733 2.428530693054199 1.4509642124176025 [ 0.04745578  1.          1.          1.          0.04994594  0.03134897
  0.17334037  0.02133816] {'loss': [0.10404855012893677, 0.10228737443685532]}  
1.1895805597305298 4.184621810913086 1.8259633779525757 [ 0.03181034  1.          1.          0.05804475  0.07406341  0.02566224
  0.16900226  0.02493031] {'loss': [0.11013905704021454, 0.11728923767805099]}  
0.4680253267288208 5.796097278594971 2.059295654296875 [ 0.21557717  0.91907414  0.04929001  0.12001175  0.10377597  0.03631328
  0.19565334  0.02331184] {'loss': [0.098848409950733185, 0.10122153162956238]}  
-0.6928840279579163 7.105293273925781 2.509295701980591 [ 0.26267791  0.04700285  0.14797543  0.22542964  0.08224559  0.04976628
  0.17330844  0.02047266] {'loss': [0.086116887629032135, 0.08504854142665863]}  
-2.0216002464294434 7.69638204574585 2.959296226501465 [ 0.03512296  0.10091054  0.30987804  0.22050674  0.06816495  0.20546392
  0.06202599  0.06261542] {'loss': [0.082571186125278473, 0.078569762408733368]}  
-3.7185394763946533 7.854883193969727 2.9676308631896973 [ 0.02639222  0.11824788  0.34095729  0.23223662  0.11341349  0.19634127
  0.5661332   0.03576808] {'loss': [0.061771560460329056, 0.062994107604026794]}  
-4.9618048667907715 8.329221725463867 2.634298086166382 [ 0.05495771  0.0335579   0.35759331  0.43890497  0.14446034  0.17730848
  0.31701281  0.38909696] {'loss': [0.047699116170406342, 0.046358324587345123]}  
-5.272632598876953 8.453330993652344 3.084299325942993 [ 0.02102859  0.22787356  0.5221206   0.29650227  0.22177633  0.16578
  0.37984724  0.02884945] {'loss': [0.049857750535011292, 0.049357742071151733]}  
-5.2439985275268555 8.451226234436035 -2.7488858699798584 [ 0.07358149  0.44356456  0.44972564  0.18627149  0.18885895  0.32391942
  0.32841885  0.05668803] {'loss': [0.041182570159435272, 0.038082577288150787]}  
-5.217195510864258 8.449260711669922 -2.2988860607147217 [ 0.2893087   0.52580993  0.23776438  0.21648646  0.20848542  0.37891568
  0.03696719  0.02123995] {'loss': [0.054857738316059113, 0.053617715835571289]}  
-5.759432792663574 7.766453266143799 -2.1072194576263428 [ 0.25199725  0.32494524  0.20603567  0.26567872  0.43530011  0.56131029
  0.04317956  0.01956805] {'loss': [0.047633357346057892, 0.046366944909095764]}  
-5.900310039520264 7.474120140075684 -1.6572177410125732 [ 0.28293478  0.16963508  0.30406194  0.31869093  0.77828747  0.46662591
  0.019146    0.11585544] {'loss': [0.045831955969333649, 0.046416647732257843]}  
-5.89713191986084 7.502702236175537 -1.2072166204452515 [ 0.25481731  0.25294322  0.26914585  0.63267358  0.67320002  0.04699221
  0.03507051  0.23947745] {'loss': [0.048432368785142899, 0.048390116542577744]}  
-5.9066948890686035 7.529715538024902 -0.7572153806686401 [ 0.15997559  0.30761617  0.38879711  0.74761609  0.02950675  0.01929669
  0.15293205  0.2940723 ] {'loss': [0.056595221161842346, 0.0566277876496315]}  
-5.927088260650635 7.54978084564209 -0.3072144389152527 [ 0.28121934  0.24740054  0.66401372  0.58416066  0.05104999  0.06098276
  0.2688469   0.23651585] {'loss': [0.039935387670993805, 0.037122935056686401]}  
-4.476988792419434 7.314595699310303 -0.02388012781739235 [ 0.16184649  0.42398726  0.905385    0.0378505   0.02353106  0.12307816
  0.26282201  0.14001676] {'loss': [0.071815051138401031, 0.071783393621444702]}  
-2.7122304439544678 7.461802959442139 0.02612076699733734 [ 0.08811553  0.4245589   0.01969183  0.07707565  0.03147548  0.15152207
  0.28318607  0.13200046] {'loss': [0.0789528489112854, 0.078806489706039429]}  
-0.9461852312088013 7.340552806854248 -0.19054482877254486 [ 0.05353552  0.28005526  0.01933856  0.10512323  0.04287314  0.08656358
  0.26016947  0.18243867] {'loss': [0.081859774887561798, 0.079392388463020325]}  
0.7723350524902344 6.907436370849609 -0.24887795746326447 [ 0.03597191  0.16591659  0.01997217  0.32990093  0.08242032  0.05694379
  0.2047244   0.16100392] {'loss': [0.07251141220331192, 0.076810605823993683]}  
2.4970667362213135 6.507293701171875 -0.18221063911914825 [ 0.02711746  0.07677839  0.02183963  1.          0.10549027  0.07397286
  0.17583256  0.12329892] {'loss': [0.070077195763587952, 0.073090106248855591]}  
4.254752159118652 6.5125908851623535 0.2094574272632599 [ 0.06473941  1.          1.          0.74747626  0.20789032  0.12470669
  0.17208898  0.05453556] {'loss': [0.060486674308776855, 0.057438313961029053]}  
5.950295925140381 7.028332233428955 0.40112385153770447 [ 0.03862628  1.          1.          0.50560119  0.50552477  0.19117142
  0.19114252  0.03278286] {'loss': [0.044318944215774536, 0.046016022562980652]}  
7.1651201248168945 7.868858337402344 0.8511231541633606 [ 0.3256132   0.58238252  1.          1.          0.97945426  0.34824122
  0.15468737  0.01437213] {'loss': [0.040475253015756607, 0.042474936693906784]}  
7.566060543060303 8.638238906860352 1.301120638847351 [ 0.32457924  1.          1.          1.          0.53706959  0.44368709
  0.043746    0.02493917] {'loss': [0.049730654805898666, 0.057772461324930191]}  
7.619208812713623 9.304758071899414 1.7511218786239624 [ 0.23204241  1.          1.          1.          1.          0.36358702
  0.01323118  0.15982988] {'loss': [0.05669165775179863, 0.067256197333335876]}  
7.623672008514404 9.276416778564453 2.201120376586914 [ 1.          1.          1.          1.          0.70358782  0.02819085
  0.02131009  0.23598892] {'loss': [0.081405371427536011, 0.089297473430633545]}  
7.640039920806885 9.25294303894043 2.6511218547821045 [ 1.          1.          1.          0.95637147  0.2378673   0.01960081
  0.18914919  0.44311412] {'loss': [0.081014558672904968, 0.068062543869018555]}  
7.449367523193359 9.259108543395996 3.1011228561401367 [ 1.          1.          1.          0.57241656  0.01381918  0.11049566
  0.24427     1.        ] {'loss': [0.084469005465507507, 0.095727600157260895]}  
5.765018463134766 9.14317512512207 -3.065394878387451 [ 0.5628387   0.54018738  0.93254795  0.39779542  0.01689582  0.00907211
  0.25683823  0.32602985] {'loss': [0.044515654444694519, 0.047762498259544373]}  
3.9981849193573 9.00830078125 -3.065394163131714 [ 0.20310314  0.47598263  0.82170635  0.35051424  0.02158012  0.02956342
  0.27539335  0.11764969] {'loss': [0.048142146319150925, 0.04364442452788353]}  
2.2314279079437256 8.87342357635498 -3.0653934478759766 [ 0.10373217  0.42257837  0.72951244  0.31118617  0.02852086  0.05028385
  0.29603493  0.12627879] {'loss': [0.05212952196598053, 0.044286638498306274]}  
0.4703596234321594 8.945700645446777 2.9094598293304443 [ 0.06010542  0.21574047  0.72325307  0.54498334  0.03768499  0.08255344
  0.01541491  0.20853872] {'loss': [0.058332055807113647, 0.057766109704971313]}  
-1.2450919151306152 9.387694358825684 2.934459924697876 [ 0.04082591  0.34104738  1.          0.83037008  0.0550038   0.06754973
  0.01463123  0.0864889 ] {'loss': [0.069990836083889008, 0.071804456412792206]}  
-2.9948391914367676 9.665019989013672 3.0011284351348877 [ 0.03000509  0.57781685  1.          1.          0.09031324  0.07183685
  0.19881215  0.04814642] {'loss': [0.050761915743350983, 0.061149831861257553]}  
-4.759932518005371 9.811619758605957 3.076129198074341 [ 0.02289086  0.85787023  1.          1.          0.17145301  0.09887073
  0.18884031  0.0330624 ] {'loss': [0.050835035741329193, 0.059399921447038651]}  
-6.31177282333374 9.558178901672363 -2.7070555686950684 [ 0.25518241  1.          1.          0.33626012  0.3180946   0.18414789
  0.17419965  0.02596266] {'loss': [0.036265652626752853, 0.029263576492667198]}  
-6.665431022644043 9.343818664550781 -2.2070560455322266 [ 0.72859837  1.          0.41170514  0.48440853  0.17840887  0.23021609
  0.03049475  0.0224586 ] {'loss': [0.049903444945812225, 0.058723423629999161]}  
-6.760202407836914 8.799149513244629 -1.707057237625122 [ 0.72836319  0.47796052  0.51414882  0.33739026  0.28907827  0.18969671
  0.01686498  0.26584612] {'loss': [0.028323085978627205, 0.027276923879981041]}  
-6.725222110748291 7.633270740509033 -1.257056713104248 [ 0.28324039  0.40538223  0.46866801  0.53918085  0.62335387  0.03707092
  0.02815269  0.24499367] {'loss': [0.032859701663255692, 0.030112665146589279]}  
-6.735077381134033 7.6634840965271 -0.7570540904998779 [ 0.2697403   0.51851909  0.34754877  0.66808818  0.32080721  0.01725362
  0.16471351  0.31662651] {'loss': [0.02353370189666748, 0.020352546125650406]}  
-5.714351654052734 7.113245487213135 -0.47371962666511536 [ 0.22661468  0.25926102  0.83951946  0.96046176  0.04641086  0.02284718
  0.19239243  0.22010874] {'loss': [0.028494516387581825, 0.02674325555562973]}  
-3.963913679122925 6.210725784301758 -0.5070529580116272 [ 0.10234759  0.29391573  1.          1.          0.07279436  0.02351593
  0.12555435  0.14978111] {'loss': [0.045334849506616592, 0.044092327356338501]}  
-2.559053421020508 4.849523067474365 -1.0070518255233765 [ 0.07163392  1.          1.          0.21306628  0.02059555  0.14789537
  0.02970032  0.09679244] {'loss': [0.056998692452907562, 0.06568407267332077]}  
-1.9384825229644775 2.992058515548706 -1.3820483684539795 [ 0.05843021  1.          1.          0.51849621  0.03959082  0.13888638
  0.19581685  0.04144259] {'loss': [0.057042647153139114, 0.046358287334442139]}  
-1.6939777135849 1.040473222732544 -1.490380883216858 [ 0.03913488  0.70655262  1.          0.0369648   0.06331362  0.02676001
  0.22660495  0.02284838] {'loss': [0.047555383294820786, 0.067943468689918518]}  
-1.8236314058303833 -0.9070792198181152 -1.8653806447982788 [ 0.02544123  0.31460297  1.          0.05191445  0.10323879  0.08647806
  0.03474395  0.16729571] {'loss': [0.046241492033004761, 0.039061989635229111]}  
-2.846773147583008 -2.5566539764404297 -2.3653805255889893 [ 0.07163079  0.0213002   0.69021074  0.08880238  0.10816839  0.21670623
  0.10853797  0.03138952] {'loss': [0.043474655598402023, 0.040262904018163681]}  
-3.993985891342163 -3.257819652557373 -2.8653812408447266 [ 0.05205733  0.01471806  0.60853555  0.15231118  0.11968926  0.24569815
  0.29415992  0.07362565] {'loss': [0.03953016921877861, 0.023374272510409355]}  
-4.9527058601379395 -3.262976884841919 2.9178054332733154 [ 0.02122732  0.05164121  0.61573873  0.45736991  0.18116936  0.1345723
  0.30980613  0.23012357] {'loss': [0.026422599330544472, 0.014313699677586555]}  
-5.858076572418213 -2.9254274368286133 2.901139497756958 [ 0.01833575  0.04273119  0.81113394  0.63781135  0.27674825  0.21761259
  0.25380177  0.19956953] {'loss': [0.012269154191017151, 0.013868456706404686]}  
-6.816652297973633 -2.954552173614502 -2.882044553756714 [ 0.04363341  0.63659609  0.80625927  0.39876361  0.50504077  0.20068302
  0.25416844  0.07022542] {'loss': [0.012046306394040585, 0.017290245741605759]}  
-7.388937950134277 -3.2185475826263428 -2.3820455074310303 [ 0.31425461  0.67380646  0.41399797  0.88767027  0.47471054  0.31437395
  0.16812161  0.01584657] {'loss': [0.0092046726495027542, 0.022244047373533249]}  
-7.367629528045654 -3.199098825454712 -1.9320447444915771 [ 0.59578984  0.5733969   0.75722961  0.72876817  0.27079205  0.26061413
  0.04063636  0.03445281] {'loss': [0.018545350059866905, 0.021495895460247993]}  
-7.373330116271973 -3.885956048965454 -1.4820430278778076 [ 0.44052219  0.51034148  0.87410986  0.36944615  0.44263411  0.187081
  0.01578405  0.25719511] {'loss': [0.020338708534836769, 0.014341240748763084]}  
-7.207520961761475 -4.638370513916016 -1.0320402383804321 [ 0.20020677  0.70546764  0.56057681  0.81455319  0.64725816  0.05533884
  0.0316595   0.25195367] {'loss': [0.029017010703682899, 0.021874796599149704]}  
-7.221658229827881 -4.613475799560547 -0.5820384621620178 [ 0.5261787   0.7338129   0.58643894  0.81785253  0.26332671  0.01559945
  0.18814658  0.26239065] {'loss': [0.024841183796525002, 0.026323828846216202]}  
-6.464266777038574 -4.872293949127197 -0.13203760981559753 [ 0.43138633  0.39305203  1.          0.69433147  0.02128552  0.03163874
  0.23535267  0.15904475] {'loss': [0.019690357148647308, 0.021641107276082039]}  
-5.593949317932129 -4.918398857116699 -0.04870370030403137 [ 0.2643631   0.51728935  1.          0.6287457   0.02002997  0.03332594
  0.2337533   0.12854805] {'loss': [0.01116886455565691, 0.019589906558394432]}  
-4.723008155822754 -4.960847854614258 -0.048702895641326904 [ 0.17640802  0.54162416  1.          0.6583222   0.02275102  0.04182131
  0.22902321  0.12594662] {'loss': [0.013014296069741249, 0.024344630539417267]}  
-3.754692792892456 -4.959590435028076 0.02629801817238331 [ 0.1219815   0.63316015  1.          0.56991247  0.0265263   0.04811393
  0.22914792  0.10862572] {'loss': [0.028350656852126122, 0.028131596744060516]}  
-2.8829996585845947 -4.93666934967041 0.026298822835087776 [ 0.09187156  0.61753759  1.          0.55584865  0.03073656  0.06488823
  0.01531853  0.10982764] {'loss': [0.021378260105848312, 0.025030434131622314]}  
-2.011324644088745 -4.913751602172852 0.02630014717578888 [ 0.07167596  0.6024901   1.          0.54230137  0.03603478  0.09224805
  0.01536209  0.11104937] {'loss': [0.029424568638205528, 0.015202807262539864]}  
-1.1396496295928955 -4.890809059143066 0.02630133368074894 [ 0.05747534  0.58796986  1.          0.52922967  0.04283104  0.1247566
  0.01540588  0.112293  ] {'loss': [0.013226625509560108, 0.015172228217124939]}  
-0.26796919107437134 -4.867866516113281 0.026302337646484375 [ 0.04711191  0.5739683   1.          0.51662459  0.05174832  0.12616221
  0.01544986  0.11355766] {'loss': [0.01653679832816124, 0.019044972956180573]}  
0.6035619378089905 -4.844822406768799 0.02630334347486496 [ 0.03931936  0.56040179  1.          0.50441167  0.06376822  0.12759799
  0.01549422  0.11484961] {'loss': [0.010107405483722687, 0.01183080580085516]}  
1.475239872932434 -4.821879863739014 0.026304351165890694 [ 0.03331077  0.54736788  1.          0.49267767  0.08052295  0.12905202
  0.01553858  0.08576497] {'loss': [0.0080707073211669922, 0.0072787599638104439]}  
2.443767786026001 -4.796388149261475 0.026305466890335083 [ 0.02811873  0.53341173  1.          0.4801136   0.10823467  0.13069689
  0.01558809  0.06000941] {'loss': [0.0072762090712785721, 0.015350005589425564]}  
3.411947011947632 -4.77089786529541 0.02630658634006977 [ 0.02405365  0.51998322  0.98732466  0.46802482  0.15314432  0.13237332
  0.25134558  0.04433173] {'loss': [0.0059916619211435318, 0.0063684112392365932]}  
4.3804802894592285 -4.745406150817871 0.02630770392715931 [ 0.02080929  0.50705511  0.96277488  0.45638657  0.23317216  0.13408227
  0.25458985  0.03407905] {'loss': [0.0045248419046401978, 0.012938158586621284]}  
5.348808765411377 -4.719817161560059 0.026308821514248848 [ 0.01818016  0.49455636  0.93904095  0.44513506  0.39726122  0.18831424
  0.25791022  0.02701295] {'loss': [0.0090621290728449821, 0.0077545377425849438]}  
6.316870212554932 -4.69433069229126 0.026309771463274956 [ 0.0160201   0.48256148  0.91626388  0.43433704  0.82287934  0.39006988
  0.26128227  0.02193784] {'loss': [0.041172228753566742, 0.041282620280981064]}  
7.285412311553955 -4.668838977813721 0.026310667395591736 [ 0.0142225   0.47099556  0.89430114  1.          1.          1.
  0.26472158  0.12548588] {'loss': [0.080056138336658478, 0.089790306985378265]}  
